byte offset: 0
first index: 45987
index count: 5847
topology: trianglelist
format: DXGI_FORMAT_R16_UINT

12643 12644 12645
12643 12645 12646
12646 12645 12647
12646 12647 12648
12649 12648 12647
12650 12651 12652
12650 12652 12653
12653 12652 12654
12653 12654 12655
12655 12654 12656
12655 12656 12657
12658 12659 12660
12658 12660 12661
12662 12663 12664
12662 12664 12665
12665 12664 12666
12665 12666 12667
12668 12669 12670
12668 12670 12671
12672 12673 12674
12672 12674 12675
12676 12668 12671
12676 12671 12677
12678 12679 12680
12678 12680 12681
12682 12683 12684
12682 12684 12685
12686 12687 12688
12686 12688 12689
12690 12691 12692
12690 12692 12693
12694 12695 12696
12694 12696 12697
12698 12699 12700
12698 12700 12701
12702 12703 12704
12702 12704 12705
12706 12707 12699
12706 12699 12698
12708 12709 12703
12708 12703 12702
12710 12711 12687
12710 12687 12686
12701 12700 12709
12701 12709 12708
12712 12713 12691
12712 12691 12690
12714 12715 12716
12714 12716 12717
12718 12719 12720
12718 12720 12721
12722 12705 12704
12723 12724 12725
12723 12725 12726
12727 12728 12729
12727 12729 12730
12731 12732 12733
12731 12733 12734
12735 12736 12732
12735 12732 12731
12737 12738 12739
12737 12739 12740
12741 12742 12743
12741 12743 12744
12724 12723 12745
12724 12745 12746
12747 12721 12720
12748 12749 12750
12748 12750 12751
12752 12753 12754
12752 12754 12755
12729 12728 12756
12729 12756 12757
12743 12742 12713
12743 12713 12712
12696 12715 12714
12696 12714 12697
12685 12684 12719
12685 12719 12718
12739 12758 12759
12739 12759 12740
12760 12761 12762
12760 12762 12763
12764 12765 12766
12764 12766 12767
12768 12769 12770
12768 12770 12771
12772 12773 12765
12772 12765 12764
12774 12775 12776
12774 12776 12777
12778 12779 12780
12778 12780 12781
12782 12783 12784
12782 12784 12785
12781 12780 12786
12781 12786 12787
12788 12789 12790
12788 12790 12791
12792 12793 12794
12792 12794 12795
12796 12797 12798
12796 12798 12799
12800 12801 12802
12800 12802 12803
12804 12805 12806
12804 12806 12807
12808 12809 12810
12808 12810 12811
12812 12813 12814
12815 12816 12817
12818 12819 12820
12818 12820 12821
12822 12823 12824
12825 12817 12816
12826 12827 12828
12826 12828 12829
12830 12831 12805
12808 12820 12819
12808 12819 12809
12832 12815 12833
12832 12833 12834
12835 12818 12821
12835 12821 12836
12837 12823 12838
12837 12838 12839
12840 12841 12842
12840 12842 12843
12844 12845 12846
12847 12848 12849
12847 12849 12850
12851 12852 12853
12851 12853 12854
12855 12856 12857
12855 12857 12858
12859 12860 12861
12859 12861 12862
12863 12840 12843
12863 12843 12864
12865 12848 12847
12865 12847 12846
12833 12818 12835
12833 12835 12834
12817 12819 12818
12817 12818 12833
12809 12819 12817
12809 12817 12825
12825 12866 12810
12825 12810 12809
12821 12837 12839
12821 12839 12836
12820 12867 12837
12820 12837 12821
12868 12867 12820
12868 12820 12808
12869 12870 12871
12869 12871 12872
12849 12855 12858
12849 12858 12850
12838 12840 12863
12823 12840 12838
12873 12874 12875
12873 12875 12876
12877 12878 12843
12877 12843 12842
12879 12878 12880
12879 12880 12881
12804 12813 12882
12804 12882 12830
12814 12813 12804
12837 12867 12831
12837 12831 12823
12883 12870 12884
12883 12884 12885
12867 12868 12805
12867 12805 12831
12886 12887 12851
12886 12851 12854
12888 12815 12889
12889 12815 12832
12889 12832 12890
12865 12845 12832
12865 12832 12834
12848 12865 12834
12848 12834 12835
12849 12848 12835
12849 12835 12836
12855 12849 12839
12855 12839 12838
12855 12838 12856
12891 12892 12893
12861 12860 12894
12861 12894 12895
12830 12824 12831
12896 12824 12830
12896 12830 12882
12897 12898 12899
12900 12854 12853
12900 12853 12901
12902 12903 12904
12902 12904 12905
12859 12862 12906
12859 12906 12907
12908 12909 12910
12898 12911 12912
12913 12914 12915
12913 12915 12916
12886 12854 12900
12886 12900 12917
12857 12918 12919
12857 12919 12858
12920 12921 12889
12920 12889 12890
12816 12922 12825
12923 12810 12866
12924 12811 12810
12924 12810 12923
12925 12870 12869
12925 12869 12926
12870 12925 12927
12870 12927 12884
12806 12928 12929
12806 12929 12930
12930 12929 12931
12930 12931 12932
12933 12932 12931
12933 12931 12934
12873 12935 12874
12823 12841 12840
12804 12830 12805
12936 12937 12938
12936 12938 12939
12906 12940 12941
12906 12941 12907
12900 12942 12943
12900 12943 12917
12944 12945 12946
12862 12861 12887
12862 12887 12886
12862 12886 12917
12862 12917 12906
12943 12940 12906
12943 12906 12917
12853 12852 12947
12853 12947 12948
12949 12942 12900
12949 12900 12901
12950 12951 12881
12950 12881 12880
12877 12952 12953
12864 12843 12878
12864 12878 12879
12954 12861 12895
12954 12895 12955
12882 12813 12956
12896 12882 12956
12896 12956 12957
12958 12959 12803
12958 12803 12802
12910 12960 12961
12910 12961 12908
12846 12845 12865
12962 12963 12964
12815 12817 12833
12839 12849 12836
12965 12954 12955
12965 12955 12966
12838 12863 12894
12894 12863 12864
12894 12864 12895
12895 12864 12879
12895 12879 12955
12955 12879 12881
12955 12881 12966
12951 12967 12966
12951 12966 12881
12968 12969 12967
12968 12967 12951
12970 12968 12951
12970 12951 12950
12971 12972 12973
12971 12973 12974
12975 12957 12976
12975 12976 12977
12957 12956 12978
12979 12980 12981
12979 12981 12982
12828 12827 12983
12828 12983 12984
12985 12986 12987
12985 12987 12988
12933 12985 12988
12933 12988 12989
12985 12933 12934
12990 12991 12992
12990 12992 12993
12973 12972 12965
12973 12965 12966
12994 12995 12979
12994 12979 12982
12975 12996 12896
12975 12896 12957
12896 12996 12822
12896 12822 12824
12824 12823 12831
12897 12899 12909
12898 12997 12899
12898 12912 12997
12998 12959 12958
12999 12985 12934
13000 12962 12964
13000 12964 13001
12979 12976 12978
12979 12978 12980
12976 12979 12995
12976 12995 12977
12829 12956 13002
12986 13003 13004
12986 13004 12987
13005 13006 13007
13005 13007 13008
13009 13010 13011
13007 13006 13012
13007 13012 13013
13014 13015 13016
13014 13016 13017
13011 13010 13018
13011 13018 13019
13012 13020 13021
13012 13021 13022
13023 13024 13025
13023 13025 13026
13027 13028 13029
13027 13029 13030
13031 13032 13033
13034 13035 13036
13034 13036 13037
13038 13039 13040
13041 13042 13028
13041 13028 13027
13043 13041 13027
13043 13027 13044
13045 13043 13044
13045 13044 13046
13047 13045 13046
13047 13046 13048
13049 13035 13034
13050 13051 13052
13037 13036 13038
13037 13038 13040
13053 13009 13015
13053 13015 13054
13055 13022 13010
13010 13022 13021
13010 13021 13056
13027 13017 13044
13046 13011 13019
13046 13019 13048
13046 13044 13016
13046 13016 13011
13057 13058 13059
13057 13059 13060
13061 13062 13063
13061 13063 13064
13065 13066 13067
13065 13067 13068
13069 13070 13071
13070 13057 13060
13070 13060 13071
13072 13073 13074
13072 13074 13075
13076 13077 13078
13076 13078 13079
13061 13064 13080
13081 13082 13062
13081 13062 13061
13083 13053 13054
13083 13054 13084
13039 13085 13040
13086 13087 13088
13086 13088 13089
13085 13039 13087
13085 13087 13086
13090 13065 13068
13090 13068 13091
13062 13086 13089
13062 13089 13063
13082 13085 13086
13082 13086 13062
13092 13040 13085
13092 13085 13082
13029 13037 13040
13029 13040 13092
13028 13034 13037
13028 13037 13029
13042 13049 13034
13042 13034 13028
13092 13082 13081
13092 13081 13051
13081 13093 13052
13081 13052 13051
13061 13094 13093
13061 13093 13081
13095 13096 13097
13095 13097 13089
13098 13099 13100
13091 13068 13063
13091 13063 13089
13067 13064 13063
13067 13063 13068
13096 13101 13102
13096 13102 13097
13103 13084 13054
13103 13054 13104
13015 13014 13104
13015 13104 13054
13030 13029 13051
13029 13092 13051
13105 13106 13107
13105 13107 13108
13103 13109 13084
13110 13111 13112
13013 13012 13022
13013 13022 13055
13030 13113 13014
13030 13014 13017
13017 13016 13044
13027 13030 13017
13114 13115 13103
13114 13103 13116
13117 13116 13103
13117 13103 13104
13108 13107 13118
13108 13118 13119
13120 13025 13024
13120 13024 13121
13113 13117 13104
13113 13104 13014
13122 13020 13006
13020 13012 13006
13115 13107 13106
13115 13106 13109
13118 13107 13115
13118 13115 13114
13084 13123 13023
13124 13005 13008
13124 13008 13125
13126 13127 13128
13129 13130 13131
13132 13133 13134
13132 13134 13128
13135 13136 13137
13130 13129 13128
13138 13139 13140
13141 13131 13142
13141 13142 13143
13144 13145 13135
13127 13126 13146
13147 13148 13149
13147 13149 13126
13150 13151 13152
13150 13152 13153
13154 13155 13151
13154 13151 13150
13141 13143 13156
13145 13144 13157
13146 13149 13158
13159 13160 13139
13140 13139 13160
13149 13148 13161
13130 13162 13131
13134 13163 13164
13134 13164 13130
13165 13166 13167
13168 13169 13170
13168 13170 13171
13164 13153 13172
13164 13172 13162
13163 13150 13153
13163 13153 13164
13162 13172 13173
13174 13175 13168
13174 13168 13138
13176 13154 13150
13176 13150 13163
13133 13176 13163
13133 13163 13134
13177 13178 13151
13177 13151 13155
13178 13179 13152
13178 13152 13151
13180 13165 13173
13172 13181 13180
13181 13172 13153
13181 13153 13152
13182 13181 13152
13182 13152 13179
13180 13183 13184
13185 13186 13187
13188 13166 13189
13181 13182 13183
13181 13183 13180
13190 13182 13179
13190 13179 13191
13192 13189 13193
13194 13195 13189
13196 13197 13195
13198 13183 13182
13198 13182 13190
13199 13200 13201
13199 13201 13202
13203 13196 13194
13192 13204 13205
13206 13207 13208
13209 13198 13210
13211 13212 13213
13184 13183 13198
13184 13198 13212
13178 13214 13191
13178 13191 13179
13211 13206 13212
13193 13184 13206
13193 13166 13165
13215 13213 13216
13217 13218 13216
13216 13218 13219
13220 13221 13222
13223 13220 13222
13205 13223 13224
13224 13225 13203
13226 13227 13228
13223 13229 13224
13222 13229 13223
13230 13222 13231
13221 13232 13231
13233 13234 13235
13204 13220 13205
13220 13236 13237
13237 13236 13238
13239 13233 13235
13207 13234 13233
13196 13195 13194
13195 13197 13188
13167 13166 13240
13138 13168 13171
13241 13234 13207
13241 13207 13206
13129 13131 13242
13188 13189 13195
13184 13193 13165
13196 13243 13197
13130 13164 13162
13223 13205 13220
13244 13245 13246
13244 13246 13247
13248 13249 13250
13251 13252 13253
13250 13247 13246
13253 13252 13249
13253 13249 13248
13249 13247 13250
13254 13255 13232
13232 13255 13256
13257 13132 13127
13257 13127 13258
13257 13259 13133
13257 13133 13132
13258 13127 13260
13197 13261 13262
13197 13262 13188
13197 13263 13261
13197 13243 13263
13264 13265 13266
13264 13266 13243
13225 13267 13264
13225 13227 13268
13176 13133 13259
13176 13259 13269
13269 13270 13154
13269 13154 13176
13271 13177 13155
13271 13155 13154
13271 13154 13270
13225 13268 13267
13272 13273 13177
13274 13275 13276
13277 13278 13279
13277 13279 13280
13281 13282 13283
13284 13277 13280
13284 13280 13285
13286 13287 13282
13288 13289 13290
13288 13290 13291
13292 13293 13294
13295 13296 13297
13298 13299 13300
13301 13291 13290
13301 13290 13302
13294 13293 13303
13296 13304 13305
13296 13305 13297
13306 13300 13299
13307 13297 13308
13309 13310 13285
13309 13285 13280
13291 13309 13288
13305 13286 13282
13305 13282 13297
13295 13311 13296
13290 13312 13313
13290 13289 13312
13300 13306 13314
13315 13316 13317
13287 13318 13315
13319 13320 13321
13322 13323 13324
13322 13324 13325
13322 13326 13327
13322 13327 13323
13326 13328 13327
13329 13330 13331
13332 13333 13334
13332 13334 13335
13336 13337 13335
13338 13336 13335
13338 13335 13334
13334 13339 13340
13334 13340 13338
13331 13330 13341
13335 13337 13342
13343 13344 13345
13346 13347 13344
13346 13344 13343
13348 13327 13328
13349 13323 13327
13349 13327 13348
13350 13324 13323
13350 13323 13349
13351 13319 13352
13347 13346 13353
13347 13353 13354
13355 13356 13357
13355 13357 13358
13355 13358 13359
13360 13361 13362
13363 13364 13365
13366 13367 13368
13366 13368 13369
13370 13371 13372
13373 13372 13374
13373 13374 13375
13376 13377 13378
13376 13378 13379
13380 13381 13382
13380 13382 13383
13384 13385 13386
13384 13386 13387
13388 13389 13390
13391 13392 13393
13394 13395 13396
13394 13396 13397
13398 13399 13400
13363 13401 13364
13402 13403 13404
13405 13406 13407
13408 13409 13410
13408 13410 13411
13412 13413 13414
13412 13414 13415
13415 13414 13416
13417 13418 13419
13417 13419 13420
13421 13422 13423
13421 13423 13424
13425 13426 13427
13425 13427 13428
13429 13430 13431
13429 13431 13432
13433 13434 13435
13433 13435 13436
13389 13384 13387
13389 13387 13390
13424 13423 13437
13424 13437 13425
13438 13439 13440
13441 13442 13443
13444 13445 13446
13447 13448 13449
13447 13449 13450
13451 13452 13453
13451 13453 13454
13455 13374 13456
13390 13375 13374
13390 13374 13455
13387 13400 13375
13387 13375 13390
13398 13400 13387
13381 13457 13458
13381 13458 13382
13459 13460 13461
13462 13463 13464
13462 13464 13465
13465 13464 13466
13465 13466 13467
13467 13466 13468
13467 13468 13469
13470 13471 13472
13473 13474 13475
13476 13477 13478
13479 13480 13481
13482 13483 13484
13485 13486 13487
13485 13377 13376
13488 13489 13490
13488 13490 13491
13492 13493 13494
13492 13494 13495
13496 13497 13498
13496 13498 13499
13500 13488 13491
13500 13491 13501
13502 13500 13501
13502 13501 13503
13504 13505 13506
13504 13506 13507
13508 13502 13503
13508 13503 13509
13459 13510 13511
13512 13513 13514
13512 13514 13515
13516 13517 13518
13516 13518 13519
13519 13518 13520
13519 13520 13521
13522 13523 13524
13522 13524 13525
13526 13527 13528
13276 13529 13274
13530 13531 13529
13530 13529 13276
13400 13318 13532
13421 13533 13534
13421 13534 13422
13518 13386 13385
13518 13385 13520
13517 13398 13386
13517 13386 13518
13399 13398 13517
13399 13517 13535
13536 13537 13538
13536 13538 13539
13449 13540 13541
13449 13541 13542
13443 13543 13544
13443 13544 13545
13360 13546 13361
13315 13317 13283
13547 13277 13284
13318 13316 13315
13548 13549 13329
13321 13550 13551
13321 13551 13352
13552 13550 13321
13552 13321 13553
13453 13450 13553
13452 13447 13450
13452 13450 13453
13554 13555 13556
13557 13558 13559
13560 13550 13552
13560 13552 13561
13551 13550 13560
13551 13560 13562
13548 13563 13564
13548 13564 13556
13565 13566 13339
13567 13568 13569
13324 13560 13561
13324 13561 13325
13562 13560 13324
13562 13324 13350
13564 13340 13339
13564 13339 13556
13368 13367 13570
13368 13570 13571
13411 13410 13572
13411 13572 13573
13541 13540 13574
13541 13574 13575
13540 13576 13577
13540 13577 13574
13578 13579 13580
13578 13580 13581
13367 13581 13580
13367 13580 13570
13369 13365 13364
13369 13364 13366
13407 13406 13409
13407 13409 13408
13543 13361 13546
13543 13546 13544
13582 13362 13361
13582 13361 13543
13583 13584 13585
13480 13586 13481
13401 13587 13397
13588 13589 13590
13591 13592 13593
13591 13593 13594
13595 13596 13592
13595 13592 13591
13597 13598 13599
13597 13599 13600
13601 13602 13603
13601 13603 13604
13605 13606 13607
13605 13607 13608
13609 13610 13611
13609 13611 13612
13613 13614 13610
13613 13610 13609
13615 13616 13617
13615 13617 13618
13619 13620 13621
13619 13621 13622
13622 13621 13623
13622 13623 13624
13624 13623 13625
13624 13625 13626
13627 13628 13629
13627 13629 13630
13631 13632 13633
13631 13633 13634
13635 13636 13637
13635 13637 13638
13639 13640 13641
13639 13641 13642
13643 13644 13645
13643 13645 13646
13610 13614 13647
13610 13647 13648
13611 13610 13648
13611 13648 13649
13650 13611 13649
13650 13649 13651
13652 13650 13651
13652 13651 13653
13654 13655 13656
13657 13654 13658
13659 13657 13658
13659 13658 13660
13661 13662 13663
13664 13665 13666
13664 13666 13667
13668 13669 13670
13614 13668 13670
13614 13670 13647
13671 13672 13673
13671 13673 13641
13667 13666 13674
13667 13674 13675
13676 13677 13672
13676 13672 13671
13678 13679 13677
13678 13677 13676
13675 13674 13680
13675 13680 13681
13682 13669 13683
13682 13683 13684
13685 13594 13686
13687 13620 13619
13687 13619 13688
13662 13659 13660
13662 13660 13663
13689 13670 13682
13689 13682 13690
13647 13670 13689
13647 13689 13691
13692 13693 13694
13692 13694 13695
13695 13694 13696
13695 13696 13697
13649 13648 13698
13649 13698 13699
13651 13649 13699
13651 13699 13700
13653 13651 13700
13653 13700 13701
13702 13653 13701
13703 13704 13705
13703 13705 13706
13707 13708 13709
13710 13711 13712
13713 13706 13705
13713 13705 13714
13715 13712 13711
13715 13711 13716
13717 13718 13719
13717 13719 13693
13682 13720 13690
13721 13713 13722
13715 13716 13723
13715 13723 13724
13725 13726 13727
13682 13684 13720
13728 13729 13730
13728 13730 13731
13732 13733 13734
13732 13734 13735
13736 13737 13738
13739 13728 13731
13739 13731 13740
13741 13732 13735
13741 13735 13742
13743 13744 13745
13743 13745 13738
13746 13747 13748
13749 13750 13746
13751 13752 13753
13751 13753 13754
13755 13756 13757
13755 13757 13758
13759 13760 13761
13762 13763 13764
13762 13764 13765
13766 13767 13768
13766 13768 13769
13770 13771 13772
13773 13774 13775
13750 13776 13777
13752 13778 13779
13780 13781 13782
13780 13782 13761
13783 13784 13785
13783 13785 13786
13787 13788 13789
13787 13789 13790
13791 13792 13793
13791 13793 13794
13795 13796 13797
13748 13798 13799
13800 13801 13802
13803 13804 13805
13803 13805 13806
13807 13808 13809
13804 13810 13805
13808 13811 13809
13812 13813 13814
13815 13816 13817
13815 13817 13818
13819 13820 13821
13819 13821 13822
13823 13783 13786
13823 13786 13824
13825 13787 13790
13825 13790 13826
13827 13793 13828
13737 13829 13743
13737 13743 13738
13745 13736 13738
13771 13830 13831
13771 13831 13772
13793 13827 13794
13820 13832 13821
13793 13792 13833
13793 13833 13828
13834 13779 13835
13754 13753 13836
13754 13836 13837
13755 13838 13839
13755 13839 13756
13840 13841 13782
13840 13782 13781
13842 13843 13844
13842 13844 13845
13846 13847 13848
13846 13848 13849
13761 13850 13851
13761 13851 13780
13852 13853 13854
13852 13854 13855
13856 13857 13858
13856 13858 13859
13860 13861 13862
13860 13862 13863
13864 13865 13866
13864 13866 13867
13852 13855 13868
13852 13868 13869
13790 13789 13784
13790 13784 13783
13826 13790 13783
13826 13783 13823
13767 13762 13765
13767 13765 13768
13735 13734 13729
13735 13729 13728
13742 13735 13728
13742 13728 13739
13813 13812 13815
13813 13815 13818
13870 13871 13788
13870 13788 13787
13872 13873 13874
13872 13874 13817
13875 13732 13741
13875 13741 13876
13877 13733 13732
13877 13732 13875
13878 13879 13766
13878 13766 13769
13870 13787 13825
13870 13825 13880
13792 13870 13880
13792 13880 13833
13871 13870 13792
13871 13792 13791
13881 13819 13822
13881 13822 13882
13875 13876 13744
13875 13744 13743
13829 13877 13875
13829 13875 13743
13831 13830 13879
13831 13879 13878
13883 13759 13782
13884 13885 13886
13884 13886 13887
13888 13889 13885
13888 13885 13884
13890 13891 13892
13837 13836 13749
13776 13750 13836
13598 13603 13893
13604 13603 13598
13604 13598 13597
13625 13628 13627
13625 13627 13626
13894 13840 13778
13894 13778 13895
13896 13895 13752
13896 13752 13751
13726 13707 13897
13698 13648 13647
13696 13898 13899
13696 13899 13900
13901 13850 13760
13902 13842 13845
13902 13845 13903
13855 13854 13850
13904 13905 13906
13904 13906 13907
13862 13847 13846
13862 13846 13908
13861 13909 13847
13861 13847 13862
13866 13902 13903
13866 13903 13910
13855 13850 13901
13855 13901 13868
13847 13909 13911
13847 13911 13848
13684 13683 13912
13913 13914 13915
13913 13915 13683
13916 13917 13679
13916 13679 13678
13918 13919 13920
13918 13920 13921
13922 13722 13923
13722 13922 13721
13718 13924 13719
13720 13725 13925
13720 13925 13926
13684 13927 13725
13684 13725 13720
13912 13927 13684
13707 13709 13897
13928 13929 13930
13454 13453 13553
13454 13553 13320
13931 13932 13933
13416 13934 13935
13931 13568 13932
13416 13935 13415
13558 13568 13559
13414 13936 13416
13485 13376 13486
13746 13750 13747
13773 13937 13774
13759 13761 13782
13760 13850 13761
13895 13778 13752
13814 13813 13938
13850 13854 13851
13836 13939 13776
13940 13941 13942
13943 13944 13945
13946 13616 13615
13795 13797 13947
13948 13949 13950
13951 13952 13953
13485 13487 13954
13473 13478 13474
13476 13478 13473
13955 13956 13957
13958 13959 13960
13961 13795 13947
13670 13669 13682
13719 13924 13723
13962 13373 13375
13963 13549 13555
13315 13282 13287
13283 13282 13315
13296 13311 13314
13290 13313 13302
13295 13297 13307
13548 13329 13563
13563 13329 13331
13556 13555 13548
13555 13549 13548
13964 13316 13318
13965 13316 13964
13690 13720 13926
13912 13683 13915
13966 13967 13968
13482 13584 13483
13585 13584 13482
13969 13586 13970
13429 13971 13972
13429 13972 13430
13567 13569 13973
13569 13568 13558
13556 13566 13554
13556 13339 13566
13334 13333 13339
13345 13567 13973
13345 13344 13567
13339 13333 13565
13335 13342 13974
13372 13371 13374
13454 13975 13451
13553 13450 13976
13321 13320 13553
13352 13319 13321
13925 13977 13897
13722 13713 13714
13978 13457 13461
13978 13461 13979
13459 13461 13510
13980 13981 13982
13314 13983 13300
13314 13306 13304
13314 13304 13296
13300 13983 13298
13332 13335 13974
13314 13311 13983
13294 13303 13984
13294 13984 13312
13313 13312 13984
13312 13292 13294
13312 13289 13292
13291 13301 13310
13291 13310 13309
13308 13282 13281
13308 13297 13282
13279 13309 13280
13288 13309 13279
13658 13654 13656
13656 13655 13702
13655 13653 13702
13698 13647 13691
13985 13986 13987
13988 13989 13986
13989 13988 13990
13990 13988 13991
13988 13992 13991
13993 13994 13995
13996 13997 13991
13998 13996 13999
14000 13992 13993
14001 13995 14002
14003 14004 14002
14005 14006 14007
14008 14009 14010
14003 14007 14004
14005 14008 14010
14005 14010 14006
13995 14001 14000
13995 14003 14002
14003 14005 14007
13991 13992 13996
13996 13992 14000
13996 14000 13999
13987 13986 13989
14000 13993 13995
14011 13359 14012
13517 13516 14013
13964 14014 13965
13863 13862 13908
13863 13908 14015
13731 13863 14015
13731 14015 13740
13814 13938 13857
13814 13857 13856
13786 13785 13853
13786 13853 13852
13786 13852 13869
13786 13869 13824
13764 13763 13865
13764 13865 13864
13730 13860 13863
13730 13863 13731
14016 14017 14018
14016 14018 14019
14020 14021 14022
14020 14022 14023
14024 14025 14026
14027 12952 14028
14027 14028 14029
12950 12880 12953
12950 12953 14030
13066 14031 14032
13066 14032 13067
13080 13064 13067
13080 13067 14032
12950 14030 14033
12950 14033 12970
14034 12659 12658
14034 12658 14035
14036 14034 14035
14036 14035 14037
14038 14039 14040
14038 14040 14041
14042 14043 14044
13188 13262 14045
13240 14046 14047
13240 14047 14048
13143 14049 13156
13144 14050 13157
13145 13157 14051
13149 13161 13158
13146 13158 14052
13213 13212 14053
13272 13177 13271
13220 13204 13236
12911 12905 12912
12905 12904 12912
14054 13210 14055
13131 13141 13242
13138 13171 13139
13180 13184 13165
12908 12897 12909
12988 14056 12989
12987 14057 14056
12987 14056 12988
13004 14058 14057
13004 14057 12987
14059 12678 12681
14059 12681 14060
13008 14061 14062
13008 14062 13125
13007 14063 14061
13007 14061 13008
13013 14064 14063
13013 14063 13007
12829 12978 12956
12829 12828 14065
12829 14065 12978
14065 12828 12984
14065 12984 14066
12755 12754 14067
12755 14067 14068
13024 14069 14070
13024 14070 13121
13023 13123 14069
13023 14069 13024
12826 12829 13002
13026 13083 13023
13083 13084 13023
12976 12957 12978
13103 13115 13109
14071 14072 14073
14071 14073 14074
14075 14076 14077
14075 14077 14078
14079 14080 14081
14079 14081 14082
14076 14083 14084
14076 14084 14077
14080 13122 13006
14080 13006 14081
14085 14086 14087
14085 14087 14088
12985 12999 12990
12985 12990 12993
14089 12989 14056
13111 13110 14090
13111 14090 14091
14092 14091 14090
14092 14090 14093
12932 12933 12989
12932 12989 12814
12930 12814 12804
12930 12932 12814
13053 14094 14064
13053 13055 13009
13016 13015 13009
13016 13009 13011
13055 13010 13009
13013 13055 14064
13055 13053 14064
12801 12800 14095
12989 12812 12814
13400 13399 13318
13399 13535 13964
13535 14014 13964
13535 14096 14097
13535 14097 14014
14096 14098 14099
14096 14099 14097
13359 13358 14100
13359 14100 14101
14102 14103 14104
14102 14104 14105
14106 14107 14108
14106 14108 14109
14107 14110 14111
14107 14111 14108
13318 13399 13964
13398 13387 13386
12889 12921 14112
14016 13803 13806
14016 13806 14017
13796 13795 14113
14020 14019 14018
14020 14018 14021
12815 12888 12816
13750 13777 13747
12825 12922 12866
14023 14022 14114
14023 14114 14115
13930 14116 14117
14118 13956 13955
13146 13126 13149
13129 13126 13128
13128 13127 13132
13130 13128 13134
13228 13227 13225
13244 13229 14119
13229 13222 14120
13200 14121 13201
13203 13194 13205
14122 13186 14123
13205 13224 13203
13192 13205 13194
13206 13208 13192
13192 13193 13206
13206 13184 13212
13172 13180 13173
13175 13169 13168
13474 14124 13475
14124 14125 14126
14125 14127 14128
14129 13178 13177
14130 14131 14132
14129 14132 13178
14133 14134 14135
14136 14137 14138
14136 14138 13191
14129 13177 13273
13215 13216 13219
13216 13213 13217
13191 13214 14136
14139 14134 14140
14141 14139 14140
14142 13214 14143
13232 13237 13254
13231 13232 13256
13231 13222 13221
14144 14145 13190
14144 13190 13191
13210 14054 14146
14147 13210 13190
14055 13210 14147
13213 14148 13217
13210 13198 13190
14149 14150 14151
14151 13211 13215
13241 14152 13234
14153 14152 13241
13215 13211 13213
14154 14119 14155
14155 14119 13229
14119 14154 13245
13237 13238 13254
13264 13267 13265
13191 14156 14144
14138 14137 14157
14156 14158 14144
14134 14139 14135
14139 14141 14135
13178 14132 14134
14130 14132 14129
14159 14160 14161
14159 14161 14162
14163 14164 14165
13511 13510 14166
13590 13589 14167
14163 14168 14164
14169 13260 13146
14169 13146 14052
13260 13127 13146
12890 12832 12845
12890 12845 12963
12890 12963 14170
12890 14170 12920
14170 12963 12962
12888 12889 14112
14171 13260 14172
13260 14171 13258
13001 12964 12844
13001 12844 14173
12964 12963 12845
12964 12845 12844
13228 13225 13224
13229 13230 14155
13748 13747 13798
13749 13836 13750
14172 13260 14169
14174 14175 14176
14174 14176 14177
14178 13463 13459
14178 13459 13511
13463 13462 13459
14179 14180 14181
14179 14181 14182
14183 14184 14185
14183 14185 14186
14187 13508 14188
14187 14188 14189
14190 14191 14192
14190 14192 14193
14177 13419 13418
14177 13418 14174
14110 14194 13982
13381 13510 13461
13381 13461 13457
14111 14110 13982
14166 13510 13381
14166 13381 13380
13383 13382 13519
13383 13519 13521
13382 13458 13516
13382 13516 13519
13515 13514 13417
13515 13417 13420
14195 13458 13457
14195 13457 13978
13263 13243 13266
14046 13240 14045
13240 13166 13188
13171 14196 13139
14045 13240 13188
13224 13229 13228
13229 13244 13228
13244 13226 13228
13244 13247 13226
13247 14197 13226
13247 13249 14198
13247 14198 14197
13249 13252 14199
13249 14199 14198
13252 13251 14199
13244 14119 13245
14200 13378 13377
14201 14202 13378
13239 13207 13233
13581 13367 13396
13401 13397 13366
13401 13366 13364
14203 14204 14205
14203 14205 14206
14207 13428 13427
14207 13427 14208
14209 14210 14211
14209 14211 14212
14213 14214 14215
14216 14217 14218
14216 14218 14219
14220 14221 14222
14220 14222 14223
14219 14218 14224
14225 14212 14211
14225 14211 14226
14209 14227 14214
14209 14214 14210
14203 14228 14229
14203 14229 14204
14230 14231 14232
14230 14232 14233
14234 14222 14221
14223 14232 14231
14223 14231 14220
14214 14227 14215
14229 14228 14230
14229 14230 14233
14235 14205 14236
14235 14236 14237
14204 14229 14238
14204 14238 14239
14229 14233 14240
14229 14240 14238
14233 14232 14241
14233 14241 14240
14232 14223 14242
14232 14242 14241
14223 14222 14243
14223 14243 14242
14222 14234 14243
14244 14245 14246
14247 14248 14245
14247 14245 14244
14249 14250 14248
14249 14248 14247
14251 14252 14250
14251 14250 14249
14253 14254 14252
14253 14252 14251
14255 14256 14254
14255 14254 14253
13389 13388 14257
13388 13390 13455
14258 14245 14248
14258 14248 14259
14260 14261 14262
14260 14262 14263
14263 14262 14264
14263 14264 14265
14265 14264 14266
14265 14266 14267
14268 14269 14270
14268 14270 14271
14272 14273 14274
14246 14245 14258
13370 13571 13570
13370 13570 13371
13573 13572 13413
13573 13413 13412
13545 13575 13574
13545 13574 13443
13443 13574 13577
13443 13577 13441
14275 13580 13579
14275 13579 14276
13570 13580 14275
13570 14275 13371
14277 14278 14279
14277 14279 14280
13581 13396 13395
13581 13395 13578
13585 13432 13431
13585 13431 13583
13543 13442 13582
13443 13442 13543
13396 13366 13397
13396 13367 13366
14281 14282 14283
14281 14283 14284
14285 14206 14205
14285 14205 14235
14215 14207 14208
14215 14208 14213
14236 14205 14204
14236 14204 14239
13449 14286 13540
14286 13449 13448
13456 13371 14275
13456 13374 13371
14287 14288 14289
14290 14273 14272
14291 14292 14293
14291 14293 14294
14291 14294 14295
14291 14295 14296
14295 14297 14298
14294 14299 14297
14294 14297 14295
14293 14300 14299
14293 14299 14294
14296 14295 14298
14301 14302 14303
14301 14304 14302
14305 14306 14307
14308 14302 14306
14308 14306 14305
14302 14308 14309
14302 14309 14310
14306 14304 14311
14312 14313 14314
14315 14312 14314
14316 14317 14318
14319 14316 14318
14319 14318 14320
14321 14319 14320
14321 14320 14322
14315 14323 14324
14325 14326 14327
14328 14329 14326
14330 14331 14332
14333 13714 14334
14335 14336 14325
14337 14338 14339
14331 14340 14341
14331 14341 14332
14326 14336 14342
14326 14342 14328
14343 14310 14344
14345 14346 14347
14293 14292 14348
14293 14348 13704
13704 13703 14300
13704 14300 14293
14340 14321 14322
14340 14322 14341
14336 14344 14310
13704 14348 14334
13704 14334 13705
14338 14349 14339
14350 14351 14352
14351 14337 14339
14325 14336 14326
14327 14326 14353
14353 14326 14354
14345 14347 14337
14336 14310 14309
14344 14336 14335
14337 14347 14338
14345 14313 14346
14314 14313 14345
14310 14303 14302
14303 14310 14343
14306 14311 14307
14324 14323 14355
14302 14304 14306
14315 14314 14323
14336 14309 14342
14334 13714 13705
14356 14357 14358
14356 14358 14359
14360 14361 14362
14363 14364 14365
14363 14365 14366
14367 14362 14368
14369 14370 14371
14369 14371 14372
14373 14374 14375
14376 14377 14378
14379 14380 14381
14382 14383 14384
14382 14384 14385
14374 14386 14375
14378 14377 14387
14378 14387 14388
14389 14381 14380
14390 14391 14377
14392 14365 14364
14392 14364 14393
14370 14369 14394
14387 14377 14362
14387 14362 14367
14376 14378 14395
14384 14396 14397
14371 14398 14372
14380 14399 14389
14400 14401 14402
14368 14400 14403
14404 14405 14406
14353 14329 14407
14329 14408 14407
14409 14410 14411
14412 14413 14414
14415 14416 14417
14415 14417 14418
14419 14420 14421
14422 14423 14424
14422 14424 14420
14425 14426 13915
14425 13915 13914
14427 14428 14429
14430 14431 14432
14433 14434 14435
14433 14435 14436
13912 14437 13927
14412 14414 14438
14439 14440 14441
14442 14443 14444
14442 14444 14445
14446 14447 14448
14446 14448 14449
14447 14450 14448
13916 14451 14452
13916 14452 13917
14453 14454 14455
14453 14455 14456
14457 14458 14459
14457 14459 14460
14429 14428 14426
14429 14426 14425
14451 14461 14452
14462 14463 14464
14465 14466 14467
14468 14469 14470
14471 14472 14473
14471 14473 14474
14475 14476 14477
14475 14477 14478
14479 14480 14424
14428 14479 14424
14428 14424 14423
14426 14428 14423
14426 14423 14437
13912 14426 14437
14481 14482 14483
14484 14485 14486
14437 14487 14488
14489 14490 14491
14489 14491 14492
14493 14494 14473
14493 14473 14495
14466 14496 14497
14466 14497 14498
14409 14411 14499
14400 14361 14401
14500 14363 14366
14403 14400 14402
14477 14501 14472
14502 14503 14504
14502 14504 14505
14506 14418 14417
14506 14417 14507
14443 14508 14509
14443 14509 14444
14510 14494 14493
14510 14493 14511
14512 14513 14494
14512 14494 14510
14514 14515 14516
14514 14516 14517
14418 14506 14518
14418 14518 14519
14416 14415 14414
14416 14414 14413
14440 14442 14445
14440 14445 14441
14498 14497 14499
14498 14499 14411
14520 14498 14411
14520 14411 14410
14521 14522 14523
14483 14482 14524
14438 14434 14525
14476 14406 14526
14476 14526 14477
14527 14528 14529
14527 14530 14528
14448 14450 14531
14532 14423 14422
14533 14534 14535
14400 14368 14362
14361 14400 14362
14378 14399 14395
14384 14383 14396
14376 14390 14377
14484 14486 14523
14522 14484 14523
14536 14537 14524
14457 14460 14538
14457 14538 14539
14420 14424 14421
14501 14540 14472
14405 14526 14406
14399 14380 14541
14399 14388 14542
14399 14378 14388
14380 14379 14541
14399 14541 14395
14374 14397 14543
14374 14543 14386
14544 14543 14397
14397 14374 14373
14545 14546 14547
14385 14392 14393
14385 14393 14382
14391 14360 14362
14391 14362 14377
14548 14549 14394
14369 14548 14394
14437 14488 13927
13927 14403 14402
13927 14402 13725
13912 13915 14426
14519 14435 14418
14438 14414 14415
14438 14415 14434
14550 14551 14552
14550 14552 14553
14554 14555 14556
14554 14556 14557
14558 14559 14560
14558 14560 14561
14562 14563 14564
14565 14566 14567
14565 14567 14568
14569 14570 14571
14569 14571 14572
14573 14574 14575
14560 14559 14567
14560 14567 14566
14558 14561 14564
14558 14564 14576
14552 14551 14577
14552 14577 14578
14579 14580 14581
14579 14581 14582
14583 14570 14569
14582 14581 14572
14582 14572 14571
14564 14563 14576
14577 14580 14579
14577 14579 14578
14584 14585 14586
14584 14586 14550
14551 14587 14588
14577 14588 14589
14577 14589 14580
14580 14589 14590
14580 14590 14581
14581 14590 14591
14581 14591 14572
14572 14591 14592
14572 14592 14569
14569 14592 14583
14593 14594 14595
14596 14593 14595
14596 14595 14597
14598 14596 14597
14598 14597 14599
14600 14598 14599
14600 14599 14601
14602 14600 14601
14602 14601 14603
14604 14602 14603
14604 14603 14605
14606 14607 14608
14427 14479 14428
14609 14610 14611
14609 14611 14612
14613 14609 14612
14613 14612 14614
14615 14613 14614
14615 14614 14616
14617 14615 14616
14617 14616 14618
14619 14620 14621
14619 14621 14622
14619 14623 14624
14594 14625 14595
14506 14507 14419
14506 14419 14421
14508 14446 14449
14508 14449 14509
14510 14511 14496
14510 14496 14466
14512 14510 14466
14512 14466 14465
14517 14516 14626
14517 14626 14627
14506 14421 14628
14506 14628 14518
14629 14630 14631
14629 14631 14632
14436 14435 14519
14436 14519 14633
14459 14458 14522
14459 14522 14521
14498 14520 14467
14466 14498 14467
14435 14434 14415
14435 14415 14418
14634 14635 14636
14634 14636 14637
14550 14553 14638
14550 14638 14584
14557 14556 14563
14557 14563 14562
14586 14587 14551
14586 14551 14550
14473 14494 14639
14639 14474 14473
14480 14640 14641
14480 14421 14424
14642 14643 14644
14645 14619 14624
14452 14461 14646
13922 13923 13918
13918 13923 13919
14551 14588 14577
12776 14647 14648
12776 14648 12777
12946 14649 14650
14651 14652 14653
14654 14655 14656
14654 14656 14657
14649 12946 12901
12946 12945 12949
12946 12949 12901
14658 13073 13072
14658 13072 14655
14659 12948 12947
14659 12947 14660
14661 14662 14663
14661 14663 14664
14665 14666 14667
14665 14667 14668
14669 14670 14671
14669 14671 14672
14673 14674 14675
14673 14675 14676
12853 14649 12901
12946 14650 12944
12877 12953 12878
12878 12953 12880
12956 12813 13002
14677 14678 14679
14677 14679 14680
13061 13080 13094
13094 13080 13077
14681 12792 12795
14681 12795 14682
14683 14684 12799
14683 12799 12798
14655 13058 14658
14655 13059 13058
14672 14671 14685
14672 14685 14686
14676 14687 14688
14676 14688 14673
