byte offset: 0
first index: 0
index count: 5514
topology: trianglelist
format: DXGI_FORMAT_R16_UINT

0 1 2
0 2 3
4 3 2
4 5 3
6 5 4
5 6 7
6 8 7
8 9 7
10 9 8
11 9 10
12 11 10
13 12 10
13 14 12
14 13 15
16 14 15
17 16 15
16 17 18
19 17 15
20 18 17
17 19 20
21 22 23
21 23 24
25 21 24
24 23 26
27 25 24
28 25 27
29 24 26
29 26 30
29 31 24
31 27 24
32 29 30
32 31 29
32 30 33
27 34 28
34 35 28
35 34 36
27 31 37
34 27 37
31 32 38
38 32 33
37 31 38
34 39 36
39 34 37
40 36 39
40 39 41
42 40 41
41 43 42
44 39 37
44 37 38
41 39 44
45 38 33
45 44 38
46 45 33
47 44 45
45 46 47
47 41 44
46 48 47
47 48 41
48 49 41
49 43 41
50 43 49
43 50 51
50 52 51
53 54 55
53 56 54
57 56 53
54 56 58
59 56 57
60 59 57
56 61 58
58 61 62
63 61 56
59 63 56
61 64 62
64 61 63
64 65 62
59 60 66
60 67 66
66 67 68
69 63 59
66 69 59
63 70 64
70 65 64
69 70 63
71 66 68
69 66 71
72 71 68
72 73 71
74 73 72
73 74 75
76 69 71
76 70 69
71 73 76
77 65 70
77 70 76
78 65 77
79 77 76
78 77 79
73 79 76
80 78 79
80 79 73
81 80 73
81 73 75
82 81 75
75 83 82
82 83 84
85 86 87
88 85 87
87 89 88
90 85 88
85 90 91
89 92 88
89 93 92
93 94 92
95 90 88
95 88 92
92 94 96
94 97 96
95 92 98
92 96 98
99 90 95
98 99 95
96 97 100
96 100 101
98 96 101
97 102 100
101 103 98
103 99 98
97 104 102
104 105 102
106 105 104
103 107 99
107 108 99
99 108 90
107 109 108
108 110 90
90 110 91
109 111 108
108 111 110
109 112 111
110 113 91
111 113 110
113 114 91
112 115 111
111 115 113
115 112 116
113 117 114
115 117 113
118 115 116
115 118 117
117 119 114
119 120 114
118 116 121
116 122 121
118 121 123
118 124 117
124 118 123
119 117 124
123 125 124
126 120 119
126 119 124
125 126 124
127 120 126
128 126 125
128 127 126
129 127 128
130 131 132
133 130 132
134 130 133
133 132 135
135 132 136
137 134 133
138 134 137
139 138 137
140 133 135
140 137 133
139 137 141
142 139 141
137 140 143
141 137 143
140 135 144
143 140 144
142 141 145
146 142 145
145 141 147
141 143 147
142 146 148
146 149 148
150 148 149
147 143 151
143 144 151
151 144 152
144 153 152
144 135 153
154 152 153
135 155 153
155 135 136
156 154 153
153 155 156
157 154 156
158 155 136
155 158 156
159 158 136
160 157 156
156 158 160
161 157 160
162 158 159
158 162 160
163 161 160
160 162 163
164 162 159
164 159 165
163 166 161
166 167 161
166 163 168
162 169 163
163 169 168
162 164 169
170 168 169
171 164 165
164 171 169
171 170 169
172 171 165
173 170 171
173 171 172
174 173 172
175 176 177
178 175 177
179 175 178
178 177 180
177 181 180
180 181 182
182 181 183
184 179 178
178 180 185
184 178 185
184 186 179
184 185 186
186 187 179
185 180 188
188 180 182
187 186 189
187 189 190
190 189 191
185 192 186
192 185 188
193 192 188
189 194 191
191 194 195
186 196 189
192 196 186
194 189 196
188 182 197
193 188 197
194 198 195
195 198 199
192 200 196
200 192 193
198 201 199
199 201 202
201 203 202
203 204 202
205 204 203
206 204 205
203 207 205
208 203 201
203 208 207
209 201 198
209 208 201
208 210 207
207 210 211
212 209 198
212 198 194
209 213 208
213 210 208
213 209 212
214 212 194
214 194 196
215 212 214
215 213 212
216 214 196
216 215 214
200 216 196
216 200 217
217 200 193
216 218 215
218 216 217
215 219 213
218 219 215
213 220 210
219 220 213
217 221 218
221 217 193
221 222 218
218 222 219
222 223 219
223 224 219
224 220 219
221 193 225
220 226 210
220 224 226
224 227 226
211 210 226
228 226 227
211 226 228
229 211 228
193 230 225
230 231 225
230 193 197
231 230 197
225 231 232
197 233 231
197 182 233
182 234 233
234 182 183
235 234 183
236 235 183
233 234 237
234 235 237
237 238 233
239 235 236
240 239 236
240 241 239
241 242 239
242 243 239
235 239 244
243 244 239
237 235 244
244 243 245
237 244 246
246 244 245
238 237 246
246 245 247
245 248 247
248 249 247
238 250 233
233 250 231
249 251 247
251 249 252
253 251 252
253 252 254
247 251 255
255 251 253
256 253 254
256 257 253
254 258 256
258 259 256
258 260 259
256 261 257
256 259 261
261 262 257
231 250 263
231 263 264
231 264 232
264 265 232
232 265 266
263 267 264
265 264 267
265 268 266
269 266 268
268 270 269
269 270 271
268 265 272
268 272 270
273 265 267
265 273 272
274 272 273
273 267 275
263 275 267
274 273 275
270 276 271
271 276 277
270 272 278
278 272 274
270 278 279
276 270 279
280 276 279
276 281 277
276 280 281
277 281 282
279 278 283
278 274 283
280 279 283
281 284 282
282 284 285
280 286 281
284 281 286
287 286 280
284 288 285
285 288 289
290 284 286
284 290 288
288 291 289
289 291 292
286 287 293
290 286 293
290 294 288
288 294 291
291 295 292
296 292 295
297 294 290
293 297 290
294 298 291
295 291 298
294 297 298
299 293 287
299 300 293
300 297 293
301 299 287
300 302 297
303 301 287
302 304 297
297 304 298
302 305 304
306 298 304
306 295 298
305 307 304
307 306 304
305 308 307
306 309 295
309 306 307
309 310 295
310 296 295
310 311 296
311 312 296
311 313 312
313 314 312
314 313 315
316 309 307
308 316 307
316 317 309
316 308 318
318 317 316
318 319 317
308 320 318
319 318 321
318 320 321
320 322 321
321 322 323
324 325 326
327 324 326
324 327 328
327 326 329
327 330 328
331 328 330
332 331 330
331 332 333
327 334 330
330 334 332
335 327 329
335 334 327
336 335 329
337 336 329
336 337 338
335 339 334
336 339 335
334 340 332
334 339 340
332 341 333
332 340 341
341 342 333
342 343 333
340 344 341
342 341 344
343 342 345
346 343 345
347 336 338
347 338 348
349 347 348
347 349 350
349 351 350
352 336 347
350 352 347
353 350 351
354 353 351
342 344 355
345 342 355
346 345 356
357 346 356
336 352 358
358 339 336
352 350 359
350 353 359
353 354 360
354 361 360
362 345 355
345 362 356
356 363 357
363 364 357
352 359 365
352 365 358
359 353 366
353 360 366
360 361 367
361 368 367
359 369 365
359 366 369
370 366 360
367 370 360
367 368 371
368 372 371
358 365 373
373 365 369
366 374 369
374 366 370
375 373 369
375 369 374
376 358 373
376 373 375
370 367 377
367 371 377
371 372 378
372 379 378
376 380 358
339 358 380
377 371 381
371 378 381
382 378 379
383 382 379
382 383 384
385 381 378
382 385 378
377 381 386
386 381 385
387 382 384
385 382 387
388 339 380
339 388 340
340 388 344
388 389 344
388 380 389
344 389 355
380 390 389
390 380 376
389 391 355
389 390 391
362 355 391
387 384 392
384 393 392
392 393 394
395 394 393
392 396 387
392 394 396
394 395 397
395 398 397
397 398 399
397 400 394
400 396 394
401 397 399
397 401 400
401 399 402
396 403 387
403 385 387
400 404 396
403 396 404
405 385 403
405 386 385
386 405 406
407 405 403
407 403 404
408 401 402
408 402 409
401 410 400
404 400 410
410 401 411
401 408 411
411 404 410
412 408 409
408 412 411
409 413 412
413 414 412
404 411 415
412 415 411
407 404 415
415 412 414
416 405 407
405 416 406
417 407 415
417 415 414
417 416 407
417 414 416
414 418 416
416 418 406
418 419 406
420 406 419
421 406 420
421 422 406
422 386 406
422 377 386
370 377 422
423 370 422
423 422 421
423 374 370
420 424 421
424 423 421
374 423 425
425 375 374
420 426 424
426 420 427
428 426 427
426 428 424
429 423 424
423 429 425
430 375 425
430 376 375
427 431 428
432 431 427
433 424 428
424 433 429
428 434 433
428 431 434
433 434 429
435 431 432
435 434 431
432 436 435
437 425 429
437 430 425
376 430 438
438 390 376
429 434 439
439 437 429
436 440 435
436 441 440
434 435 442
435 440 442
434 442 439
441 443 440
440 443 442
441 444 443
445 430 437
430 445 438
390 438 446
390 446 391
437 439 447
447 445 437
439 442 448
439 448 447
444 449 443
444 450 449
443 451 442
442 451 448
443 449 451
438 445 452
438 452 446
453 391 446
453 362 391
445 447 454
445 454 452
450 455 449
455 450 456
449 457 451
449 455 457
448 451 457
446 452 458
458 453 446
459 447 448
447 459 454
460 455 456
456 461 460
455 462 457
462 455 460
463 448 457
463 459 448
463 457 462
464 452 454
452 464 458
461 465 460
461 466 465
467 463 462
463 467 459
468 462 460
460 465 468
467 462 468
469 454 459
469 464 454
467 470 459
470 469 459
466 471 465
466 472 471
473 467 468
470 467 473
472 474 471
472 475 474
471 476 465
465 477 468
476 477 465
474 478 471
478 476 471
475 479 474
479 478 474
477 480 468
480 473 468
476 481 477
481 480 477
478 482 476
482 481 476
473 480 483
480 481 483
479 475 484
475 485 484
486 478 479
486 482 478
487 473 483
487 470 473
488 484 485
489 488 485
479 484 490
486 479 490
488 489 491
489 492 491
491 492 493
488 494 484
494 490 484
494 488 491
486 490 495
490 494 495
496 491 493
493 497 496
498 494 491
498 491 496
497 499 496
499 497 500
501 486 495
482 486 501
502 494 498
494 502 495
503 498 496
503 496 499
504 499 500
504 500 505
506 504 505
507 499 504
507 503 499
508 498 503
508 502 498
506 509 504
509 507 504
510 509 506
507 509 510
506 511 510
511 512 510
513 510 512
513 507 510
514 513 512
514 515 513
503 507 516
507 513 516
513 515 516
516 508 503
515 517 516
517 508 516
517 518 508
518 502 508
502 518 519
495 502 519
495 519 520
501 495 520
501 520 521
522 501 521
522 482 501
522 521 523
481 482 522
524 522 523
524 481 522
524 523 525
481 524 483
483 524 525
483 525 526
487 483 526
526 527 487
527 528 487
470 487 528
529 528 527
470 528 529
530 529 527
470 529 469
531 529 530
532 531 530
529 533 469
529 531 533
534 531 532
535 534 532
534 535 536
533 537 469
537 464 469
538 534 536
538 536 539
540 538 539
540 539 541
542 540 541
542 541 543
544 542 543
544 543 545
546 544 545
546 545 547
538 548 534
540 549 538
549 548 538
540 542 550
549 540 550
544 551 542
551 550 542
546 552 544
552 551 544
553 546 547
552 546 553
549 550 554
554 550 551
548 555 534
531 534 555
549 556 548
556 549 554
553 547 557
553 557 558
559 557 547
557 559 560
561 557 560
557 561 558
561 560 562
563 561 562
563 564 561
561 564 558
565 564 563
558 564 565
565 563 566
567 565 566
567 568 565
568 569 565
569 558 565
568 570 569
571 553 558
571 552 553
569 572 558
569 570 572
572 571 558
572 570 573
572 573 571
573 552 571
570 574 573
573 575 552
573 574 575
575 551 552
574 576 575
575 554 551
575 576 554
576 577 554
556 554 577
578 556 577
556 578 579
556 579 548
578 580 579
548 579 555
579 580 581
579 581 555
580 582 581
555 581 583
583 531 555
531 583 533
584 581 582
581 584 583
583 584 533
585 584 582
584 537 533
537 584 585
586 537 585
587 537 586
588 587 586
537 587 464
588 589 587
590 464 587
589 590 587
458 464 590
591 590 589
592 591 589
593 458 590
590 591 593
594 591 592
595 594 592
594 595 596
458 593 597
453 458 597
591 598 593
598 591 594
597 593 599
593 598 599
600 594 596
601 598 594
601 594 600
602 600 596
603 602 596
598 601 604
599 598 604
605 601 600
605 600 602
604 601 605
602 603 606
603 607 606
608 605 602
602 606 608
609 606 607
610 609 607
609 610 611
612 604 605
612 605 608
606 613 608
613 606 609
614 609 611
611 615 614
616 612 608
616 608 613
617 613 609
617 609 614
618 616 613
618 613 617
619 604 612
619 620 604
621 619 612
620 599 604
622 621 612
616 622 612
599 620 623
622 616 624
616 618 624
597 599 623
625 624 618
623 626 597
627 625 618
627 618 617
628 625 627
626 629 597
629 626 630
597 629 453
631 629 630
629 631 453
453 631 362
630 632 631
627 617 633
633 617 614
634 628 627
634 627 633
631 635 362
362 635 356
356 635 363
632 636 631
631 636 635
633 614 637
615 637 614
634 638 628
628 638 639
634 633 640
640 633 637
638 634 640
641 637 615
640 637 641
642 641 615
642 643 641
643 644 641
638 645 639
638 640 645
645 646 639
647 646 645
644 647 645
644 648 641
648 640 641
645 648 644
640 648 645
649 650 651
650 652 651
650 653 652
654 651 652
653 655 652
655 654 652
653 656 655
655 657 654
656 658 655
655 658 657
656 659 658
659 660 658
659 661 660
661 662 660
661 663 662
660 664 658
660 662 664
663 665 662
663 666 665
658 667 657
664 667 658
662 665 668
662 668 664
666 669 665
666 670 669
665 671 668
665 669 671
670 672 669
672 670 673
669 674 671
669 672 674
657 667 675
667 664 676
675 667 676
668 677 664
677 676 664
668 671 678
677 668 678
671 674 679
678 671 679
672 680 674
674 680 679
681 657 675
657 681 682
677 683 676
683 677 684
677 678 684
683 685 676
675 676 685
684 678 686
678 679 686
687 675 685
681 675 687
688 681 687
682 681 688
689 682 688
690 682 689
691 690 689
686 679 692
679 693 692
680 693 679
692 693 694
693 695 694
693 680 696
695 693 696
680 672 696
672 697 696
697 672 673
694 695 698
699 694 698
699 698 700
698 701 700
700 701 702
697 703 696
703 695 696
697 673 704
673 705 704
705 303 704
303 706 704
706 303 287
697 704 707
706 707 704
706 287 708
708 287 280
701 709 702
702 709 710
701 711 709
711 701 712
709 713 710
714 710 713
707 715 697
716 715 707
716 707 717
706 717 707
717 706 708
697 715 703
718 717 708
718 716 717
711 719 709
709 719 713
720 714 713
721 714 720
718 708 722
708 280 722
280 283 722
283 718 722
283 274 718
718 274 723
723 716 718
724 723 274
716 723 724
274 275 724
275 725 724
263 725 275
726 724 725
726 725 263
726 716 724
263 250 726
250 727 726
238 727 250
716 726 728
726 727 728
729 728 727
730 716 728
729 730 728
730 715 716
731 715 730
731 730 729
732 715 731
715 732 703
732 731 733
733 703 732
731 729 733
734 703 733
695 703 734
735 734 733
729 735 733
736 695 734
735 736 734
735 737 736
695 736 738
737 738 736
695 738 698
701 698 738
712 701 738
737 712 738
729 739 735
735 739 737
739 729 740
729 727 740
739 740 741
740 727 741
739 741 737
727 238 741
742 737 741
743 741 238
743 742 741
744 742 743
745 737 742
745 712 737
744 745 742
746 743 238
246 746 238
747 712 745
745 744 747
747 748 712
748 711 712
749 748 747
744 749 747
711 748 749
744 743 750
750 743 746
750 746 751
751 752 750
750 752 744
246 753 746
247 753 246
749 744 754
744 752 754
755 749 754
749 755 711
754 752 756
754 756 755
756 752 751
757 711 755
756 757 755
758 746 753
758 751 746
759 758 753
247 760 753
759 753 760
247 255 760
760 255 759
757 761 711
761 719 711
751 762 756
757 756 762
759 763 758
763 751 758
763 764 751
764 763 759
759 255 765
253 765 255
759 765 766
759 766 764
253 767 765
765 767 766
257 767 253
766 767 257
764 768 751
768 762 751
766 769 764
257 769 766
768 764 769
768 769 257
262 768 257
768 262 762
262 770 762
757 762 770
757 770 771
757 771 761
770 772 771
773 772 770
262 773 770
771 774 761
773 262 775
761 774 776
262 777 775
777 262 261
775 777 778
779 761 776
719 761 779
779 776 780
781 719 779
719 781 713
720 713 781
782 779 780
781 779 782
783 782 780
784 783 780
785 781 782
785 720 781
785 782 783
783 784 786
784 787 786
788 785 783
720 785 788
788 783 786
789 786 787
790 789 787
791 720 788
791 721 720
792 788 786
788 792 791
792 786 789
721 791 793
792 793 791
794 721 793
792 795 793
795 792 789
794 793 796
795 796 793
797 794 796
797 796 798
795 789 799
795 800 796
789 801 799
789 790 801
802 799 801
801 790 803
796 800 804
796 804 798
800 805 804
798 804 805
798 805 806
807 802 801
807 801 803
808 802 807
808 807 803
809 808 803
810 811 812
811 813 812
813 814 812
813 815 814
815 816 814
815 817 816
814 816 818
817 819 816
816 819 818
817 778 819
778 820 819
777 820 778
819 821 818
819 820 821
822 820 777
820 822 821
818 821 823
818 823 824
825 822 777
825 777 261
259 825 261
822 825 259
826 822 259
821 822 826
260 826 259
827 821 826
826 260 827
821 827 823
260 828 827
827 828 823
828 829 823
824 823 829
830 824 829
824 830 831
830 832 831
833 831 832
834 835 836
836 837 834
837 838 834
839 834 838
837 840 838
839 838 841
842 839 841
842 841 843
844 843 841
843 844 845
841 838 846
840 846 838
844 841 846
846 840 847
847 844 846
848 847 840
848 849 847
845 844 850
850 844 851
845 850 852
850 853 852
853 850 851
854 853 851
855 854 851
856 844 847
851 844 856
857 855 851
858 855 857
856 847 859
847 849 859
851 856 860
857 851 860
860 856 859
857 860 861
860 859 861
862 858 857
862 857 861
849 863 859
859 863 861
862 864 858
864 865 858
861 866 862
866 861 863
866 864 862
849 867 863
868 867 849
864 869 865
869 870 865
866 871 864
871 869 864
872 866 863
863 867 872
871 866 872
868 873 867
867 873 872
870 869 874
875 870 874
875 874 876
869 871 877
874 869 877
878 871 872
878 872 873
877 871 878
879 873 868
880 879 868
881 878 873
881 873 879
882 877 878
878 881 882
874 877 883
877 882 883
884 881 879
884 879 880
881 885 882
881 884 885
876 874 886
886 874 883
882 887 883
882 885 887
886 883 888
876 886 888
888 883 887
889 876 888
890 889 888
891 876 889
889 892 891
892 889 890
892 893 891
893 892 894
895 888 887
890 888 895
885 896 887
887 896 895
892 897 894
897 898 894
892 899 897
892 890 899
897 900 898
899 900 897
900 901 898
898 901 902
900 899 903
900 903 901
901 904 902
902 904 905
885 906 896
884 906 885
890 907 899
899 907 903
903 908 901
901 908 904
884 909 906
909 884 880
903 907 910
903 910 908
904 911 905
908 912 904
904 912 911
910 913 908
908 913 912
911 914 905
905 914 915
915 914 916
914 917 916
914 918 917
911 918 914
918 919 917
912 920 911
911 920 918
918 921 919
920 921 918
921 922 919
912 923 920
913 923 912
920 924 921
923 924 920
921 925 922
924 925 921
925 926 922
927 926 925
928 927 925
929 927 928
924 930 925
930 928 925
923 931 924
931 930 924
913 932 923
932 931 923
933 929 928
933 928 930
934 932 913
910 934 913
929 933 935
936 929 935
937 933 930
937 930 931
935 933 937
938 931 932
932 934 938
936 935 939
940 936 939
941 940 939
942 935 937
939 935 942
943 937 931
938 943 931
942 937 943
944 941 939
945 941 944
946 939 942
944 939 946
947 942 943
946 942 947
934 948 938
949 943 938
938 948 949
943 950 947
943 949 950
951 946 947
951 947 950
952 944 946
952 946 951
953 945 944
953 944 952
954 948 934
954 934 910
950 949 955
948 955 949
945 953 956
957 945 956
958 954 910
907 958 910
953 959 956
956 959 960
960 959 961
959 962 961
961 962 963
953 964 959
959 964 962
962 965 963
963 965 966
964 953 967
967 953 952
964 968 962
962 968 965
964 967 969
968 964 969
967 952 970
969 967 970
970 952 951
970 951 971
971 951 950
969 970 972
972 970 971
968 969 973
973 969 972
971 950 974
974 950 955
968 975 965
975 968 973
972 971 976
976 971 974
974 955 977
948 977 955
976 974 978
978 974 977
979 978 977
948 980 977
954 980 948
981 976 978
978 979 981
982 972 976
982 976 981
972 983 973
983 972 982
984 982 981
981 979 984
984 985 982
982 985 983
983 986 973
975 973 986
977 980 987
987 979 977
979 988 984
984 988 985
983 989 986
983 985 989
990 975 986
965 975 990
989 991 986
986 991 990
992 965 990
966 965 992
991 993 990
990 993 992
966 992 994
993 994 992
995 966 994
996 991 989
991 996 993
989 985 997
997 996 989
995 994 998
999 995 998
993 1000 994
996 1000 993
1000 998 994
999 998 1001
1001 1002 999
1003 998 1000
1001 998 1003
1004 1002 1001
1003 1004 1001
1002 1004 1005
996 1006 1000
1006 1003 1000
1004 1003 1007
1003 1006 1007
1004 1008 1005
1008 1004 1007
1005 1008 1009
1006 996 1010
1010 996 997
1011 1007 1006
1010 1011 1006
1008 1012 1009
1009 1012 1013
1014 1010 997
1015 1011 1010
1014 1015 1010
997 1016 1014
985 1016 997
988 1016 985
1008 1007 1017
1018 1012 1008
1017 1018 1008
1013 1012 1019
1012 1018 1019
1017 1007 1020
1007 1011 1020
1019 1021 1013
1021 1022 1013
1023 1018 1017
1020 1023 1017
1019 1018 1024
1019 1024 1021
1024 1018 1023
1021 1025 1022
1025 1026 1022
1025 1027 1026
1027 1028 1026
1027 1029 1028
1029 1030 1028
1029 1031 1030
1031 1032 1030
1031 1029 1033
1033 1029 1027
1031 1033 1034
1034 1033 1035
1036 1027 1025
1036 1033 1027
1025 1021 1037
1037 1036 1025
1033 1038 1035
1033 1036 1038
1021 1039 1037
1024 1039 1021
1036 1037 1040
1036 1040 1038
1038 1041 1035
1035 1041 1042
1042 1041 1043
1042 1043 1044
1043 1041 1045
1041 1038 1046
1041 1046 1045
1046 1038 1040
1037 1047 1040
1037 1039 1047
1039 1024 1048
1048 1024 1023
1049 1045 1046
1045 1049 1050
1051 1046 1040
1040 1047 1051
1049 1046 1051
1039 1052 1047
1052 1039 1048
1047 1053 1051
1047 1052 1053
1049 1051 1053
1054 1050 1049
1054 1055 1050
1056 1052 1048
1052 1056 1053
1057 1049 1053
1054 1049 1057
1057 1053 1056
1048 1023 1058
1058 1056 1048
1055 1054 1059
1055 1059 1060
1061 1057 1056
1056 1058 1061
1062 1054 1057
1054 1062 1059
1057 1061 1062
1023 1063 1058
1023 1020 1063
1062 1064 1059
1061 1064 1062
1060 1059 1065
1064 1065 1059
1058 1066 1061
1058 1063 1066
1020 1067 1063
1020 1011 1067
1068 1064 1061
1061 1066 1068
1066 1063 1069
1069 1063 1067
1068 1066 1069
1067 1011 1070
1069 1067 1070
1011 1015 1070
1071 1069 1070
1071 1068 1069
1072 1064 1068
1065 1064 1072
1070 1015 1073
1073 1071 1070
1068 1071 1074
1068 1074 1072
1074 1071 1073
1015 1075 1073
1015 1014 1075
1014 1076 1075
1016 1076 1014
1076 1016 1077
1076 1077 1075
1016 988 1077
1078 1073 1075
1077 1078 1075
1078 1077 1079
1077 988 1080
1077 1080 1079
988 979 1080
1081 1073 1078
1081 1074 1073
1081 1078 1079
1080 979 1082
1080 1082 1079
1082 979 987
1074 1081 1083
1074 1083 1072
1079 1084 1081
1081 1084 1083
1084 1079 1085
1083 1084 1085
1082 1086 1079
1085 1079 1086
1072 1083 1087
1087 1065 1072
1086 1082 1088
1082 987 1088
1089 1083 1085
1087 1083 1089
1085 1090 1089
1091 1065 1087
1091 1060 1065
1092 1060 1091
1093 1092 1091
1094 1087 1089
1094 1091 1087
1093 1091 1094
1089 1090 1094
1095 1093 1094
1090 1095 1094
1095 1096 1093
1097 1096 1095
1095 1090 1097
1096 1097 880
1097 1098 880
1090 1098 1097
1098 909 880
1090 1085 1099
1098 1090 1100
1090 1099 1100
909 1098 1101
1101 1098 1100
1100 1102 1101
1103 909 1101
1101 1102 1103
909 1103 906
1085 1104 1099
1085 1086 1104
1104 1086 1088
1100 1099 1105
1105 1099 1104
1105 1104 1088
1102 1100 1105
1106 1105 1088
1102 1105 1106
1088 987 1106
906 1103 1107
906 1107 896
987 1108 1106
987 980 1108
1109 1106 1108
1109 1102 1106
1102 1109 1110
1102 1111 1103
1103 1111 1107
1102 1110 1111
1110 1107 1111
1112 896 1107
1112 1107 1110
896 1112 895
890 895 1112
1113 1108 980
1113 1109 1108
1109 1113 1110
954 1113 980
954 958 1113
890 1112 1114
1114 1112 1110
890 1114 907
958 907 1115
1115 1113 958
1113 1115 1110
1114 1110 1115
907 1114 1115
363 1116 364
1116 1117 364
1117 1116 1118
1119 1116 363
1120 1119 363
635 1120 363
636 1120 635
1120 636 1119
636 1121 1119
636 632 1121
632 1122 1121
1116 1119 1123
1119 1121 1123
1121 1122 1124
1121 1124 1123
1122 1125 1124
1116 1126 1118
1126 1116 1123
1118 1126 1127
1126 1123 1127
1128 1118 1127
1124 1125 1129
1125 1130 1129
1123 1124 1131
1123 1131 1127
1124 1129 1131
1128 1127 1132
1132 1127 1131
1133 1128 1132
1134 1133 1132
1135 1129 1130
1136 1135 1130
1135 1136 1137
1138 1131 1129
1138 1132 1131
1135 1138 1129
1139 1134 1132
1139 1132 1138
1140 1135 1137
1138 1135 1140
1137 1141 1140
1142 1141 1137
1141 1142 1143
1144 1138 1140
1144 1139 1138
1144 1140 1141
1145 1134 1139
1139 1144 1145
1146 1134 1145
1147 1141 1143
1143 1148 1147
1148 1149 1147
1150 1144 1141
1144 1150 1145
1147 1151 1141
1151 1150 1141
1149 1151 1147
1150 1151 1145
1146 1145 1152
1151 1152 1145
1152 1151 1149
1153 1146 1152
1149 1154 1152
1154 1153 1152
