byte offset: 0
first index: 0
index count: 15291
topology: trianglelist
format: DXGI_FORMAT_R16_UINT

0 1 2
0 2 3
4 0 3
5 3 2
4 3 6
5 7 3
7 6 3
7 5 8
5 9 8
8 9 10
10 9 11
8 10 12
13 8 12
14 7 8
7 14 6
15 8 13
14 8 15
15 13 16
15 16 17
15 17 18
14 15 18
17 19 18
18 19 20
21 6 14
14 18 21
18 20 22
21 18 22
20 23 22
22 23 24
21 25 6
4 6 25
4 25 26
26 25 27
21 22 28
28 25 21
22 24 29
28 22 29
24 30 29
29 30 31
25 32 27
28 32 25
28 29 33
33 32 28
29 31 34
33 29 34
31 35 34
34 35 36
37 27 32
33 37 32
37 38 27
33 34 39
39 37 33
34 36 40
39 34 40
36 41 40
40 41 42
38 37 43
38 43 44
44 43 45
39 46 37
43 37 46
39 40 47
47 46 39
40 42 48
47 40 48
42 49 48
48 49 50
43 46 51
47 51 46
43 52 45
43 51 52
48 50 53
50 54 53
53 54 55
47 48 56
56 51 47
56 48 53
45 52 57
45 57 58
52 51 59
56 59 51
52 59 57
58 57 60
57 59 60
58 60 61
62 59 56
56 53 62
62 60 59
53 55 63
62 53 63
55 64 63
63 64 65
63 65 66
65 67 66
68 66 67
62 63 69
69 60 62
69 63 66
61 60 70
69 70 60
61 70 71
72 71 70
73 70 69
69 66 73
74 66 68
74 68 75
76 74 75
72 70 77
73 77 70
72 77 78
73 78 77
72 78 79
80 79 78
81 73 66
73 81 78
81 66 74
80 78 82
81 82 78
83 80 82
84 74 76
84 76 85
86 84 85
87 84 86
87 86 88
89 87 88
90 81 74
90 74 84
81 90 82
90 84 87
91 87 89
91 89 92
93 91 92
94 91 93
94 93 95
96 94 95
97 94 96
97 96 98
99 97 98
100 97 99
100 99 101
102 97 100
102 94 97
102 100 103
104 102 103
105 91 94
102 105 94
104 106 102
105 102 106
107 106 104
107 108 106
105 109 91
109 87 91
108 110 106
108 111 110
105 106 112
109 105 112
110 112 106
109 113 87
113 90 87
109 112 114
110 114 112
113 109 114
111 115 110
110 115 114
111 116 115
116 83 115
90 113 117
113 114 117
115 117 114
90 117 82
83 118 115
115 118 117
118 82 117
83 82 118
119 120 121
119 121 122
122 121 123
122 123 124
124 123 125
124 125 126
126 125 127
126 127 128
129 130 131
129 131 132
129 132 133
133 132 134
133 134 135
133 135 136
133 136 137
133 137 138
129 133 139
133 138 139
138 140 139
140 141 139
138 137 142
143 139 141
138 142 144
138 144 145
138 145 146
138 146 140
147 143 141
140 146 148
141 149 147
140 148 150
140 150 151
140 151 152
140 152 141
141 153 149
141 152 154
141 154 153
155 156 157
155 157 158
159 158 157
159 157 160
159 160 161
159 161 162
163 162 161
163 161 164
165 163 164
166 163 165
166 165 167
168 166 167
168 167 169
170 168 169
170 169 171
172 170 171
172 171 173
174 172 173
174 173 175
176 174 175
176 175 177
178 176 177
178 177 179
180 178 179
180 179 181
180 181 182
180 182 183
184 183 182
184 182 185
186 184 185
186 185 187
188 186 187
188 187 189
188 189 190
188 190 191
192 191 190
192 190 193
194 195 196
194 197 195
194 198 197
198 199 197
198 200 199
198 201 200
198 202 201
198 203 202
194 204 198
198 204 203
203 204 205
205 204 206
203 207 202
208 206 204
203 209 207
203 210 209
203 211 210
203 205 211
212 206 208
205 213 211
206 212 214
205 215 213
205 216 215
205 217 216
205 206 217
206 214 218
206 219 217
206 218 219
220 221 222
220 223 221
224 221 223
224 225 221
224 226 225
224 227 226
228 226 227
228 229 226
230 229 228
230 231 229
232 231 230
232 233 231
234 233 232
234 235 233
236 235 234
236 237 235
238 237 236
238 239 237
240 239 238
240 241 239
242 241 240
242 243 241
244 243 242
244 245 243
244 246 245
244 247 246
248 246 247
248 249 246
250 249 248
250 251 249
252 251 250
252 253 251
252 254 253
252 255 254
256 254 255
256 257 254
258 259 260
258 261 259
262 261 258
263 259 261
262 264 261
265 264 262
263 261 266
266 267 263
265 268 264
269 268 265
269 270 268
271 268 270
264 268 271
271 270 272
261 264 273
264 271 273
261 273 266
272 274 271
273 271 274
272 275 274
266 273 276
273 274 276
266 277 267
266 276 277
278 274 275
278 275 279
280 276 274
277 276 280
280 274 278
267 277 281
277 280 281
267 281 282
279 283 278
279 284 283
285 283 284
278 286 280
286 281 280
278 283 286
287 282 281
286 287 281
287 288 282
287 289 288
290 286 283
287 286 290
287 291 289
287 290 291
292 289 291
285 293 283
290 283 293
294 293 285
294 290 293
294 285 295
296 294 295
292 291 297
297 298 292
299 291 290
294 299 290
299 297 291
296 300 294
300 299 294
300 296 301
297 302 298
299 302 297
300 301 303
304 303 301
300 305 299
299 305 302
305 300 303
298 302 306
298 306 307
308 307 306
308 309 307
308 310 309
302 305 311
302 311 306
305 303 311
308 306 311
312 311 303
308 311 312
304 313 303
312 303 313
304 314 313
314 312 313
304 315 314
316 314 315
317 308 312
314 317 312
308 318 310
317 318 308
319 310 318
317 319 318
319 320 310
314 321 317
317 321 319
316 322 314
314 322 321
323 320 319
323 324 320
323 325 324
326 319 321
322 326 321
326 323 319
316 327 322
322 327 326
316 328 327
323 329 325
326 329 323
328 330 327
328 331 330
332 330 331
327 333 326
326 333 329
327 330 333
334 325 329
334 329 333
334 335 325
336 333 330
334 333 336
337 335 334
336 337 334
337 338 335
332 339 330
336 330 339
332 340 339
340 336 339
332 341 340
340 341 342
340 343 336
336 343 337
338 337 344
338 344 345
340 342 346
343 340 346
337 343 347
337 347 344
343 346 347
345 344 348
347 348 344
345 348 349
350 349 348
350 351 349
350 352 351
347 353 348
353 347 346
353 350 348
354 346 342
353 346 354
354 342 355
356 354 355
354 357 353
353 357 350
350 358 352
358 359 352
356 360 354
354 360 357
356 361 360
361 357 360
356 362 361
361 362 363
364 350 357
361 364 357
364 358 350
361 363 365
364 361 365
358 364 366
364 365 366
358 367 359
358 366 367
368 365 363
368 363 369
369 370 368
369 371 370
372 370 371
373 366 365
373 365 368
373 367 366
370 373 368
374 359 367
373 374 367
374 375 359
374 376 375
377 374 373
370 377 373
374 378 376
377 378 374
379 376 378
377 379 378
379 380 376
379 381 380
379 382 381
383 382 379
377 384 379
383 379 384
370 384 377
385 383 384
370 386 384
385 384 386
372 386 370
372 385 386
372 387 385
388 389 390
388 390 391
392 388 391
392 391 393
394 392 393
394 393 395
396 394 395
396 395 397
398 396 397
398 397 399
400 398 399
400 399 401
402 400 401
402 401 403
404 402 403
404 403 405
406 404 405
406 405 407
408 406 407
408 407 409
410 408 409
410 409 411
412 410 411
412 411 413
414 415 416
417 415 414
417 414 418
419 417 418
419 418 420
419 420 421
419 421 422
423 424 425
423 425 426
426 425 427
426 427 428
428 427 429
428 429 430
430 429 431
430 431 432
432 431 433
434 432 433
430 432 434
430 434 435
428 430 435
428 435 436
436 426 428
436 437 426
437 423 426
437 438 423
439 423 438
439 438 440
440 441 439
440 442 441
441 442 443
441 443 444
445 444 443
445 443 446
447 448 449
447 450 448
450 447 451
452 448 450
452 453 448
454 450 451
454 452 450
453 452 455
453 455 456
451 457 454
451 458 457
459 454 457
452 454 460
452 460 455
459 460 454
456 455 461
461 455 460
456 461 462
461 463 462
459 464 460
461 460 464
459 465 464
466 464 465
461 464 467
461 467 463
467 464 466
463 467 468
468 467 466
463 468 469
468 466 470
469 468 471
471 468 470
469 471 472
471 470 473
472 471 474
471 473 474
475 476 477
477 476 478
477 478 479
479 480 477
481 480 479
479 482 481
483 479 478
479 484 482
483 484 479
484 485 482
483 486 484
484 486 485
483 487 486
486 488 485
487 489 486
486 489 488
487 490 489
489 491 488
490 492 489
489 492 491
490 493 492
491 492 494
494 492 493
495 496 497
495 497 498
498 497 499
500 495 498
500 501 495
498 499 502
500 498 502
501 500 503
501 503 504
505 502 499
499 506 505
500 502 507
507 503 500
505 508 502
508 507 502
505 509 508
509 510 508
508 510 507
509 511 510
511 512 510
511 513 512
514 507 510
514 510 512
515 512 513
515 513 516
517 512 515
517 514 512
516 518 515
518 517 515
516 519 518
519 520 518
519 521 520
522 507 514
507 522 503
523 522 514
523 514 517
523 503 522
518 524 517
524 523 517
524 518 520
525 503 523
525 523 524
504 503 525
526 525 524
504 525 526
526 524 520
504 526 527
528 527 526
528 526 520
528 529 527
530 529 528
528 531 530
531 532 530
531 533 532
528 520 534
528 534 531
531 535 533
535 531 534
520 536 534
535 534 536
520 521 536
535 537 533
537 535 536
537 538 533
539 536 521
540 539 521
537 536 541
539 541 536
537 542 538
541 542 537
543 538 542
538 543 544
543 542 545
542 546 545
541 547 542
542 547 546
547 541 539
547 548 546
547 549 548
547 539 549
550 548 549
539 551 549
550 549 551
539 540 551
552 550 551
540 553 551
552 551 553
540 554 553
555 552 553
554 555 553
555 556 552
554 557 555
555 558 556
557 559 555
555 559 558
557 560 559
558 559 561
560 561 559
558 561 562
560 563 561
562 561 564
561 563 564
565 566 567
565 568 566
568 569 566
565 570 568
565 571 570
569 568 572
572 568 570
572 573 569
570 571 574
574 572 570
574 571 575
572 576 573
576 577 573
574 578 572
578 576 572
576 579 577
579 580 577
578 581 576
581 579 576
579 582 580
583 580 582
582 584 583
579 584 582
584 585 583
579 586 584
585 584 586
581 586 579
585 586 587
587 586 581
587 581 588
588 581 578
588 578 589
589 578 574
589 574 590
575 590 574
590 575 591
592 591 575
593 594 595
593 596 594
597 596 593
597 593 598
597 598 599
597 599 600
601 597 600
601 600 602
603 601 602
594 596 604
594 604 605
596 597 606
601 606 597
596 606 604
607 605 604
607 608 605
609 608 607
604 606 610
604 610 607
601 610 606
609 607 611
611 607 610
611 612 609
611 613 612
614 612 613
611 610 615
615 613 611
616 610 601
615 610 616
614 613 617
618 614 617
615 619 613
617 613 619
618 617 620
621 618 620
622 616 601
603 622 601
603 623 622
603 624 623
625 622 623
625 616 622
616 625 626
615 616 627
616 626 627
627 619 615
628 627 626
628 629 627
627 629 619
629 628 630
629 630 631
631 619 629
631 630 632
631 633 619
617 619 633
633 620 617
631 632 634
634 632 635
631 636 633
633 636 620
631 634 636
634 635 637
637 636 634
637 635 638
636 639 620
621 620 639
640 621 639
637 638 641
641 638 642
637 643 636
636 643 639
641 643 637
640 639 644
643 644 639
644 645 640
643 646 644
641 646 643
644 647 645
646 647 644
645 647 648
646 649 647
641 649 646
648 647 649
641 642 650
650 642 648
648 649 650
641 650 649
651 652 653
651 653 654
651 654 655
651 655 656
655 657 656
655 658 657
658 659 657
658 660 659
661 659 660
661 662 659
663 662 661
663 664 662
665 664 663
665 666 664
666 665 667
666 667 668
668 667 669
668 669 670
670 669 671
672 673 674
672 674 675
675 674 676
672 675 677
672 677 678
677 679 678
678 679 680
677 681 679
681 677 675
681 675 682
675 676 683
682 675 683
683 676 684
685 680 679
685 686 680
685 679 687
686 685 688
685 687 689
688 685 689
682 683 690
683 684 690
690 684 691
682 690 692
690 691 693
692 690 693
694 693 691
695 692 693
694 695 693
695 696 692
696 695 694
697 698 699
698 700 699
701 699 700
701 700 702
703 701 702
703 702 704
705 703 704
700 706 702
707 702 706
707 704 702
700 708 706
707 709 704
705 704 709
707 710 709
708 700 711
698 711 700
708 711 712
711 713 712
705 709 714
710 714 709
705 714 715
710 716 714
715 714 717
716 717 714
715 717 718
716 719 717
720 718 717
717 719 720
711 698 721
722 713 711
711 721 722
722 723 713
724 722 721
724 723 722
698 725 721
726 724 721
726 721 725
727 713 723
727 728 713
728 729 713
730 727 723
724 731 723
730 723 731
728 727 732
732 727 730
728 732 733
732 730 734
735 728 733
728 735 729
735 733 736
737 729 735
737 735 736
737 738 729
737 736 739
740 738 737
740 737 739
740 741 738
740 739 742
740 743 741
742 744 740
740 744 743
742 745 744
744 745 746
743 744 747
744 746 747
743 747 748
749 747 746
749 748 747
750 751 752
753 750 752
753 754 750
755 754 753
754 756 750
750 756 757
754 758 756
754 755 758
758 755 759
758 759 760
760 759 761
760 761 762
761 763 762
761 764 763
764 765 763
764 766 765
765 766 767
768 769 770
771 769 768
771 772 769
772 773 769
771 774 772
775 773 772
775 772 774
771 776 774
777 776 771
776 777 778
777 779 778
780 774 776
776 778 780
781 778 779
781 779 782
783 781 782
783 782 784
785 781 783
786 778 781
785 786 781
780 778 786
787 786 785
787 788 786
780 786 788
788 787 789
780 790 774
790 775 774
788 789 791
791 789 792
780 788 793
793 788 791
780 793 790
791 792 794
793 791 794
795 794 792
795 796 794
797 796 795
793 794 798
796 798 794
796 799 798
800 799 796
797 800 796
800 801 799
800 802 801
797 803 800
800 803 802
797 804 803
805 803 804
806 802 803
805 806 803
806 807 802
805 808 806
807 806 808
805 809 808
807 808 810
808 809 811
810 808 812
808 811 812
810 812 813
812 811 814
814 813 812
815 816 817
815 818 816
818 815 819
818 819 820
820 819 821
820 821 822
823 822 821
823 824 822
824 823 825
824 825 826
826 825 827
828 829 830
830 831 828
832 831 830
833 828 831
831 832 834
835 833 831
831 834 835
835 836 833
837 835 834
838 836 835
837 838 835
838 839 836
838 837 840
839 838 840
841 842 843
841 844 842
844 845 842
844 846 845
847 842 845
847 848 842
845 849 847
846 850 845
845 850 849
846 851 850
849 850 852
849 852 853
854 850 851
854 852 850
851 855 854
853 852 856
853 856 857
858 852 854
854 855 858
858 856 852
859 857 856
859 860 857
855 861 858
855 862 861
856 858 863
863 858 861
856 863 859
863 861 864
865 863 864
865 866 863
859 863 866
866 865 867
868 860 859
859 866 868
868 869 860
869 868 870
869 870 871
870 872 871
866 867 873
868 866 873
868 873 870
873 867 874
873 874 875
875 874 876
873 875 877
870 873 877
878 875 876
878 877 875
878 876 879
879 880 878
878 881 877
870 877 881
880 881 878
870 882 872
872 882 880
880 882 881
881 882 870
883 884 885
883 886 884
887 886 883
887 888 886
889 888 887
889 887 890
890 891 889
890 892 891
891 892 893
891 893 894
894 893 895
896 897 898
899 898 897
900 899 897
899 900 901
899 901 902
899 903 898
903 899 902
898 903 904
903 905 904
905 903 906
903 902 906
905 906 907
908 907 906
908 909 907
902 910 906
910 908 906
908 910 911
912 909 908
908 911 912
912 913 909
902 914 910
911 910 914
902 915 914
911 914 916
911 916 917
918 913 912
918 912 911
918 919 913
911 917 920
918 911 920
921 920 917
922 919 918
922 918 920
922 923 919
924 923 922
924 925 923
924 926 925
922 920 927
921 927 920
924 922 927
928 927 921
924 927 928
928 921 929
928 929 930
928 930 931
924 928 931
931 930 932
924 933 926
924 931 933
933 934 926
933 935 934
931 935 933
934 935 936
931 932 937
931 937 935
936 935 937
937 932 936
938 939 940
939 941 940
939 942 941
943 944 945
943 945 946
946 945 947
946 948 943
946 947 949
949 948 946
949 947 950
949 951 948
952 948 951
952 951 953
951 954 953
951 955 954
949 955 951
955 956 954
949 950 957
949 957 955
958 957 950
955 959 956
957 959 955
960 956 959
958 961 957
957 961 959
962 961 958
962 963 961
963 959 961
963 962 964
960 959 965
963 965 959
965 966 960
963 964 967
965 963 967
967 964 968
965 969 966
965 967 969
969 970 966
967 968 971
969 967 971
971 968 972
972 970 973
969 973 970
969 971 973
973 971 972
974 975 976
974 977 975
975 977 978
979 977 974
977 980 978
979 981 977
977 981 980
981 979 982
980 981 983
981 982 983
980 983 984
985 983 982
985 984 983
985 982 986
985 987 984
986 988 985
987 985 988
986 989 988
987 988 990
991 988 989
991 990 988
992 993 994
995 993 992
995 996 993
997 996 995
997 995 998
993 996 999
997 998 1000
999 996 1001
996 997 1001
1002 999 1001
1003 1002 1001
1001 997 1003
997 1000 1004
1004 1000 1005
1003 1006 1002
1006 1007 1002
1003 997 1008
1006 1003 1008
1008 997 1004
1006 1008 1009
1008 1010 1009
1011 1008 1004
1008 1011 1010
1012 1011 1004
1004 1005 1012
1010 1011 1013
1012 1013 1011
1012 1014 1013
1010 1013 1015
1015 1013 1014
1015 1014 1016
1014 1017 1016
1012 1005 1018
1012 1018 1014
1014 1019 1017
1019 1020 1017
1018 1005 1021
1021 1005 1022
1022 1023 1021
1023 1024 1021
1025 1014 1018
1021 1025 1018
1021 1024 1025
1025 1019 1014
1026 1025 1024
1026 1019 1025
1026 1024 1027
1019 1028 1020
1026 1028 1019
1028 1029 1020
1030 1026 1027
1030 1028 1026
1030 1027 1031
1030 1031 1032
1028 1033 1029
1030 1033 1028
1033 1034 1029
1030 1032 1035
1033 1030 1035
1036 1035 1032
1033 1037 1034
1034 1037 1036
1033 1035 1037
1037 1035 1036
1038 1039 1040
1038 1040 1041
734 1041 1040
734 730 1041
1042 1038 1041
1043 1038 1042
730 1044 1041
1044 1042 1041
730 731 1044
1043 1042 1045
1045 1042 1044
1043 1045 1046
1046 1045 1047
1044 1048 1045
1048 1047 1045
1048 1044 731
1048 1049 1047
1048 731 1050
1049 1048 1050
724 1050 731
1049 1050 1051
1051 1050 724
1051 1052 1049
1051 1053 1052
1051 724 726
726 1053 1051
726 1054 1053
725 1054 726
725 1055 1054
1055 725 1056
1056 725 1057
1058 1056 1057
1057 725 698
1058 1057 1059
698 1059 1057
1059 1060 1058
698 1061 1059
1062 1060 1059
1061 1062 1059
1063 1060 1062
1061 1064 1062
1062 1065 1063
1064 1066 1062
1062 1066 1065
1064 1067 1066
1068 1065 1066
1069 1066 1067
1068 1066 1069
1069 1067 1070
1069 1071 1068
1070 1072 1069
1069 1072 1071
1070 1073 1072
1072 1074 1071
1073 1075 1072
1072 1075 1074
1073 1076 1075
1077 1074 1075
1077 1075 1076
1078 1079 1080
1078 1080 1081
1082 1081 1080
1078 1081 1083
1083 1084 1078
1083 1085 1084
1086 1085 1083
1087 1086 1083
1083 1081 1087
1087 1088 1086
1089 1088 1087
1081 1082 1090
1090 1087 1081
1090 1082 1091
1089 1087 1092
1090 1092 1087
1089 1092 1093
1092 1094 1093
1092 1095 1094
1090 1095 1092
1095 1096 1094
1091 1097 1090
1090 1097 1095
1091 1098 1097
1095 1099 1096
1097 1099 1095
1100 1096 1099
1101 1097 1098
1097 1101 1099
1101 1098 1102
1100 1099 1103
1101 1103 1099
1103 1104 1100
1105 1103 1101
1103 1106 1104
1105 1106 1103
1107 1104 1106
1108 1106 1105
1107 1106 1109
1108 1109 1106
1109 1110 1107
1111 1109 1108
1109 1112 1110
1111 1112 1109
1113 1110 1112
1114 1112 1111
1113 1112 1115
1114 1115 1112
1116 1113 1115
1114 1117 1115
1116 1115 1117
1114 1118 1117
1119 1116 1117
1120 1117 1118
1119 1117 1121
1120 1121 1117
1122 1119 1121
1123 1121 1120
1122 1121 1124
1123 1124 1121
1122 1124 1125
1125 1124 1123
1126 1127 1128
1126 1128 1129
1130 1126 1129
1129 1128 1131
1130 1129 1132
1133 1129 1131
1133 1132 1129
1133 1131 1134
1133 1135 1132
1134 1136 1133
1135 1133 1136
1134 1137 1136
1135 1136 1138
1139 1136 1137
1139 1138 1136
1139 1137 1140
1139 1141 1138
1142 1139 1140
1141 1139 1142
1141 1142 1143
1142 1140 1144
1142 1145 1143
1144 1146 1142
1142 1146 1145
1144 1147 1146
1146 1148 1145
1147 1149 1146
1146 1149 1148
1147 1150 1149
1148 1149 1151
1149 1150 1151
1152 1153 1154
1155 1152 1154
1156 1155 1154
1156 1157 1155
1157 1156 1158
1157 1159 1155
1155 1159 1160
1159 1161 1160
1162 1161 1159
1163 1157 1158
1159 1157 1163
1162 1159 1163
1163 1158 1164
1165 1162 1163
1163 1164 1166
1165 1163 1166
1164 1167 1166
1165 1166 1167
1164 1168 1167
1165 1167 1169
1167 1168 1170
1171 1169 1167
1167 1170 1171
1171 1172 1169
1171 1170 1173
1172 1171 1174
1171 1173 1174
1172 1174 1175
1174 1173 1176
1175 1174 1177
1174 1176 1177
1175 1177 1178
1177 1176 1179
1177 1180 1178
1177 1179 1181
1177 1181 1180
1181 1179 1182
1180 1181 1182
1183 1184 1185
1186 1185 1184
1187 1186 1184
1187 1184 1188
1189 1187 1188
1189 1188 1190
1190 1191 1189
1190 1192 1191
1192 1193 1191
1192 1194 1193
1193 1194 1195
1196 1197 1198
1196 1199 1197
1200 1199 1196
1199 1201 1197
1200 1202 1199
1202 1200 1203
1199 1204 1201
1202 1204 1199
1202 1203 1205
1205 1203 1206
1207 1201 1204
1207 1208 1201
1209 1207 1204
1202 1210 1204
1209 1204 1210
1205 1210 1202
1211 1209 1210
1211 1210 1212
1205 1212 1210
1213 1211 1212
1205 1206 1214
1214 1212 1205
1215 1214 1206
1213 1212 1216
1214 1216 1212
1216 1217 1213
1214 1218 1216
1216 1218 1217
1215 1218 1214
1219 1217 1218
1220 1218 1215
1219 1218 1220
1220 1215 1221
1220 1222 1219
1221 1222 1220
1223 1224 1225
1223 1226 1224
1227 1226 1223
1227 1228 1226
1229 1228 1227
1229 1230 1228
1231 1230 1229
1231 1232 1230
1233 1232 1231
1233 1234 1232
1235 1234 1233
1235 1236 1234
1236 1235 1237
1238 1239 1240
1238 1240 1241
1238 1241 1242
1243 1238 1242
1243 1242 1244
1241 1245 1242
1244 1242 1245
1244 1245 1246
1241 1247 1245
1245 1248 1246
1247 1249 1245
1245 1249 1248
1247 1250 1249
1249 1251 1248
1250 1252 1249
1249 1252 1251
1250 1253 1252
1252 1254 1251
1252 1253 1255
1252 1256 1254
1252 1255 1256
1256 1257 1254
1258 1256 1255
1256 1259 1257
1258 1259 1256
1257 1259 1260
1260 1259 1258
1261 1262 1263
1261 1264 1262
1264 1265 1262
1264 1266 1265
1267 1264 1261
1268 1266 1264
1267 1269 1264
1268 1264 1269
1269 1270 1268
1271 1269 1267
1269 1272 1270
1271 1272 1269
1273 1270 1272
1271 1274 1272
1273 1272 1274
1271 1275 1274
1274 1276 1273
1275 1277 1274
1274 1277 1276
1275 1278 1277
1279 1276 1277
1277 1278 1280
1279 1277 1281
1277 1280 1281
1282 1279 1281
1281 1280 1282
1283 1284 1285
1283 1286 1284
1284 1286 1287
1288 1286 1283
1288 1283 1289
1287 1286 1290
1290 1286 1288
1291 1287 1290
1291 1292 1287
1293 1290 1288
1293 1291 1290
1294 1292 1291
1294 1295 1292
1296 1295 1294
1293 1297 1291
1294 1291 1297
1296 1294 1298
1298 1299 1296
1294 1297 1300
1300 1298 1294
1298 1301 1299
1302 1299 1301
1300 1303 1298
1298 1303 1301
1293 1288 1304
1305 1297 1293
1305 1293 1304
1300 1297 1306
1305 1306 1297
1307 1304 1288
1289 1307 1288
1308 1303 1300
1309 1303 1308
1309 1301 1303
1308 1300 1310
1300 1306 1310
1311 1301 1309
1311 1312 1301
1313 1312 1311
1302 1301 1312
1313 1314 1312
1302 1312 1314
1302 1314 1315
1314 1313 1316
1314 1317 1315
1314 1316 1318
1314 1318 1317
1318 1316 1319
1317 1318 1319
1310 1306 1320
1305 1320 1306
1310 1320 1321
1322 1321 1320
1310 1321 1323
1305 1324 1320
1322 1320 1324
1325 1323 1321
1326 1323 1325
1325 1327 1326
1325 1328 1327
1325 1321 1329
1328 1325 1329
1322 1329 1321
1328 1329 1330
1330 1329 1322
1330 1322 1331
1324 1305 1332
1305 1304 1332
1304 1333 1332
1307 1333 1304
1333 1307 1334
1334 1307 1289
1333 1334 1335
1335 1336 1333
1336 1332 1333
1335 1337 1336
1338 1336 1337
1324 1332 1339
1339 1332 1336
1338 1340 1336
1339 1336 1340
1340 1338 1341
1334 1289 1342
1334 1342 1343
1343 1342 1344
1345 1324 1339
1322 1324 1345
1340 1341 1346
1347 1346 1341
1347 1348 1346
1339 1340 1349
1345 1339 1349
1346 1349 1340
1350 1322 1345
1349 1350 1345
1350 1331 1322
1348 1351 1346
1346 1351 1349
1351 1350 1349
1348 1352 1351
1351 1353 1350
1353 1351 1352
1353 1331 1350
1353 1352 1354
1353 1355 1331
1354 1355 1353
1356 1331 1355
1354 1357 1355
1356 1355 1358
1358 1355 1357
1359 1356 1358
1358 1357 1360
1359 1358 1361
1361 1358 1360
1361 1362 1359
1361 1360 1363
1361 1364 1362
1363 1364 1361
1364 1365 1362
1363 1366 1364
1364 1367 1365
1366 1367 1364
1365 1367 1368
1366 1369 1367
1367 1369 1368
1370 1371 1372
1370 1373 1371
1374 1373 1370
1373 1375 1371
1373 1376 1375
1374 1376 1373
1376 1377 1375
1376 1378 1377
1379 1377 1378
1374 1380 1376
1380 1378 1376
1374 1370 1381
1382 1381 1370
1382 1370 1383
1374 1381 1384
1379 1378 1385
1380 1386 1378
1385 1378 1386
1379 1385 1387
1379 1387 1388
1385 1386 1389
1387 1385 1389
1388 1387 1390
1388 1390 1391
1392 1391 1390
1393 1390 1387
1387 1389 1393
1392 1390 1394
1393 1394 1390
1394 1395 1392
1395 1394 1393
1395 1393 1396
1396 1393 1389
1396 1389 1397
1397 1389 1386
1397 1386 1398
1386 1399 1398
1380 1399 1386
1380 1400 1399
1380 1374 1400
1374 1401 1400
1374 1384 1401
1401 1384 1402
1401 1402 1403
1404 1403 1402
1401 1403 1405
1403 1406 1405
1407 1402 1384
1404 1402 1407
1407 1384 1408
1408 1409 1407
1403 1410 1406
1404 1410 1403
1410 1411 1406
1409 1412 1407
1404 1407 1412
1413 1412 1409
1413 1409 1414
1415 1412 1413
1404 1412 1415
1404 1415 1416
1404 1416 1417
1404 1417 1410
1417 1416 1418
1417 1418 1419
1410 1417 1419
1419 1418 1420
1410 1421 1411
1410 1419 1421
1422 1411 1421
1419 1420 1423
1423 1421 1419
1423 1420 1424
1422 1421 1425
1423 1425 1421
1425 1426 1422
1425 1427 1426
1423 1427 1425
1426 1427 1428
1428 1429 1424
1423 1424 1429
1423 1429 1427
1427 1429 1428
1430 1431 1432
1430 1432 1433
1433 1434 1430
1435 1433 1432
1433 1436 1434
1435 1437 1433
1437 1436 1433
1437 1435 1438
1437 1439 1436
1439 1440 1436
1439 1441 1440
1437 1438 1442
1442 1439 1437
1443 1442 1438
1441 1439 1444
1442 1444 1439
1441 1444 1445
1444 1446 1445
1443 1447 1442
1447 1444 1442
1447 1443 1448
1444 1449 1446
1447 1449 1444
1450 1446 1449
1450 1449 1451
1451 1449 1447
1452 1450 1451
1447 1448 1453
1451 1447 1453
1454 1453 1448
1452 1451 1455
1453 1455 1451
1456 1452 1455
1454 1457 1453
1453 1457 1455
1458 1457 1454
1456 1455 1459
1457 1459 1455
1459 1460 1456
1458 1461 1457
1457 1461 1459
1459 1462 1460
1461 1462 1459
1462 1463 1460
1464 1461 1458
1461 1464 1462
1464 1458 1465
1462 1466 1463
1466 1462 1464
1467 1463 1466
1468 1464 1465
1466 1464 1468
1466 1468 1467
1468 1465 1469
1468 1469 1467
1470 1471 1472
1470 1473 1471
1474 1473 1470
1473 1475 1471
1474 1476 1473
1476 1474 1477
1473 1478 1475
1476 1478 1473
1478 1479 1475
1477 1480 1476
1476 1480 1478
1477 1481 1480
1478 1482 1479
1480 1482 1478
1482 1483 1479
1481 1484 1480
1480 1484 1482
1481 1485 1484
1482 1486 1483
1484 1486 1482
1485 1487 1484
1484 1487 1486
1485 1488 1487
1489 1483 1486
1487 1489 1486
1489 1490 1483
1491 1490 1489
1491 1492 1490
1493 1492 1491
1488 1494 1487
1487 1494 1489
1494 1491 1489
1488 1495 1494
1495 1496 1494
1494 1496 1491
1495 1497 1496
1497 1498 1496
1491 1496 1498
1497 1499 1498
1493 1491 1500
1491 1498 1500
1499 1501 1498
1501 1500 1498
1499 1502 1501
1503 1493 1500
1501 1503 1500
1503 1504 1493
1502 1505 1501
1505 1503 1501
1502 1506 1505
1507 1505 1506
1508 1504 1503
1505 1508 1503
1507 1508 1505
1508 1509 1504
1507 1509 1508
1510 1511 1512
1510 1513 1511
1513 1510 1514
1515 1511 1513
1513 1514 1516
1517 1516 1514
1517 1518 1516
1518 1517 1519
1518 1519 1520
1520 1519 1521
1520 1521 1522
1521 1523 1522
1524 1522 1523
1524 1520 1522
1524 1525 1520
1525 1518 1520
1525 1526 1518
1526 1516 1518
1526 1527 1516
1513 1516 1527
1527 1526 1528
1513 1527 1529
1528 1529 1527
1515 1513 1529
1528 1530 1529
1530 1515 1529
1530 1531 1515
1532 1533 1534
1532 1534 1535
1536 1535 1534
1536 1534 1537
1538 1536 1537
1538 1537 1539
1539 1540 1538
1539 1541 1540
1540 1541 1542
1540 1542 1543
1542 1544 1543
1545 1546 1547
1545 1547 1548
1548 1547 1549
1550 1545 1548
1548 1549 1551
1550 1548 1551
1551 1549 1552
1552 1550 1551
1552 1553 1550
1554 1555 1556
1554 1557 1555
1558 1557 1554
1555 1557 1559
1558 1560 1557
1561 1560 1558
1559 1557 1562
1559 1562 1563
1564 1563 1562
1564 1562 1565
1565 1566 1564
1567 1565 1562
1568 1562 1557
1567 1562 1568
1568 1557 1560
1569 1567 1568
1569 1568 1570
1570 1568 1560
1571 1569 1570
1561 1572 1560
1570 1560 1572
1572 1561 1573
1571 1570 1574
1572 1574 1570
1571 1574 1575
1572 1573 1576
1572 1576 1574
1575 1574 1576
1576 1573 1575
1577 1578 1579
1577 1579 1580
1580 1579 1581
1577 1580 1582
1577 1582 1583
1583 1582 1584
1582 1585 1584
1582 1586 1585
1580 1586 1582
1587 1585 1586
1580 1581 1588
1581 1587 1588
1580 1588 1586
1588 1587 1586
1589 1590 1591
1592 1590 1589
1592 1593 1590
1593 1594 1590
1595 1593 1592
1595 1592 1596
1595 1596 1597
1598 1594 1593
1599 1594 1598
1598 1600 1599
1598 1593 1601
1601 1593 1595
1598 1602 1600
1598 1601 1602
1603 1600 1602
1603 1602 1604
1602 1605 1604
1602 1606 1605
1601 1606 1602
1606 1607 1605
1595 1597 1608
1609 1608 1597
1601 1595 1610
1601 1610 1606
1610 1595 1608
1606 1611 1607
1610 1611 1606
1611 1612 1607
1609 1613 1608
1614 1613 1609
1610 1608 1615
1610 1615 1611
1615 1608 1613
1611 1616 1612
1615 1616 1611
1616 1617 1612
1615 1618 1616
1615 1613 1618
1616 1619 1617
1618 1619 1616
1620 1617 1619
1618 1621 1619
1613 1621 1618
1620 1619 1621
1614 1620 1622
1614 1622 1613
1620 1621 1622
1613 1622 1621
1623 1624 1625
1623 1626 1624
1626 1623 1627
1626 1628 1624
1628 1629 1624
1626 1630 1628
1626 1627 1631
1631 1630 1626
1631 1627 1632
1631 1633 1630
1631 1632 1634
1634 1633 1631
1635 1634 1632
1634 1636 1633
1635 1637 1634
1637 1636 1634
1637 1635 1638
1637 1639 1636
1637 1638 1640
1640 1639 1637
1640 1638 1641
1640 1642 1639
1640 1641 1642
1643 1644 1645
1643 1646 1644
1647 1646 1643
1647 1643 1648
1649 1647 1648
1643 1650 1648
1643 1651 1650
1650 1651 1652
1650 1652 1653
1653 1654 1650
1648 1650 1654
1653 1655 1654
1654 1655 1656
1649 1648 1657
1648 1654 1657
1657 1658 1649
1654 1656 1659
1659 1657 1654
1660 1659 1656
1657 1661 1658
1659 1661 1657
1662 1658 1661
1660 1663 1659
1663 1661 1659
1663 1660 1664
1662 1661 1665
1663 1665 1661
1663 1664 1666
1665 1663 1666
1662 1665 1667
1665 1666 1667
1662 1667 1668
1664 1669 1666
1667 1666 1669
1664 1670 1669
1668 1667 1671
1667 1669 1671
1672 1671 1669
1668 1671 1673
1673 1671 1672
1673 1672 1674
1672 1675 1674
1676 1669 1670
1672 1669 1676
1676 1670 1677
1677 1678 1676
1672 1676 1678
1677 1679 1678
1678 1679 1680
1672 1681 1675
1672 1678 1681
1675 1681 1680
1681 1678 1680
1682 1683 1684
1683 1682 1685
1683 1685 1686
1686 1685 1687
1686 1688 1683
1683 1688 1689
1686 1687 1690
1690 1687 1691
1686 1692 1688
1686 1690 1692
1692 1693 1688
1692 1694 1693
1695 1694 1692
1690 1695 1692
1695 1696 1694
1695 1697 1696
1690 1691 1698
1690 1698 1695
1695 1699 1697
1698 1699 1695
1699 1700 1697
1691 1701 1698
1698 1701 1699
1691 1702 1701
1699 1703 1700
1701 1703 1699
1703 1704 1700
1702 1705 1701
1701 1705 1703
1702 1706 1705
1707 1705 1706
1703 1708 1704
1705 1708 1703
1709 1704 1708
1707 1710 1705
1705 1710 1708
1711 1710 1707
1709 1708 1712
1712 1708 1710
1712 1713 1709
1711 1714 1710
1712 1710 1714
1714 1711 1715
1712 1716 1713
1714 1716 1712
1717 1713 1716
1714 1715 1718
1718 1715 1717
1717 1716 1718
1714 1718 1716
1719 1720 1721
1719 1722 1720
1723 1720 1722
1724 1722 1719
1723 1722 1725
1724 1726 1722
1725 1722 1726
1727 1726 1724
1725 1726 1728
1727 1729 1726
1728 1726 1729
1729 1727 1730
1728 1729 1731
1729 1730 1732
1732 1731 1729
1730 1733 1732
1732 1734 1731
1732 1733 1734
1735 1736 1737
1735 1738 1736
1738 1735 1739
1736 1738 1740
1738 1739 1741
1741 1739 1742
1738 1743 1740
1744 1740 1743
1744 1743 1745
1746 1743 1738
1746 1738 1741
1747 1745 1743
1747 1743 1746
1748 1745 1747
1748 1747 1749
1749 1747 1750
1750 1747 1746
1749 1750 1751
1741 1742 1752
1752 1742 1753
1754 1746 1741
1750 1746 1754
1754 1741 1752
1751 1750 1755
1755 1750 1754
1751 1755 1756
1752 1753 1757
1758 1757 1753
1759 1754 1752
1755 1754 1759
1759 1752 1757
1756 1755 1760
1760 1755 1759
1756 1760 1761
1760 1762 1761
1760 1759 1763
1763 1759 1757
1763 1762 1760
1758 1764 1757
1763 1757 1764
1764 1758 1762
1762 1763 1764
1765 1766 1767
1768 1766 1765
1769 1768 1765
1770 1766 1768
1769 1771 1768
1771 1769 1772
1770 1768 1773
1771 1773 1768
1770 1773 1774
1775 1770 1774
1775 1774 1776
1777 1775 1776
1776 1774 1778
1776 1778 1779
1780 1779 1778
1778 1774 1781
1782 1781 1774
1782 1774 1773
1783 1782 1773
1783 1773 1784
1771 1784 1773
1784 1785 1783
1780 1778 1786
1786 1778 1787
1786 1787 1788
1789 1784 1771
1771 1772 1789
1784 1790 1785
1789 1790 1784
1772 1791 1789
1791 1790 1789
1772 1792 1791
1793 1785 1790
1791 1793 1790
1793 1794 1785
1793 1795 1794
1793 1796 1795
1791 1796 1793
1795 1796 1797
1792 1798 1791
1791 1798 1796
1796 1798 1797
1792 1799 1798
1798 1799 1797
1800 1788 1801
1786 1788 1800
1800 1801 1802
1803 1802 1801
1804 1786 1800
1804 1780 1786
1804 1805 1780
1804 1806 1805
1804 1807 1806
1804 1800 1808
1808 1807 1804
1802 1808 1800
1808 1809 1807
1810 1809 1808
1802 1810 1808
1810 1811 1809
1803 1812 1802
1810 1802 1812
1812 1811 1810
1812 1803 1813
1812 1814 1811
1814 1812 1813
1815 1816 1817
1815 1818 1816
1819 1818 1815
1816 1818 1820
1816 1820 1821
1821 1820 1822
1821 1822 1823
1822 1824 1823
1819 1825 1818
1826 1825 1819
1826 1827 1825
1818 1828 1820
1818 1825 1828
1828 1825 1827
1828 1822 1820
1828 1827 1829
1830 1828 1829
1828 1830 1822
1830 1829 1831
1830 1831 1832
1830 1832 1833
1822 1830 1833
1833 1832 1834
1822 1835 1824
1822 1833 1835
1824 1835 1836
1833 1836 1835
1824 1836 1837
1837 1836 1838
1833 1834 1839
1833 1839 1836
1838 1836 1839
1839 1834 1838
1840 1841 1842
1840 1843 1841
1844 1841 1843
1844 1843 1845
1846 1844 1845
1846 1845 1847
1847 1848 1846
1840 1849 1843
1843 1850 1845
1843 1849 1850
1845 1851 1847
1845 1850 1851
1847 1852 1848
1851 1852 1847
1848 1852 1853
1848 1853 1854
1854 1853 1855
1856 1853 1852
1851 1856 1852
1853 1857 1855
1856 1857 1853
1857 1858 1855
1856 1858 1857
1856 1859 1858
1851 1859 1856
1851 1860 1859
1860 1851 1850
1860 1850 1861
1861 1850 1849
1861 1849 1862
1863 1862 1849
1863 1864 1862
1840 1863 1849
1865 1863 1840
1865 1866 1863
1867 1868 1869
1869 1868 1870
1870 1868 1871
1870 1871 1872
1872 1871 1873
1874 1872 1873
1870 1872 1875
1874 1876 1872
1872 1876 1875
1877 1875 1876
1878 1879 1880
1881 1879 1878
1881 1882 1879
1881 1883 1882
1884 1882 1883
1883 1881 1885
1884 1883 1886
1885 1886 1883
1887 1884 1886
1885 1888 1886
1887 1886 1889
1888 1889 1886
1890 1887 1889
1890 1891 1887
1890 1892 1891
1893 1890 1889
1888 1893 1889
1894 1892 1890
1893 1894 1890
1895 1892 1894
1894 1896 1895
1894 1893 1896
1888 1896 1893
1888 1897 1896
1888 1885 1898
1897 1888 1898
1899 1898 1885
1897 1898 1900
1899 1901 1898
1901 1900 1898
1901 1899 1902
1901 1903 1900
1901 1902 1904
1904 1903 1901
1903 1904 1905
1904 1902 1906
1907 1904 1906
1907 1905 1904
1903 1905 1908
1907 1909 1905
1905 1910 1908
1911 1905 1909
1905 1912 1910
1911 1912 1905
1913 1914 1915
1913 1915 1916
1917 1913 1916
1916 1915 1918
1917 1916 1919
1919 1920 1917
1916 1918 1921
1919 1916 1921
1921 1918 1922
1921 1922 1923
1924 1921 1923
1919 1921 1924
1924 1923 1925
1919 1926 1920
1924 1926 1919
1920 1926 1927
1925 1928 1924
1924 1928 1926
1925 1929 1928
1927 1926 1930
1930 1926 1928
1929 1930 1928
1929 1931 1930
1930 1932 1927
1931 1933 1930
1930 1933 1932
1931 1934 1933
1932 1933 1935
1934 1935 1933
1932 1935 1936
1934 1937 1935
1936 1935 1938
1935 1937 1938
1939 1940 1941
1939 1942 1940
1943 1942 1939
1943 1939 1944
1943 1944 1945
1943 1945 1946
1943 1946 1947
1948 1943 1947
1942 1949 1940
1948 1950 1943
1943 1950 1942
1950 1948 1951
1942 1952 1949
1952 1942 1950
1952 1953 1949
1950 1951 1954
1952 1950 1954
1954 1951 1955
1954 1955 1956
1952 1954 1956
1956 1955 1957
1952 1958 1953
1952 1956 1958
1953 1958 1959
1956 1957 1960
1960 1958 1956
1959 1958 1960
1961 1960 1957
1962 1959 1960
1961 1962 1960
1962 1963 1959
1962 1961 1964
1962 1965 1963
1962 1964 1966
1962 1966 1965
1967 1966 1964
1967 1965 1966
1968 1969 1970
1968 1971 1969
1971 1972 1969
1971 1973 1972
1971 1974 1973
1975 1971 1968
1975 1974 1971
1975 1968 1976
1976 1968 1977
1974 1975 1978
1976 1978 1975
1974 1978 1979
1979 1978 1980
1979 1980 1981
1976 1982 1978
1980 1978 1982
1976 1977 1983
1983 1982 1976
1983 1977 1984
1984 1977 1985
1983 1986 1982
1984 1986 1983
1981 1980 1987
1981 1987 1988
1980 1982 1989
1989 1982 1986
1984 1985 1990
1985 1991 1990
1991 1992 1990
1984 1990 1992
1991 1993 1992
1992 1993 1994
1984 1992 1995
1995 1992 1994
1984 1995 1986
1995 1994 1996
1986 1995 1996
1997 1996 1994
1986 1996 1998
1989 1986 1998
1997 1999 1996
1999 1998 1996
1999 1997 2000
2001 1989 1998
1999 2002 1998
1999 2000 2003
2003 2002 1999
2003 2000 2004
2003 2005 2002
2001 2006 1989
2006 1980 1989
2007 2006 2001
2006 1987 1980
2003 2004 2008
2008 2005 2003
2008 2009 2005
2010 2008 2004
2007 2011 2006
1987 2006 2011
2012 2011 2007
2011 2012 2013
2014 2009 2008
2010 2014 2008
2014 2015 2009
2010 2016 2014
2015 2014 2016
2010 2017 2016
2015 2016 2018
2016 2017 2019
2018 2016 2019
1987 2011 2020
1988 1987 2020
1988 2020 2021
2011 2013 2022
2020 2011 2022
2021 2020 2023
2020 2022 2023
2021 2023 2024
2023 2025 2024
2013 2026 2022
2013 2027 2026
2026 2027 2028
2022 2029 2023
2023 2029 2025
2022 2026 2029
2025 2029 2030
2026 2030 2029
2025 2030 2031
2031 2030 2032
2026 2028 2033
2026 2033 2030
2033 2028 2032
2030 2033 2032
2034 2035 2036
2034 2036 2037
2037 2036 2038
2038 2036 2039
2040 2037 2038
2040 2041 2037
2042 2041 2040
2040 2043 2042
2040 2044 2043
2044 2040 2038
2045 2043 2044
2045 2044 2046
2046 2047 2045
2039 2048 2038
2039 2049 2048
2044 2038 2050
2046 2044 2050
2046 2051 2047
2051 2052 2047
2048 2049 2053
2054 2053 2049
2046 2050 2055
2055 2051 2046
2051 2056 2052
2056 2057 2052
2055 2058 2051
2056 2051 2058
2056 2059 2057
2060 2057 2059
2061 2059 2056
2056 2058 2061
2059 2062 2060
2061 2062 2059
2060 2062 2063
2061 2063 2062
2061 2064 2063
2064 2061 2058
2064 2058 2065
2065 2058 2055
2065 2055 2066
2066 2055 2050
2066 2050 2067
2038 2067 2050
2038 2068 2067
2068 2038 2048
2069 2068 2048
2070 2069 2048
2070 2048 2053
2053 2071 2070
2053 2072 2071
2054 2072 2053
2072 2073 2071
2054 2074 2072
2072 2074 2073
2054 2075 2074
2074 2075 2076
2073 2074 2077
2074 2076 2077
2073 2077 2078
2077 2076 2079
2077 2080 2078
2077 2079 2081
2077 2081 2080
2081 2079 2082
2082 2080 2081
2083 2084 2085
2083 2086 2084
2086 2087 2084
2087 2088 2084
2089 2087 2086
2089 2086 2090
2091 2089 2090
2089 2091 2092
2089 2092 2093
2093 2087 2089
2094 2093 2092
2094 2095 2093
2095 2094 2096
2088 2087 2097
2088 2097 2098
2093 2099 2087
2095 2099 2093
2095 2096 2100
2100 2096 2101
2097 2102 2098
2103 2098 2102
2095 2104 2099
2104 2095 2100
2100 2101 2105
2106 2105 2101
2105 2107 2100
2104 2100 2107
2108 2105 2106
2105 2108 2107
2106 2109 2108
2109 2107 2108
2109 2110 2107
2110 2104 2107
2110 2111 2104
2111 2099 2104
2111 2112 2099
2087 2099 2112
2087 2112 2113
2113 2097 2087
2114 2097 2113
2115 2097 2114
2115 2102 2097
2102 2115 2116
2102 2116 2117
2103 2102 2117
2117 2116 2118
2103 2117 2119
2117 2118 2119
2103 2119 2120
2121 2119 2118
2119 2121 2120
2122 2123 2124
2122 2124 2125
2125 2124 2126
2125 2126 2127
2127 2126 2128
2127 2128 2129
2130 2127 2129
2131 2125 2127
2131 2127 2130
2131 2132 2125
2132 2122 2125
2130 2133 2131
2132 2131 2133
2130 2134 2133
2134 2135 2133
2134 2136 2135
2132 2133 2137
2135 2137 2133
2132 2138 2122
2138 2132 2137
2138 2139 2122
2139 2140 2122
2138 2137 2141
2139 2138 2141
2136 2142 2135
2136 2143 2142
2135 2144 2137
2144 2141 2137
2139 2145 2140
2140 2145 2146
2146 2145 2147
2139 2147 2145
2146 2147 2148
2147 2149 2148
2139 2150 2147
2150 2149 2147
2139 2141 2150
2150 2151 2149
2141 2151 2150
2152 2149 2151
2141 2153 2151
2144 2153 2141
2152 2151 2154
2154 2151 2153
2154 2155 2152
2156 2153 2144
2154 2153 2157
2154 2158 2155
2158 2154 2157
2158 2159 2155
2158 2157 2160
2156 2144 2161
2161 2144 2135
2162 2156 2161
2161 2135 2142
2158 2163 2159
2163 2158 2160
2164 2159 2163
2163 2160 2165
2162 2161 2166
2142 2166 2161
2167 2162 2166
2166 2168 2167
2164 2163 2169
2169 2163 2165
2164 2169 2170
2169 2165 2171
2171 2170 2169
2142 2172 2166
2143 2172 2142
2143 2173 2172
2166 2174 2168
2172 2174 2166
2174 2175 2168
2173 2176 2172
2172 2176 2174
2176 2175 2174
2173 2177 2176
2176 2177 2175
2178 2179 2180
2181 2179 2178
2181 2178 2182
2183 2179 2181
2183 2184 2179
2185 2181 2182
2186 2185 2182
2186 2187 2185
2188 2187 2186
2189 2185 2187
2189 2181 2185
2189 2187 2190
2191 2189 2190
2191 2190 2192
2192 2193 2191
2191 2193 2194
2191 2195 2189
2194 2195 2191
2181 2189 2195
2196 2195 2194
2181 2195 2196
2196 2183 2181
2183 2196 2197
2183 2197 2198
2198 2197 2199
2198 2184 2183
2198 2199 2200
2199 2201 2200
2202 2198 2200
2200 2201 2202
2202 2184 2198
2202 2201 2203
2184 2202 2203
2184 2203 2204
2205 2206 2207
2205 2208 2206
2209 2208 2205
2206 2208 2210
2206 2210 2211
2211 2210 2212
2213 2212 2210
2213 2214 2212
2215 2208 2209
2215 2209 2216
2217 2210 2208
2217 2213 2210
2218 2215 2216
2218 2216 2219
2220 2218 2219
2221 2218 2220
2215 2218 2221
2215 2221 2222
2223 2215 2222
2223 2208 2215
2217 2208 2223
2217 2223 2224
2217 2224 2225
2226 2217 2225
2226 2213 2217
2226 2227 2213
2228 2226 2225
2229 2226 2228
2226 2229 2227
2229 2228 2230
2230 2231 2229
2232 2231 2230
2213 2227 2233
2213 2233 2214
2234 2227 2229
2231 2234 2229
2234 2235 2227
2231 2236 2234
2227 2235 2237
2232 2238 2231
2238 2236 2231
2232 2239 2238
2236 2238 2239
2227 2237 2240
2240 2233 2227
2214 2233 2241
2214 2241 2242
2241 2243 2242
2244 2241 2233
2244 2233 2240
2237 2245 2240
2244 2240 2245
2237 2246 2245
2244 2245 2247
2246 2248 2245
2247 2245 2248
2249 2250 2251
2252 2249 2251
2252 2251 2253
2254 2252 2253
2254 2255 2252
2255 2254 2256
2257 2255 2256
2258 2255 2257
2258 2252 2255
2258 2259 2252
2252 2259 2249
2260 2249 2259
2249 2260 2261
2262 2261 2260
2262 2263 2261
2260 2264 2262
2265 2264 2260
2260 2259 2265
2265 2266 2264
2267 2265 2259
2267 2266 2265
2267 2259 2268
2267 2269 2266
2270 2267 2268
2267 2270 2269
2271 2263 2262
2272 2271 2262
2271 2273 2263
2273 2274 2263
2275 2274 2273
2272 2276 2271
2276 2272 2277
2275 2273 2278
2279 2275 2278
2273 2271 2280
2276 2280 2271
2281 2278 2273
2281 2273 2280
2282 2279 2278
2281 2282 2278
2281 2283 2282
2276 2277 2284
2284 2277 2285
2281 2280 2286
2283 2281 2286
2287 2279 2282
2287 2288 2279
2289 2288 2287
2289 2290 2288
2291 2289 2287
2291 2287 2292
2292 2287 2282
2291 2292 2293
2282 2294 2292
2293 2292 2294
2282 2283 2294
2293 2294 2295
2296 2295 2294
2296 2294 2297
2283 2297 2294
2298 2296 2297
2298 2297 2299
2299 2300 2298
2301 2300 2299
2301 2299 2297
2301 2297 2302
2283 2302 2297
2303 2302 2283
2304 2303 2283
2283 2286 2304
2286 2305 2304
2286 2306 2305
2280 2306 2286
2306 2307 2305
2280 2308 2306
2276 2308 2280
2306 2309 2307
2308 2309 2306
2307 2309 2310
2276 2311 2308
2308 2312 2309
2276 2284 2311
2313 2309 2312
2284 2314 2311
2310 2309 2315
2313 2315 2309
2310 2315 2316
2313 2317 2315
2317 2316 2315
2284 2318 2314
2284 2285 2318
2319 2314 2318
2318 2285 2319
2320 2321 2322
2320 2322 2323
2324 2320 2323
2322 2325 2323
2322 2326 2325
2326 2327 2325
2328 2325 2327
2328 2327 2329
2330 2324 2323
2330 2331 2324
2332 2323 2325
2332 2325 2328
2333 2331 2330
2333 2334 2331
2335 2334 2333
2336 2335 2333
2330 2336 2333
2330 2337 2336
2338 2337 2330
2338 2330 2323
2332 2338 2323
2332 2339 2338
2332 2340 2339
2341 2340 2332
2341 2332 2328
2341 2328 2342
2343 2340 2341
2344 2343 2341
2341 2342 2344
2344 2345 2343
2345 2344 2346
2347 2345 2346
2328 2348 2342
2328 2329 2348
2349 2344 2342
2346 2344 2349
2349 2342 2350
2346 2349 2351
2342 2352 2350
2347 2346 2353
2353 2346 2351
2347 2353 2354
2351 2354 2353
2342 2355 2352
2355 2342 2348
2329 2356 2348
2329 2357 2356
2356 2357 2358
2359 2348 2356
2359 2355 2348
2352 2355 2360
2359 2360 2355
2352 2360 2361
2359 2362 2360
2361 2360 2363
2362 2363 2360
2364 2365 2366
2365 2367 2366
2365 2368 2367
2367 2368 2369
2369 2368 2370
2369 2370 2371
2370 2372 2371
2371 2372 2373
2371 2373 2374
2375 2371 2374
2376 2366 2367
2376 2367 2369
2376 2377 2366
2375 2378 2371
2379 2378 2375
2380 2371 2378
2380 2369 2371
2381 2379 2375
2382 2377 2376
2382 2383 2377
2383 2382 2384
2382 2385 2384
2382 2376 2386
2385 2382 2386
2369 2386 2376
2387 2385 2386
2369 2387 2386
2387 2369 2380
2380 2388 2387
2380 2389 2388
2389 2390 2388
2389 2380 2378
2389 2391 2390
2390 2391 2392
2393 2391 2389
2391 2393 2392
2393 2389 2378
2393 2394 2392
2378 2394 2393
2378 2395 2394
2396 2395 2378
2396 2378 2397
2397 2398 2396
2397 2378 2379
2397 2399 2398
2398 2399 2400
2401 2399 2397
2397 2379 2401
2399 2402 2400
2401 2402 2399
2402 2403 2400
2401 2403 2402
2401 2404 2403
2401 2379 2404
2404 2379 2405
2405 2379 2381
2405 2381 2406
2404 2405 2407
2405 2406 2408
2407 2405 2408
2407 2408 2409
2410 2411 2412
2413 2411 2410
2413 2414 2411
2415 2414 2413
2415 2413 2416
2416 2417 2415
2418 2417 2416
2419 2418 2416
2419 2416 2413
2419 2413 2420
2413 2410 2420
2421 2420 2410
2410 2422 2421
2423 2421 2422
2423 2422 2424
2421 2423 2425
2426 2421 2425
2421 2426 2420
2426 2425 2427
2428 2420 2426
2428 2426 2427
2428 2429 2420
2428 2427 2430
2431 2429 2428
2428 2430 2431
2432 2423 2424
2433 2423 2432
2432 2424 2434
2434 2424 2435
2436 2434 2435
2433 2432 2437
2437 2438 2433
2436 2439 2434
2440 2439 2436
2434 2441 2432
2437 2432 2441
2442 2434 2439
2442 2441 2434
2443 2439 2440
2442 2439 2443
2442 2443 2444
2437 2445 2438
2445 2446 2438
2442 2447 2441
2444 2447 2442
2448 2443 2440
2448 2440 2449
2450 2448 2449
2450 2449 2451
2452 2448 2450
2452 2453 2448
2453 2443 2448
2452 2454 2453
2443 2453 2455
2454 2455 2453
2443 2455 2444
2454 2456 2455
2457 2455 2456
2457 2458 2455
2444 2455 2458
2459 2458 2457
2459 2460 2458
2460 2459 2461
2462 2460 2461
2462 2458 2460
2462 2463 2458
2444 2458 2463
2464 2444 2463
2465 2444 2464
2444 2465 2447
2447 2465 2466
2447 2466 2467
2441 2447 2467
2467 2466 2468
2441 2467 2469
2437 2441 2469
2467 2468 2470
2469 2467 2470
2468 2471 2470
2437 2469 2472
2469 2470 2473
2437 2472 2445
2474 2473 2470
2445 2472 2475
2471 2476 2470
2474 2470 2476
2471 2477 2476
2474 2476 2478
2478 2476 2477
2445 2475 2479
2445 2479 2446
2480 2479 2475
2479 2480 2446
2481 2482 2483
2481 2484 2482
2484 2481 2485
2484 2485 2486
2485 2487 2486
2486 2487 2488
2488 2487 2489
2490 2486 2488
2490 2488 2489
2490 2484 2486
2490 2489 2491
2484 2490 2492
2484 2492 2482
2490 2491 2492
2492 2493 2482
2493 2494 2482
2493 2495 2494
2494 2495 2496
2494 2496 2497
2498 2493 2492
2491 2499 2492
2499 2498 2492
2499 2500 2498
2491 2501 2499
2499 2502 2500
2501 2502 2499
2501 2503 2502
2504 2505 2506
2504 2506 2507
2507 2508 2504
2509 2507 2506
2509 2506 2510
2507 2511 2508
2509 2511 2507
2512 2509 2510
2512 2510 2513
2514 2512 2513
2514 2515 2512
2515 2514 2516
2517 2509 2512
2509 2517 2511
2508 2511 2518
2508 2518 2519
2515 2520 2512
2517 2512 2520
2521 2511 2517
2521 2518 2511
2519 2518 2522
2519 2522 2523
2523 2522 2524
2524 2522 2525
2526 2522 2518
2526 2518 2521
2522 2526 2525
2517 2527 2521
2526 2521 2527
2517 2520 2527
2526 2528 2525
2526 2527 2528
2528 2529 2525
2530 2528 2527
2528 2530 2529
2531 2527 2520
2530 2527 2531
2529 2530 2532
2532 2530 2531
2533 2529 2532
2531 2520 2534
2515 2534 2520
2533 2532 2535
2533 2535 2536
2532 2531 2537
2537 2531 2534
2537 2535 2532
2538 2536 2535
2537 2538 2535
2538 2539 2536
2537 2534 2540
2540 2538 2537
2540 2534 2515
2541 2539 2538
2540 2541 2538
2541 2542 2539
2541 2543 2542
2542 2543 2544
2540 2515 2545
2540 2546 2541
2540 2545 2546
2515 2547 2545
2515 2516 2547
2516 2548 2547
2516 2549 2548
2545 2547 2550
2545 2550 2546
2551 2550 2547
2547 2548 2551
2551 2552 2550
2550 2552 2546
2552 2553 2546
2541 2546 2554
2541 2554 2543
2553 2554 2546
2554 2553 2543
2555 2552 2551
2555 2551 2548
2555 2553 2552
2553 2556 2543
2543 2556 2557
2553 2558 2556
2553 2559 2558
2555 2559 2553
2559 2560 2558
2559 2561 2560
2562 2560 2561
2555 2563 2559
2563 2561 2559
2562 2561 2564
2563 2564 2561
2562 2564 2565
2563 2555 2566
2555 2548 2566
2564 2563 2567
2563 2566 2567
2565 2564 2568
2564 2567 2568
2548 2569 2566
2567 2566 2569
2570 2565 2568
2570 2571 2565
2568 2567 2572
2568 2572 2570
2567 2569 2572
2548 2573 2569
2549 2573 2548
2549 2574 2573
2573 2574 2575
2576 2571 2570
2576 2570 2572
2577 2572 2569
2577 2569 2573
2573 2575 2578
2577 2573 2578
2578 2575 2579
2577 2580 2572
2576 2572 2580
2581 2571 2576
2582 2571 2581
2583 2582 2581
2584 2583 2581
2576 2585 2581
2584 2581 2585
2576 2580 2585
2586 2584 2585
2580 2577 2587
2580 2587 2585
2578 2587 2577
2586 2585 2587
2578 2588 2587
2588 2586 2587
2578 2579 2588
2588 2589 2586
2589 2588 2579
2589 2579 2590
2591 2592 2593
2592 2591 2594
2595 2592 2594
2596 2592 2595
2594 2597 2595
2594 2598 2597
2596 2595 2599
2600 2596 2599
2599 2601 2600
2602 2597 2598
2602 2598 2603
2604 2595 2597
2604 2599 2595
2597 2602 2604
2599 2605 2601
2605 2606 2601
2607 2602 2603
2607 2603 2608
2609 2607 2608
2610 2607 2609
2611 2599 2604
2611 2605 2599
2604 2602 2612
2602 2607 2612
2604 2612 2611
2607 2610 2613
2612 2607 2613
2613 2610 2614
2611 2612 2615
2615 2605 2611
2612 2613 2615
2605 2616 2606
2615 2616 2605
2606 2616 2617
2613 2614 2618
2615 2613 2618
2615 2619 2616
2616 2619 2617
2615 2618 2619
2618 2614 2620
2618 2620 2619
2620 2614 2621
2620 2621 2622
2620 2622 2623
2619 2620 2623
2624 2623 2622
2619 2625 2617
2619 2623 2625
2626 2617 2625
2624 2627 2623
2627 2625 2623
2626 2625 2628
2627 2628 2625
2629 2626 2628
2630 2627 2624
2630 2624 2631
2632 2630 2631
2633 2627 2630
2630 2632 2633
2628 2627 2633
2633 2632 2634
2629 2628 2635
2628 2633 2635
2635 2633 2634
2629 2635 2636
2637 2635 2634
2635 2638 2636
2637 2638 2635
2639 2640 2641
2641 2642 2639
2643 2642 2641
2644 2643 2641
2642 2643 2645
2642 2645 2646
2644 2647 2643
2648 2647 2644
2647 2648 2649
2650 2645 2643
2650 2643 2647
2651 2646 2645
2645 2650 2651
2651 2652 2646
2647 2649 2653
2653 2649 2654
2655 2650 2647
2655 2647 2653
2650 2656 2651
2650 2655 2656
2657 2652 2651
2651 2656 2657
2657 2658 2652
2659 2658 2657
2660 2659 2657
2657 2661 2660
2656 2661 2657
2661 2662 2660
2655 2663 2656
2663 2655 2653
2656 2663 2661
2653 2654 2664
2663 2653 2664
2654 2665 2664
2661 2666 2662
2663 2666 2661
2663 2664 2667
2664 2665 2667
2663 2667 2666
2666 2668 2662
2666 2667 2668
2668 2669 2662
2668 2670 2669
2668 2671 2670
2667 2671 2668
2672 2670 2671
2667 2665 2673
2667 2673 2671
2674 2673 2665
2672 2671 2675
2675 2671 2673
2674 2676 2673
2675 2673 2676
2677 2676 2674
2678 2672 2675
2678 2679 2672
2680 2679 2678
2681 2678 2675
2678 2681 2680
2676 2681 2675
2681 2682 2680
2677 2683 2676
2676 2683 2681
2683 2682 2681
2677 2684 2683
2685 2682 2683
2683 2684 2686
2685 2683 2686
2687 2688 2689
2689 2688 2690
2689 2690 2691
2692 2691 2690
2692 2693 2691
2692 2690 2694
2695 2693 2692
2692 2694 2696
2696 2694 2697
2697 2698 2696
2697 2699 2698
2696 2700 2692
2695 2692 2700
2695 2700 2701
2700 2702 2701
2702 2703 2701
2702 2704 2703
2705 2706 2707
2708 2706 2705
2708 2705 2709
2708 2709 2710
2710 2709 2711
2712 2710 2711
2712 2711 2713
2714 2712 2713
2714 2715 2712
2715 2714 2716
2717 2718 2719
2717 2719 2720
2721 2717 2720
2721 2722 2717
2720 2719 2723
2723 2719 2724
2725 2723 2724
2726 2720 2723
2726 2721 2720
2725 2727 2723
2726 2723 2727
2728 2727 2725
2729 2722 2721
2729 2730 2722
2731 2730 2729
2729 2721 2732
2732 2721 2726
2731 2729 2733
2729 2732 2733
2731 2733 2734
2731 2734 2735
2733 2732 2736
2733 2736 2734
2737 2732 2726
2732 2738 2736
2737 2726 2739
2726 2727 2739
2740 2737 2739
2736 2738 2741
2741 2734 2736
2741 2738 2742
2735 2734 2743
2741 2743 2734
2743 2744 2735
2739 2727 2745
2727 2728 2745
2740 2739 2746
2739 2745 2746
2740 2746 2747
2728 2748 2745
2746 2745 2748
2746 2748 2747
2728 2749 2748
2750 2747 2748
2748 2749 2750
2742 2751 2741
2742 2752 2751
2753 2741 2751
2753 2743 2741
2753 2744 2743
2754 2751 2752
2754 2753 2751
2754 2752 2755
2756 2754 2755
2744 2753 2757
2754 2757 2753
2756 2757 2754
2744 2757 2758
2756 2758 2757
2758 2756 2759
2760 2761 2762
2760 2763 2761
2763 2760 2764
2763 2765 2761
2763 2764 2766
2766 2764 2767
2763 2768 2765
2766 2768 2763
2766 2767 2769
2769 2767 2770
2768 2771 2765
2771 2772 2765
2771 2773 2772
2774 2773 2771
2773 2775 2772
2773 2776 2775
2774 2776 2773
2774 2777 2776
2774 2778 2777
2774 2779 2778
2779 2780 2778
2779 2781 2780
2781 2782 2780
2781 2783 2782
2782 2783 2784
2784 2783 2785
2784 2785 2786
2786 2785 2787
2787 2785 2788
2785 2783 2789
2789 2788 2785
2781 2789 2783
2789 2790 2788
2781 2791 2789
2791 2790 2789
2779 2791 2781
2791 2792 2790
2791 2793 2792
2779 2794 2791
2791 2794 2793
2774 2794 2779
2793 2794 2795
2774 2796 2794
2796 2795 2794
2774 2771 2796
2771 2797 2796
2796 2797 2795
2797 2771 2768
2768 2798 2797
2766 2798 2768
2797 2798 2799
2766 2799 2798
2797 2799 2795
2766 2769 2799
2800 2795 2799
2800 2801 2795
2802 2799 2769
2802 2800 2799
2769 2770 2802
2803 2801 2800
2803 2800 2802
2803 2804 2801
2770 2805 2802
2803 2802 2805
2770 2806 2805
2807 2805 2806
2808 2804 2803
2808 2803 2805
2808 2809 2804
2809 2808 2810
2810 2811 2807
2807 2811 2805
2808 2805 2811
2808 2811 2810
2812 2813 2814
2815 2814 2813
2816 2814 2815
2816 2817 2814
2818 2817 2816
2818 2816 2819
2818 2819 2820
2819 2821 2820
2821 2819 2816
2821 2816 2822
2822 2816 2815
2822 2815 2823
2815 2824 2823
2823 2824 2825
2826 2827 2828
2828 2827 2829
2828 2829 2830
2829 2827 2831
2829 2832 2830
2833 2829 2831
2833 2832 2829
2833 2831 2834
2835 2832 2833
2832 2835 2836
2833 2834 2837
2833 2837 2835
2837 2834 2838
2835 2839 2836
2835 2837 2839
2839 2837 2838
2836 2839 2840
2838 2841 2839
2841 2840 2839
2838 2842 2841
2842 2840 2841
2842 2843 2840
2840 2843 2844
2845 2846 2847
2848 2846 2845
2849 2846 2848
2850 2849 2848
2848 2845 2851
2850 2848 2852
2852 2848 2851
2852 2853 2850
2852 2851 2854
2854 2851 2855
2852 2856 2853
2856 2852 2854
2855 2857 2854
2858 2857 2855
2859 2853 2856
2859 2860 2853
2860 2859 2861
2861 2859 2862
2862 2859 2856
2862 2863 2861
2864 2863 2862
2862 2856 2865
2864 2862 2865
2856 2854 2865
2866 2864 2865
2866 2865 2854
2854 2857 2866
2866 2857 2867
2868 2867 2857
2858 2869 2857
2868 2857 2869
2858 2870 2869
2870 2871 2869
2869 2871 2868
2870 2872 2871
2871 2872 2873
2873 2872 2874
2872 2875 2874
2876 2871 2873
2876 2868 2871
2876 2877 2868
2878 2868 2877
2879 2868 2878
2879 2880 2868
2881 2880 2879
2882 2879 2878
2883 2881 2879
2882 2884 2879
2883 2879 2884
2885 2884 2882
2883 2884 2885
2886 2887 2888
2889 2887 2886
2890 2889 2886
2890 2891 2889
2892 2891 2890
2891 2893 2889
2892 2894 2891
2891 2894 2893
2895 2894 2892
2894 2895 2896
2893 2894 2897
2894 2896 2897
2893 2897 2898
2897 2896 2899
2897 2899 2898
2899 2900 2898
2901 2900 2899
2898 2900 2902
2903 2904 2905
2904 2906 2905
2906 2907 2905
2907 2906 2908
2906 2909 2908
2906 2910 2909
2909 2911 2908
2910 2912 2909
2910 2913 2912
2914 2912 2913
2914 2915 2912
2915 2914 2916
2917 2909 2912
2915 2917 2912
2918 2915 2916
2915 2918 2917
2916 2919 2918
2918 2919 2920
2918 2920 2917
2921 2917 2920
2917 2922 2909
2921 2922 2917
2922 2911 2909
2923 2922 2921
2922 2924 2911
2923 2924 2922
2925 2911 2924
2924 2923 2926
2924 2926 2927
2924 2927 2925
2928 2927 2926
2928 2926 2929
2928 2930 2927
2930 2925 2927
2931 2930 2928
2930 2931 2932
2932 2931 2933
2930 2934 2925
2930 2932 2934
2932 2933 2935
2933 2936 2935
2933 2937 2936
2936 2937 2938
2938 2939 2936
2940 2939 2938
2940 2941 2939
2942 2936 2939
2942 2939 2941
2942 2935 2936
2942 2941 2943
2944 2942 2943
2945 2935 2942
2944 2945 2942
2945 2932 2935
2945 2944 2946
2932 2945 2947
2945 2946 2947
2947 2934 2932
2947 2946 2948
2934 2947 2948
2946 2949 2948
2934 2948 2950
2925 2934 2950
2951 2925 2950
2951 2950 2948
2951 2952 2925
2953 2948 2949
2951 2948 2953
2953 2949 2954
2955 2952 2951
2955 2951 2953
2955 2956 2952
2957 2956 2955
2958 2953 2954
2955 2953 2958
2957 2955 2958
2958 2954 2959
2958 2959 2957
2960 2961 2962
2963 2962 2961
2963 2961 2964
2963 2964 2965
2966 2963 2965
2966 2967 2963
2967 2962 2963
2967 2968 2962
2962 2968 2969
2970 2969 2968
2969 2970 2971
2970 2972 2971
2973 2974 2975
2976 2974 2973
2977 2974 2976
2976 2978 2977
2979 2978 2976
2979 2980 2978
2979 2981 2980
2979 2982 2981
2981 2983 2980
2981 2982 2984
2981 2985 2983
2981 2984 2985
2985 2986 2983
2986 2985 2984
2987 2988 2989
2988 2990 2989
2988 2991 2990
2992 2990 2991
2992 2991 2993
2992 2994 2990
2995 2992 2993
2992 2996 2994
2996 2997 2994
2997 2996 2998
2997 2998 2999
2996 2992 3000
2995 3000 2992
2995 3001 3000
3000 3001 3002
3002 3001 3003
3002 3003 3004
3005 3006 3007
3008 3005 3007
3008 3009 3005
3008 3010 3009
3010 3011 3009
3012 3011 3010
3012 3013 3011
3014 3013 3012
3014 3012 3015
3015 3016 3014
3017 3018 3019
3017 3020 3018
3021 3020 3017
3021 3017 3022
3020 3023 3018
3023 3024 3018
3025 3024 3023
3026 3023 3020
3026 3020 3021
3025 3023 3027
3026 3027 3023
3028 3025 3027
3029 3021 3022
3029 3022 3030
3031 3029 3030
3029 3032 3021
3032 3026 3021
3031 3033 3029
3029 3033 3032
3031 3034 3033
3031 3035 3034
3033 3036 3032
3033 3034 3036
3037 3026 3032
3032 3036 3038
3037 3039 3026
3026 3039 3027
3040 3039 3037
3036 3041 3038
3041 3036 3034
3041 3042 3038
3035 3043 3034
3041 3034 3043
3043 3035 3044
3039 3045 3027
3027 3045 3028
3040 3046 3039
3039 3046 3045
3040 3047 3046
3028 3045 3048
3046 3048 3045
3046 3047 3048
3028 3048 3049
3050 3048 3047
3048 3050 3049
3051 3041 3043
3051 3043 3044
3051 3052 3041
3042 3041 3052
3042 3052 3053
3054 3053 3052
3054 3052 3051
3054 3055 3053
3056 3055 3054
3044 3057 3051
3054 3051 3057
3056 3054 3057
3044 3058 3057
3056 3057 3058
3058 3059 3056
3060 3061 3062
3060 3062 3063
3063 3064 3060
3063 3062 3065
3063 3066 3064
3066 3067 3064
3063 3065 3068
3066 3063 3068
3066 3069 3067
3069 3070 3067
3068 3065 3071
3071 3065 3072
3071 3072 3073
3074 3071 3073
3073 3072 3075
3073 3075 3076
3074 3073 3076
3074 3076 3077
3074 3077 3078
3074 3078 3079
3079 3078 3080
3079 3080 3081
3081 3080 3082
3081 3082 3083
3082 3084 3083
3084 3085 3083
3084 3086 3085
3086 3087 3085
3087 3088 3085
3085 3089 3083
3089 3085 3088
3081 3083 3089
3089 3088 3090
3081 3089 3091
3091 3089 3090
3079 3081 3091
3091 3090 3092
3091 3092 3093
3079 3091 3094
3091 3093 3094
3074 3079 3094
3093 3095 3094
3074 3094 3096
3096 3094 3095
3074 3096 3071
3071 3096 3097
3096 3095 3097
3097 3068 3071
3068 3097 3098
3066 3068 3098
3097 3099 3098
3066 3098 3099
3097 3095 3099
3066 3099 3069
3100 3099 3095
3100 3095 3101
3102 3069 3099
3102 3099 3100
3069 3102 3070
3103 3100 3101
3103 3102 3100
3103 3101 3104
3070 3102 3105
3103 3105 3102
3070 3105 3106
3107 3106 3105
3108 3103 3104
3108 3105 3103
3108 3104 3109
3109 3110 3108
3110 3107 3111
3107 3105 3111
3108 3111 3105
3108 3110 3111
3112 3113 3114
3115 3114 3113
3116 3115 3113
3116 3113 3117
3118 3116 3117
3118 3119 3116
3118 3120 3119
3119 3120 3121
3121 3116 3119
3121 3122 3116
3122 3115 3116
3122 3123 3115
3115 3123 3124
3123 3125 3124
3126 3127 3128
3127 3129 3128
3127 3130 3129
3129 3131 3128
3129 3130 3132
3133 3131 3129
3133 3129 3132
3133 3134 3131
3135 3133 3132
3132 3136 3135
3133 3137 3134
3133 3135 3137
3137 3138 3134
3135 3136 3139
3135 3139 3137
3139 3138 3137
3136 3140 3139
3138 3139 3141
3141 3139 3140
3138 3141 3142
3142 3141 3140
3142 3140 3143
3140 3144 3143
3145 3146 3147
3148 3145 3147
3149 3148 3147
3150 3148 3149
3148 3151 3145
3150 3152 3148
3152 3151 3148
3152 3150 3153
3152 3154 3151
3154 3155 3151
3152 3153 3156
3156 3154 3152
3155 3154 3157
3158 3155 3157
3159 3156 3153
3159 3153 3160
3160 3161 3159
3161 3162 3159
3162 3156 3159
3162 3161 3163
3164 3162 3163
3162 3165 3156
3164 3165 3162
3156 3165 3154
3166 3165 3164
3166 3154 3165
3154 3166 3157
3166 3167 3157
3168 3157 3167
3158 3157 3169
3168 3169 3157
3158 3169 3170
3170 3169 3171
3169 3168 3171
3170 3171 3172
3171 3173 3172
3173 3174 3172
3172 3174 3175
3176 3173 3171
3176 3171 3168
3176 3168 3177
3178 3177 3168
3179 3178 3168
3179 3168 3180
3181 3179 3180
3182 3178 3179
3183 3179 3181
3182 3179 3184
3183 3184 3179
3185 3182 3184
3183 3185 3184
3186 3187 3188
3189 3186 3188
3190 3186 3189
3190 3189 3191
3192 3190 3191
3191 3189 3193
3192 3191 3194
3191 3193 3194
3195 3192 3194
3194 3196 3195
3193 3197 3194
3194 3197 3196
3193 3198 3197
3197 3199 3196
3197 3198 3199
3199 3198 3200
3201 3199 3200
3198 3202 3200
3203 3204 3205
3205 3204 3206
3206 3204 3207
3207 3208 3206
3206 3208 3209
3206 3209 3210
3209 3208 3211
3210 3209 3212
3210 3212 3213
3214 3213 3212
3214 3212 3215
3215 3216 3214
3217 3212 3209
3215 3212 3217
3218 3216 3215
3215 3217 3218
3216 3218 3219
3218 3220 3219
3218 3217 3220
3221 3220 3217
3217 3209 3222
3221 3217 3222
3222 3209 3211
3223 3221 3222
3222 3211 3224
3223 3222 3224
3225 3224 3211
3224 3226 3223
3224 3227 3226
3224 3225 3227
3228 3226 3227
3228 3229 3226
3228 3227 3230
3230 3227 3225
3231 3228 3230
3230 3232 3231
3232 3233 3231
3230 3225 3234
3230 3234 3232
3232 3235 3233
3233 3235 3236
3233 3236 3237
3236 3238 3237
3238 3236 3239
3240 3238 3239
3240 3239 3241
3242 3239 3236
3242 3241 3239
3242 3236 3235
3242 3243 3241
3244 3243 3242
3245 3242 3235
3244 3242 3245
3245 3235 3232
3245 3246 3244
3232 3247 3245
3245 3247 3246
3247 3232 3234
3247 3248 3246
3234 3248 3247
3246 3248 3249
3234 3250 3248
3225 3250 3234
3251 3250 3225
3251 3248 3250
3251 3225 3252
3253 3249 3248
3251 3253 3248
3253 3254 3249
3255 3251 3252
3255 3253 3251
3255 3252 3256
3257 3255 3256
3258 3254 3253
3255 3258 3253
3257 3258 3255
3258 3259 3254
3258 3257 3259
3260 3261 3262
3263 3262 3261
3263 3264 3262
3263 3265 3264
3266 3265 3263
3266 3263 3267
3267 3263 3261
3267 3261 3268
3261 3269 3268
3270 3268 3269
3269 3271 3270
3270 3271 3272
3273 3274 3275
3276 3273 3275
3277 3276 3275
3276 3277 3278
3279 3276 3278
3279 3278 3280
3279 3280 3281
3279 3281 3282
3281 3280 3283
3281 3284 3282
3281 3283 3285
3281 3285 3284
3285 3283 3286
3286 3284 3285
3287 3288 3289
3287 3290 3288
3287 3291 3290
3287 3292 3291
3287 3289 3293
3293 3289 3294
3293 3294 3295
3293 3296 3287
3293 3297 3296
3297 3293 3295
3287 3296 3298
3287 3298 3292
3297 3295 3299
3298 3300 3292
3297 3299 3301
3298 3302 3300
3297 3301 3303
3298 3304 3302
3298 3296 3304
3304 3305 3302
3297 3303 3306
3297 3306 3296
3306 3303 3307
3306 3307 3308
3309 3305 3304
3304 3296 3309
3309 3310 3305
3309 3311 3310
3306 3308 3312
3306 3312 3296
3312 3308 3313
3314 3312 3313
3312 3314 3296
3314 3313 3315
3314 3315 3311
3316 3311 3309
3296 3316 3309
3316 3314 3311
3296 3314 3316
3317 3318 3319
3317 3319 3320
3321 3319 3318
3322 3320 3319
3321 3323 3319
3322 3319 3324
3325 3319 3323
3326 3324 3319
3325 3327 3319
3326 3319 3328
3329 3319 3327
3329 3328 3319
3330 3331 3332
3330 3332 3333
3334 3331 3330
3335 3330 3333
3334 3330 3336
3335 3337 3330
3338 3336 3330
3339 3330 3337
3338 3330 3340
3339 3341 3330
3342 3340 3330
3342 3330 3341
3343 3344 3345
3346 3344 3343
3343 3345 3347
3346 3343 3348
3347 3349 3343
3349 3348 3343
3347 3350 3349
3349 3351 3348
3350 3352 3349
3352 3351 3349
3350 3353 3352
3352 3354 3351
3352 3353 3355
3354 3352 3355
3356 1342 1289
3356 1289 3357
3358 3356 3357
1342 3356 3359
1342 3359 1344
3358 3360 3356
3361 3360 3358
3362 3359 3356
3362 3356 3360
3359 3362 3363
1344 3359 3363
3360 3364 3362
3361 3365 3360
3360 3365 3364
3365 3366 3364
3367 3365 3361
3365 3368 3366
3367 3368 3365
3369 3366 3368
3367 3370 3368
3369 3368 3370
3367 3371 3370
3372 3370 3371
3373 3369 3370
3372 3374 3370
3373 3370 3374
3374 3372 3375
3373 3374 3376
3374 3375 3376
3373 3376 3377
3378 3376 3375
3377 3376 3378
3378 3375 3379
3377 3378 3380
3381 3378 3379
3380 3378 3381
3381 3379 3382
3380 3381 3383
3382 3384 3381
3383 3381 3384
3382 3385 3384
3383 3384 3386
3384 3385 3387
3386 3384 3387
3388 3389 3390
3388 3391 3389
3389 3392 3390
3393 3389 3391
3389 3394 3392
3393 3394 3389
3395 3394 3393
3396 3392 3394
3395 3397 3394
3396 3394 3397
3397 3395 3398
3399 3396 3397
3397 3398 3399
3399 3400 3396
3399 3398 3401
3402 3400 3399
3399 3401 3403
3402 3399 3403
3404 3403 3401
3363 3402 3403
3404 3405 3403
3363 3403 3405
3405 3404 3406
1344 3363 3405
3405 3406 3407
1344 3405 3407
3408 3409 3410
3408 3410 3411
3408 3412 3409
3412 3413 3409
3412 793 3413
790 793 3412
790 3412 3414
3414 3412 3408
790 3414 775
3408 3411 3415
3415 3411 3416
3414 3408 3417
3417 3408 3415
3418 775 3414
3418 3414 3417
3418 773 775
3418 3419 773
3415 3416 3420
3420 3416 3421
3417 3415 3422
3418 3417 3422
3422 3415 3420
3419 3418 3423
3418 3422 3423
3419 3423 3424
3423 3425 3424
3420 3421 3426
3426 3421 3427
3422 3420 3428
3423 3422 3428
3428 3420 3426
3423 3429 3425
3423 3428 3429
3425 3429 3430
3428 3430 3429
3425 3430 3431
3430 3432 3431
3426 3427 3433
3433 3427 3434
3428 3426 3435
3428 3435 3430
3426 3433 3436
3426 3436 3435
3434 3436 3433
3430 3435 3436
3434 3432 3437
3430 3437 3432
3430 3436 3437
3437 3436 3434
3438 3439 3440
3441 3439 3438
3439 3442 3440
3440 3442 3443
3443 3442 3444
3443 3444 3445
3446 3445 3444
3446 3444 3447
3447 3444 3448
3447 3448 3449
3444 3442 3450
3444 3450 3448
3449 3448 3451
3450 3451 3448
3449 3451 3452
3450 3442 3453
3439 3453 3442
3450 3454 3451
3453 3454 3450
3452 3451 3455
3455 3451 3454
3452 3455 3456
3439 3457 3453
3453 3457 3454
3455 3454 3458
3458 3454 3457
3456 3455 3459
3459 3455 3458
3456 3459 3460
3439 3461 3457
3441 3461 3439
3457 3462 3458
3461 3462 3457
3463 3461 3441
3461 3463 3462
3463 3441 3464
3465 3464 3441
3459 3458 3466
3462 3466 3458
3460 3459 3467
3460 3467 3468
3462 3463 3469
3469 3463 3464
3462 3469 3470
3462 3471 3466
3472 3470 3469
3473 3459 3466
3473 3466 3471
3473 3467 3459
3473 3471 3474
3475 3473 3474
3475 3467 3473
3475 3474 3476
3477 3475 3476
3478 3468 3467
3475 3478 3467
3478 3479 3468
3477 3480 3475
3480 3478 3475
3480 3477 3481
3482 3479 3478
3480 3482 3478
3482 3483 3479
3480 3481 3484
3482 3480 3484
3485 3484 3481
3483 3482 3486
3482 3484 3486
3486 3484 3485
3483 3486 3487
3487 3486 3485
3472 3469 3488
3489 3472 3488
3488 3469 3490
3469 3464 3490
3489 3488 3491
3492 3489 3491
3493 3490 3464
3465 3493 3464
3488 3490 3494
3491 3488 3494
3492 3491 3495
3496 3492 3495
3493 3497 3490
3497 3494 3490
3497 3498 3494
3499 3494 3498
3491 3494 3500
3499 3500 3494
3495 3491 3500
3501 3500 3499
3501 3502 3500
3495 3500 3502
3503 3502 3501
3504 3495 3502
3503 3504 3502
3496 3495 3505
3504 3505 3495
3496 3505 3506
3504 3506 3505
3496 3506 3507
3503 3508 3504
3504 3508 3506
3503 3509 3508
3509 3510 3508
3506 3508 3510
3509 3511 3510
3510 3511 3512
3507 3506 3513
3506 3510 3513
3513 3510 3512
3507 3513 3514
3514 3513 3512
3515 3516 3517
3515 3517 3518
3515 3518 3519
3515 3520 3516
3520 3465 3516
3521 3515 3519
3521 3520 3515
3521 3519 3522
3520 3523 3465
3493 3465 3523
3521 3524 3520
3524 3523 3520
3525 3521 3522
3525 3522 3526
3493 3523 3527
3493 3527 3528
3529 3528 3527
3523 3530 3527
3524 3530 3523
3529 3527 3531
3531 3527 3530
3532 3529 3531
3533 3524 3521
3533 3521 3525
3534 3530 3524
3531 3530 3534
3534 3524 3533
3532 3531 3535
3535 3531 3534
3532 3535 3536
3536 3535 3537
3535 3534 3537
3533 3538 3534
3533 3539 3538
3539 3533 3525
3540 3538 3539
3539 3525 3541
3541 3525 3526
3541 3526 3542
3540 3539 3543
3543 3539 3541
3543 3544 3540
3542 3545 3541
3543 3541 3545
3542 3546 3545
3547 3545 3546
3543 3548 3544
3545 3548 3543
3548 3549 3544
3547 3550 3545
3545 3550 3548
3550 3547 3551
3548 3552 3549
3550 3552 3548
3552 3553 3549
3550 3551 3554
3550 3554 3552
3554 3551 3555
3554 3555 3556
3552 3554 3556
3556 3555 3557
3552 3558 3553
3552 3556 3558
3559 3553 3558
3556 3557 3560
3558 3556 3560
3560 3557 3561
3559 3562 3561
3559 3558 3562
3562 3560 3561
3558 3560 3562
3563 3564 3565
3563 3566 3564
3567 3565 3564
3568 3564 3566
3568 3566 3569
3567 3564 3570
3568 3570 3564
3570 3571 3567
3570 3572 3571
3573 3572 3570
3568 3573 3570
3573 3574 3572
3575 3568 3569
3575 3573 3568
3575 3569 3576
3575 3576 3577
3578 3574 3573
3575 3578 3573
3578 3579 3574
3575 3577 3580
3578 3575 3580
3580 3577 3581
3582 3579 3578
3578 3580 3582
3582 3583 3579
3580 3581 3584
3582 3580 3584
3584 3581 3585
3586 3583 3582
3582 3584 3586
3586 3587 3583
3586 3588 3587
3584 3585 3589
3586 3584 3589
3585 3590 3589
3586 3591 3588
3590 3588 3591
3586 3589 3591
3590 3591 3589
3592 3593 3594
3595 3592 3594
3596 3593 3592
3596 3592 3597
3595 3598 3592
3598 3597 3592
3596 3597 3599
3598 3600 3597
3597 3601 3599
3601 3602 3599
3601 3603 3602
3597 3600 3604
3604 3600 3605
3604 3605 3606
3597 3607 3601
3597 3604 3607
3601 3608 3603
3601 3609 3608
3607 3609 3601
3610 3603 3608
3610 3608 3609
3610 3611 3603
3612 3611 3610
3613 3612 3610
3610 3609 3613
3614 3609 3607
3614 3615 3609
3607 3604 3616
3614 3607 3616
3604 3606 3617
3604 3617 3616
3618 3617 3606
3618 3616 3617
3618 3606 3619
3620 3618 3619
3621 3618 3620
3618 3621 3616
3614 3616 3622
3614 3623 3615
3614 3622 3623
3623 3624 3615
3623 3622 3624
3625 3626 3627
3628 3627 3626
3629 3625 3627
3625 3629 3630
3628 3631 3627
3632 3631 3628
3629 3627 3633
3631 3633 3627
3632 3634 3631
3635 3634 3632
3631 3636 3633
3634 3636 3631
3629 3633 3637
3636 3637 3633
3629 3638 3630
3638 3629 3637
3635 3639 3634
3640 3639 3635
3634 3641 3636
3639 3641 3634
3636 3642 3637
3641 3642 3636
3640 3643 3639
3643 3640 3644
3639 3645 3641
3643 3645 3639
3643 3644 3646
3646 3644 3647
3638 3648 3630
3648 3649 3630
3638 3637 3650
3642 3650 3637
3641 3651 3642
3645 3651 3641
3643 3652 3645
3652 3643 3646
3638 3650 3653
3648 3638 3653
3642 3654 3650
3651 3654 3642
3654 3653 3650
3649 3648 3655
3649 3655 3656
3645 3657 3651
3652 3657 3645
3658 3652 3646
3652 3658 3657
3651 3659 3654
3657 3659 3651
3648 3653 3660
3648 3660 3655
3654 3661 3653
3661 3660 3653
3659 3661 3654
3662 3656 3655
3662 3663 3656
3664 3655 3660
3661 3664 3660
3664 3662 3655
3657 3665 3659
3658 3665 3657
3659 3666 3661
3666 3664 3661
3665 3666 3659
3667 3663 3662
3667 3668 3663
3669 3662 3664
3666 3669 3664
3669 3667 3662
3665 3670 3666
3670 3669 3666
3658 3671 3665
3671 3670 3665
3672 3668 3667
3672 3673 3668
3674 3667 3669
3670 3674 3669
3674 3672 3667
3671 3658 3675
3658 3646 3675
3675 3646 3647
3671 3676 3670
3676 3674 3670
3676 3671 3675
3677 3675 3647
3676 3675 3677
3678 3677 3647
3676 3679 3674
3679 3672 3674
3679 3676 3677
3680 3673 3672
3679 3680 3672
3680 3679 3677
3680 3677 3678
3680 3681 3673
3681 3680 3678
3682 3683 3684
3685 3684 3683
3686 3682 3684
3682 3686 3687
3685 3688 3684
3689 3688 3685
3686 3684 3690
3688 3690 3684
3689 3691 3688
3692 3691 3689
3688 3693 3690
3691 3693 3688
3686 3690 3694
3693 3694 3690
3686 3695 3687
3695 3686 3694
3692 3696 3691
3697 3696 3692
3691 3698 3693
3696 3698 3691
3693 3699 3694
3698 3699 3693
3697 3700 3696
3700 3697 3701
3696 3702 3698
3700 3702 3696
3700 3701 3703
3703 3701 3704
3695 3705 3687
3705 3706 3687
3695 3694 3707
3699 3707 3694
3698 3708 3699
3702 3708 3698
3700 3709 3702
3709 3700 3703
3695 3707 3710
3705 3695 3710
3699 3711 3707
3708 3711 3699
3711 3710 3707
3706 3705 3712
3706 3712 3713
3702 3714 3708
3709 3714 3702
3715 3709 3703
3709 3715 3714
3708 3716 3711
3714 3716 3708
3705 3710 3717
3705 3717 3712
3711 3718 3710
3718 3717 3710
3716 3718 3711
3719 3713 3712
3719 3720 3713
3721 3712 3717
3718 3721 3717
3721 3719 3712
3714 3722 3716
3715 3722 3714
3716 3723 3718
3723 3721 3718
3722 3723 3716
3724 3720 3719
3724 3725 3720
3726 3719 3721
3723 3726 3721
3726 3724 3719
3722 3727 3723
3727 3726 3723
3715 3728 3722
3728 3727 3722
3729 3725 3724
3729 3730 3725
3731 3724 3726
3727 3731 3726
3731 3729 3724
3728 3715 3732
3715 3703 3732
3732 3703 3704
3728 3733 3727
3733 3731 3727
3733 3728 3732
3734 3732 3704
3733 3732 3734
3735 3734 3704
3733 3736 3731
3736 3729 3731
3736 3733 3734
3737 3730 3729
3736 3737 3729
3737 3736 3734
3737 3734 3735
3737 3738 3730
3738 3737 3735
3739 3740 3741
3742 3741 3740
3743 3740 3739
3739 3744 3743
3742 3740 3745
3746 3742 3745
3743 3747 3740
3745 3740 3747
3746 3745 3748
3749 3746 3748
3745 3747 3750
3748 3745 3750
3743 3751 3747
3750 3747 3751
3743 3744 3752
3752 3751 3743
3749 3748 3753
3754 3749 3753
3748 3750 3755
3753 3748 3755
3750 3751 3756
3755 3750 3756
3754 3753 3757
3757 3758 3754
3753 3755 3759
3757 3753 3759
3757 3760 3758
3760 3761 3758
3752 3744 3762
3762 3744 3763
3752 3764 3751
3756 3751 3764
3755 3756 3765
3759 3755 3765
3757 3759 3766
3766 3760 3757
3752 3767 3764
3762 3767 3752
3756 3764 3768
3765 3756 3768
3768 3764 3767
3763 3769 3762
3763 3770 3769
3759 3765 3771
3766 3759 3771
3772 3760 3766
3766 3771 3772
3765 3768 3773
3771 3765 3773
3762 3774 3767
3762 3769 3774
3768 3767 3775
3775 3767 3774
3773 3768 3775
3776 3769 3770
3776 3770 3777
3778 3774 3769
3775 3774 3778
3778 3769 3776
3771 3773 3779
3772 3771 3779
3773 3775 3780
3780 3775 3778
3779 3773 3780
3781 3776 3777
3781 3777 3782
3783 3778 3776
3780 3778 3783
3783 3776 3781
3779 3780 3784
3784 3780 3783
3772 3779 3785
3785 3779 3784
3786 3781 3782
3786 3782 3787
3788 3783 3781
3784 3783 3788
3788 3781 3786
3785 3789 3772
3772 3789 3760
3789 3761 3760
3785 3784 3790
3790 3784 3788
3790 3789 3785
3791 3761 3789
3790 3791 3789
3792 3761 3791
3790 3788 3793
3793 3788 3786
3793 3791 3790
3794 3786 3787
3793 3786 3794
3794 3791 3793
3794 3792 3791
3794 3787 3795
3795 3792 3794
3796 3797 3798
3799 3798 3797
3800 3797 3796
3796 3801 3800
3799 3797 3802
3803 3799 3802
3800 3804 3797
3802 3797 3804
3803 3802 3805
3806 3803 3805
3802 3804 3807
3805 3802 3807
3800 3808 3804
3807 3804 3808
3800 3801 3809
3809 3808 3800
3806 3805 3810
3811 3806 3810
3805 3807 3812
3810 3805 3812
3807 3808 3813
3812 3807 3813
3811 3810 3814
3814 3815 3811
3810 3812 3816
3814 3810 3816
3814 3817 3815
3817 3818 3815
3809 3801 3819
3819 3801 3820
3809 3821 3808
3813 3808 3821
3812 3813 3822
3816 3812 3822
3814 3816 3823
3823 3817 3814
3809 3824 3821
3819 3824 3809
3813 3821 3825
3822 3813 3825
3825 3821 3824
3820 3826 3819
3820 3827 3826
3816 3822 3828
3823 3816 3828
3829 3817 3823
3823 3828 3829
3822 3825 3830
3828 3822 3830
3819 3831 3824
3819 3826 3831
3825 3824 3832
3832 3824 3831
3830 3825 3832
3833 3826 3827
3833 3827 3834
3835 3831 3826
3832 3831 3835
3835 3826 3833
3828 3830 3836
3829 3828 3836
3830 3832 3837
3837 3832 3835
3836 3830 3837
3838 3833 3834
3838 3834 3839
3840 3835 3833
3837 3835 3840
3840 3833 3838
3836 3837 3841
3841 3837 3840
3829 3836 3842
3842 3836 3841
3843 3838 3839
3843 3839 3844
3845 3840 3838
3841 3840 3845
3845 3838 3843
3842 3846 3829
3829 3846 3817
3846 3818 3817
3842 3841 3847
3847 3841 3845
3847 3846 3842
3848 3818 3846
3847 3848 3846
3849 3818 3848
3847 3845 3850
3850 3845 3843
3850 3848 3847
3851 3843 3844
3850 3843 3851
3851 3848 3850
3851 3849 3848
3851 3844 3852
3852 3849 3851
