byte offset: 0
first index: 26148
index count: 6780
topology: trianglelist
format: DXGI_FORMAT_R16_UINT

6874 6875 6876
6874 6876 6877
6875 6878 6879
6875 6879 6880
6878 6881 6882
6878 6882 6879
6882 6881 6883
6882 6883 6884
6883 6885 6886
6883 6886 6887
6877 6876 6888
6877 6888 6889
6889 6888 6890
6889 6890 6891
6891 6890 6892
6891 6892 6893
6893 6892 6894
6893 6894 6895
6895 6894 6896
6895 6896 6897
6897 6896 6898
6897 6898 6899
6899 6898 6900
6899 6900 6901
6902 6901 6900
6902 6900 6903
6903 6904 6905
6903 6905 6902
6906 6905 6904
6906 6904 6907
6908 6909 6910
6908 6910 6911
6880 6912 6876
6880 6876 6875
6875 6874 6913
6875 6913 6878
6878 6913 6914
6878 6914 6881
6881 6914 6885
6881 6885 6883
6912 6915 6888
6912 6888 6876
6915 6916 6890
6915 6890 6888
6916 6917 6892
6916 6892 6890
6917 6918 6894
6917 6894 6892
6918 6919 6896
6918 6896 6894
6919 6920 6898
6919 6898 6896
6920 6921 6900
6920 6900 6898
6921 6922 6903
6921 6903 6900
6904 6903 6922
6904 6922 6923
6907 6904 6923
6907 6923 6924
6907 6924 6925
6907 6925 6926
6926 6925 6927
6926 6927 6928
6929 6884 6883
6929 6883 6887
6907 6926 6930
6907 6930 6906
6928 6931 6930
6928 6930 6926
6931 6928 6908
6931 6908 6932
6908 6911 6933
6908 6933 6932
6911 6934 6935
6911 6935 6933
6936 6935 6934
6936 6934 6937
6938 6939 6937
6940 6941 6942
6940 6942 6943
6944 6940 6943
6944 6943 6945
6946 6944 6945
6946 6945 6947
6948 6946 6947
6948 6947 6949
6950 6951 6948
6950 6948 6949
6952 6953 6951
6952 6951 6950
6954 6953 6952
6954 6952 6955
6956 6957 6954
6956 6954 6955
6958 6957 6956
6958 6956 6959
6960 6958 6959
6960 6959 6961
6962 6960 6961
6962 6961 6963
6964 6962 6963
6964 6963 6965
6966 6964 6965
6966 6965 6967
6968 6966 6967
6968 6967 6969
6970 6968 6969
6970 6969 6971
6972 6973 6970
6972 6970 6971
6974 6975 6973
6974 6973 6972
6976 6975 6974
6976 6974 6977
6978 6979 6980
6978 6980 6981
6982 6980 6979
6982 6979 6983
6984 6982 6983
6984 6983 6985
6986 6987 6984
6986 6984 6985
6988 6989 6987
6988 6987 6986
6990 6991 6989
6990 6989 6988
6992 6991 6990
6992 6990 6993
6994 6992 6993
6994 6993 6995
6996 6994 6995
6996 6995 6997
6998 6999 6996
6998 6996 6997
7000 7001 6999
7000 6999 6998
7002 7003 7001
7002 7001 7000
7004 7003 7002
7004 7002 7005
7006 7004 7005
7006 7005 7007
7008 7006 7007
7008 7007 7009
7010 7008 7009
7010 7009 7011
7012 7010 7011
7012 7011 7013
7014 7015 7016
7014 7016 7017
7018 7019 7014
7018 7014 7017
7020 7021 7019
7020 7019 7018
7021 7020 7022
7023 7024 7025
7023 7025 7026
7026 7025 7027
7028 7024 7023
7028 7023 7029
6942 6941 7028
6942 7028 7029
7030 7031 7032
7030 7032 7033
7034 7035 7036
7037 7038 7039
7037 7039 7040
7039 7038 7041
7040 7042 7043
7040 7043 7037
7035 7044 7045
7035 7045 7046
7047 7036 7046
7036 7035 7046
7045 7044 7048
7045 7048 7049
7033 7032 7049
7033 7049 7048
7050 7051 7052
7050 7052 7053
7054 7050 7053
7054 7053 7055
7056 7057 7054
7056 7054 7055
7057 7056 7058
7057 7058 7059
7059 7058 7060
7059 7060 7061
7061 7060 7062
7061 7062 7063
7063 7062 7064
7063 7064 7065
7065 7064 7031
7065 7031 7030
6911 6910 7066
6911 7066 6934
6937 6934 7066
6937 7066 6938
6937 6939 6936
6909 6908 6928
6909 6928 6927
7016 7015 7012
7016 7012 7013
7034 7036 7043
7034 7043 7042
7036 7047 7067
7036 7067 7043
7041 7038 7068
7068 7038 7037
7068 7037 7069
7069 7037 7043
7069 7043 7067
7070 7071 7072
7073 7074 7075
7073 7075 7076
7077 7078 7079
7077 7079 7080
7081 7082 7070
7081 7070 7072
7083 7084 7082
7083 7082 7081
7085 7086 7087
7087 7086 7088
7087 7088 7089
7089 7088 7090
7089 7090 7091
7091 7090 7092
7091 7092 7093
7094 7093 7092
7094 7092 7095
7096 7097 7098
7099 7100 7071
7099 7071 7101
7102 7099 7101
7102 7101 7103
7104 7102 7103
7104 7103 7105
7106 7107 7104
7106 7104 7105
7108 7109 7107
7108 7107 7106
7110 7111 7109
7110 7109 7108
7112 7113 7114
7112 7114 7115
7072 7071 7100
7116 7081 7072
7116 7072 7117
7118 7119 7081
7118 7081 7116
7120 7121 7119
7120 7119 7118
7122 7123 7121
7122 7121 7120
7124 7125 7123
7124 7123 7122
7126 7127 7125
7126 7125 7124
7128 7129 7127
7128 7127 7126
7130 7131 7129
7130 7129 7128
7132 7133 7134
7132 7134 7135
7136 7137 7101
7136 7101 7071
7138 7103 7101
7138 7101 7137
7139 7105 7103
7139 7103 7138
7140 7106 7105
7140 7105 7139
7141 7142 7143
7141 7143 7144
7145 7146 7142
7145 7142 7141
7136 7071 7070
7136 7070 7076
7147 7076 7070
7147 7070 7082
7147 7082 7084
7147 7084 7148
7148 7084 7149
7148 7149 7150
7150 7149 7151
7150 7151 7152
7152 7151 7153
7152 7153 7154
7072 7100 7117
7155 7156 7157
7155 7157 7158
7159 7160 7161
7159 7161 7162
7163 7164 7165
7163 7165 7166
7163 7167 7168
7163 7168 7164
7169 7170 7171
7172 7173 7080
7172 7080 7079
7174 7175 7173
7174 7173 7172
7176 7177 7178
7176 7178 7179
7180 7176 7179
7180 7179 7181
7182 7180 7181
7182 7181 7183
7183 7184 7185
7183 7185 7182
7186 7187 7175
7186 7175 7174
7188 7189 7187
7188 7187 7186
7190 7191 7189
7190 7189 7188
7192 7193 7191
7192 7191 7190
7194 7195 7196
7194 7196 7197
7198 7199 7200
7198 7200 7178
7172 7079 7199
7201 7174 7172
7201 7172 7202
7203 7204 7078
7203 7078 7077
7205 7206 7204
7205 7204 7203
7207 7208 7206
7207 7206 7205
7209 7208 7207
7209 7207 7210
7211 7186 7174
7211 7174 7201
7212 7186 7211
7213 7214 7212
7213 7212 7215
7216 7217 7214
7216 7214 7213
7218 7219 7217
7218 7217 7216
7220 7198 7178
7220 7178 7177
7221 7201 7202
7221 7202 7222
7211 7201 7221
7211 7221 7223
7211 7223 7224
7211 7224 7215
7225 7226 7224
7227 7228 7226
7227 7226 7225
7229 7230 7231
7229 7231 7232
7210 7233 7234
7210 7234 7209
7235 7236 7237
7184 7183 7238
7184 7238 7239
7183 7181 7240
7183 7240 7238
7181 7179 7241
7181 7241 7240
7179 7178 7200
7179 7200 7241
7209 7239 7238
7209 7238 7208
7206 7208 7238
7206 7238 7240
7204 7206 7240
7204 7240 7241
7204 7241 7200
7204 7200 7078
7078 7200 7199
7078 7199 7079
7202 7172 7198
7242 7243 7195
7242 7195 7194
7244 7245 7243
7244 7243 7242
7246 7245 7244
7247 7248 7249
7247 7249 7250
7250 7249 7251
7252 7253 7254
7252 7254 7255
7253 7252 7256
7257 7258 7259
7259 7258 7260
7259 7260 7261
7261 7260 7262
7261 7262 7263
7263 7262 7264
7263 7264 7265
7255 7254 7266
7255 7266 7267
7186 7212 7268
7268 7212 7214
7268 7214 7269
7269 7214 7217
7269 7217 7270
7212 7211 7215
7271 7272 7219
7271 7219 7273
7274 7275 7271
7274 7271 7273
7276 7277 7275
7276 7275 7274
7278 7279 7277
7278 7277 7276
7280 7273 7219
7280 7219 7218
7281 7274 7273
7281 7273 7280
7267 7266 7265
7267 7265 7264
7282 7283 7284
7285 7286 7287
7285 7287 7288
7289 7290 7291
7291 7290 7292
7291 7292 7293
7213 7226 7294
7295 7216 7294
7295 7294 7296
7295 7296 7287
7295 7287 7297
7222 7202 7198
7222 7198 7220
7298 7299 7300
7298 7300 7301
7302 7303 7304
7302 7304 7305
7230 7229 7306
7230 7306 7307
7308 7309 7303
7308 7303 7302
7307 7306 7310
7307 7310 7311
7312 7313 7309
7312 7309 7308
7314 7311 7310
7315 7313 7312
7316 7317 7318
7316 7318 7319
7320 7321 7317
7320 7317 7316
7322 7323 7321
7322 7321 7320
7323 7322 7324
7270 7217 7219
7270 7219 7272
7247 7325 7326
7247 7326 7248
7326 7325 7327
7326 7327 7328
7329 7330 7331
7329 7331 7332
7333 7319 7318
7333 7318 7334
7335 7336 7337
7335 7337 7338
7335 7338 7339
7340 7341 7342
7340 7342 7343
7344 7185 7184
7345 7346 7347
7345 7347 7348
7346 7349 7350
7346 7350 7347
7351 7352 7353
7351 7353 7354
7354 7355 7356
7354 7356 7351
7345 7348 7357
7358 7359 7144
7358 7144 7143
7359 7358 7360
7359 7360 7361
7361 7360 7362
7361 7362 7363
7363 7362 7364
7363 7364 7365
7366 7367 7368
7349 7340 7343
7349 7343 7350
7352 7368 7367
7352 7367 7353
7076 7147 7369
7076 7369 7073
7147 7148 7370
7147 7370 7369
7371 7370 7372
7371 7372 7373
7374 7373 7375
7374 7375 7376
7377 7378 7342
7377 7342 7341
7379 7380 7378
7379 7378 7377
7381 7382 7380
7381 7380 7379
7381 7383 7384
7384 7383 7385
7384 7385 7386
7387 7388 7389
7387 7389 7386
7390 7391 7392
7390 7392 7393
7394 7388 7395
7396 7397 7394
7396 7394 7395
7398 7399 7397
7398 7397 7400
7401 7402 7403
7401 7403 7404
7405 7406 7407
7405 7407 7408
7409 7410 7411
7409 7411 7412
7413 7414 7415
7413 7415 7416
7236 7417 7418
7236 7418 7237
7417 7419 7418
7419 7420 7421
7420 7422 7423
7420 7423 7421
7422 7075 7074
7422 7074 7423
7418 7419 7421
7424 7112 7115
7424 7115 7425
7426 7427 7428
7426 7428 7429
7430 7429 7431
7432 7433 7434
7435 7408 7407
7435 7407 7436
7437 7438 7439
7437 7439 7440
7441 7439 7438
7152 7441 7372
7152 7372 7150
7442 7443 7444
7442 7444 7445
7446 7447 7448
7446 7448 7449
7450 7451 7447
7450 7447 7446
7452 7453 7451
7452 7451 7450
7452 7454 7455
7452 7455 7453
7456 7457 7455
7456 7455 7454
7456 7458 7459
7456 7459 7457
7458 7460 7461
7458 7461 7459
7460 7462 7463
7460 7463 7461
7462 7464 7465
7462 7465 7463
7464 7466 7467
7464 7467 7465
7468 7469 7467
7468 7467 7466
7468 7470 7471
7468 7471 7469
7470 7472 7473
7470 7473 7471
7472 7474 7475
7472 7475 7473
7474 7476 7477
7474 7477 7475
7476 7478 7479
7476 7479 7477
7480 7481 7482
7480 7482 7483
7484 7485 7486
7484 7486 7487
7488 7489 7490
7491 7492 7493
7494 7495 7496
7497 7498 7499
7497 7499 7500
7501 7502 7503
7501 7503 7504
7505 7506 7507
7505 7507 7508
7509 7510 7511
7512 7513 7514
7512 7514 7515
7516 7517 7518
7512 7519 7520
7512 7520 7513
7390 7520 7519
7390 7519 7391
7521 7522 7523
7521 7523 7524
7521 7524 7525
7521 7525 7526
7526 7525 7527
7526 7527 7528
7527 7529 7530
7527 7530 7528
7531 7532 7533
7531 7533 7534
7535 7536 7395
7535 7395 7537
7538 7539 7540
7538 7540 7535
7541 7542 7543
7541 7543 7544
7545 7546 7547
7545 7547 7548
7395 7388 7387
7549 7550 7551
7552 7553 7554
7552 7554 7555
7556 7557 7558
7556 7558 7559
7555 7554 7560
7555 7560 7561
7562 7563 7564
7565 7566 7567
7565 7567 7568
7569 7570 7571
7569 7571 7572
7569 7573 7574
7569 7574 7570
7573 7575 7576
7573 7576 7574
7577 7578 7579
7577 7579 7580
7581 7582 7583
7581 7583 7584
7584 7583 7585
7584 7585 7586
7587 7588 7589
7587 7589 7590
7590 7589 7591
7590 7591 7592
7592 7591 7593
7592 7593 7594
7595 7594 7593
7596 7597 7598
7599 7600 7601
7601 7602 7603
7601 7603 7599
7604 7605 7606
7604 7606 7607
7604 7608 7609
7604 7609 7605
7608 7610 7611
7608 7611 7609
7612 7613 7611
7612 7611 7610
7614 7615 7616
7614 7616 7617
7615 7618 7619
7615 7619 7616
7618 7620 7621
7618 7621 7619
7620 7622 7621
7623 7331 7330
7623 7330 7624
7624 7625 7626
7624 7626 7623
7625 7627 7628
7625 7628 7626
7627 7629 7630
7627 7630 7628
7629 7631 7632
7629 7632 7630
7631 7633 7634
7631 7634 7632
7633 7635 7636
7633 7636 7634
7635 7637 7638
7635 7638 7636
7639 7640 7638
7639 7638 7637
7641 7642 7640
7641 7640 7639
7643 7644 7642
7643 7642 7641
7645 7644 7643
7645 7643 7646
7647 7612 7610
7648 7649 7650
7648 7650 7651
7652 7653 7654
7652 7654 7655
7656 7657 7658
7656 7658 7659
7660 7656 7659
7660 7659 7661
7658 7657 7662
7663 7664 7665
7663 7665 7666
7667 7665 7664
7667 7664 7668
7669 7667 7668
7669 7668 7670
7667 7669 7671
7667 7671 7672
7673 7674 7675
7673 7675 7676
7677 7678 7679
7677 7679 7680
7678 7681 7682
7678 7682 7679
7678 7683 7684
7685 7686 7648
7685 7648 7651
7685 7651 7687
7688 7689 7690
7688 7690 7691
7692 7663 7666
7692 7666 7693
7693 7694 7652
7693 7652 7692
7695 7612 7647
7694 7693 7690
7696 7685 7694
7697 7653 7652
7697 7652 7694
7694 7685 7687
7689 7698 7699
7689 7699 7700
7701 7699 7698
7701 7698 7702
7703 7701 7702
7703 7702 7704
7688 7691 7705
7688 7705 7706
7700 7707 7689
7708 7709 7710
7708 7710 7711
7712 7711 7713
7711 7712 7714
7715 7716 7717
7715 7717 7718
7719 7720 7721
7719 7721 7722
7723 7724 7720
7723 7720 7719
7725 7726 7727
7372 7148 7150
7372 7370 7148
7728 7365 7364
7718 7722 7721
7718 7721 7729
7519 7730 7391
7729 7731 7732
7729 7732 7718
7684 7683 7733
7684 7733 7734
7729 7721 7735
7729 7735 7736
7721 7720 7737
7721 7737 7735
7738 7739 7740
7738 7740 7741
7742 7743 7744
7742 7744 7745
7746 7742 7745
7746 7745 7747
7748 7749 7750
7748 7750 7751
7752 7750 7753
7752 7753 7754
7755 7756 7734
7755 7734 7733
7757 7758 7759
7757 7759 7760
7761 7762 7763
7764 7765 7766
7766 7767 7768
7766 7768 7764
7332 7328 7327
7332 7327 7329
7197 7196 7193
7197 7193 7192
7661 7655 7654
7661 7654 7660
7769 7535 7537
7769 7537 7770
7771 7538 7535
7771 7535 7769
7772 7541 7544
7772 7544 7773
7537 7387 7774
7537 7774 7770
7775 7384 7386
7775 7386 7389
7385 7776 7386
7395 7387 7537
7382 7384 7775
7381 7384 7382
7777 7778 7779
7777 7779 7780
7781 7777 7782
7783 7784 7650
7783 7650 7649
7680 7679 7785
7680 7785 7786
7679 7682 7787
7679 7787 7785
7785 7787 7788
7785 7788 7789
7789 7790 7786
7789 7786 7785
7791 7792 7784
7791 7784 7793
7793 7794 7795
7793 7795 7796
7797 7798 7790
7797 7790 7789
7788 7799 7797
7788 7797 7789
7797 7799 7800
7797 7800 7801
7801 7802 7798
7801 7798 7797
7803 7804 7805
7803 7805 7796
7801 7800 7806
7801 7806 7807
7807 7808 7802
7807 7802 7801
7809 7810 7804
7809 7804 7803
7807 7806 7811
7807 7811 7812
7812 7813 7808
7812 7808 7807
7814 7815 7810
7814 7810 7809
7677 7680 7649
7677 7649 7648
7677 7732 7731
7680 7786 7783
7680 7783 7649
7786 7790 7794
7786 7794 7783
7794 7790 7798
7794 7798 7795
7795 7798 7802
7795 7802 7816
7816 7802 7808
7816 7808 7817
7817 7808 7813
7817 7813 7818
7651 7650 7819
7651 7819 7820
7687 7651 7820
7687 7820 7697
7819 7650 7784
7819 7784 7792
7794 7793 7784
7794 7784 7783
7793 7796 7805
7793 7805 7791
7795 7816 7803
7795 7803 7796
7816 7817 7809
7816 7809 7803
7817 7818 7814
7817 7814 7809
7694 7687 7697
7715 7686 7685
7715 7685 7696
7648 7732 7677
7677 7731 7821
7681 7678 7684
7681 7684 7822
7684 7734 7823
7823 7757 7760
7823 7760 7824
7677 7683 7678
7648 7686 7732
7732 7686 7715
7732 7715 7718
7712 7716 7825
7712 7825 7714
7716 7715 7696
7716 7696 7825
7215 7226 7213
7224 7226 7215
7274 7281 7826
7274 7826 7276
7276 7826 7827
7276 7827 7278
7828 7829 7830
7828 7830 7831
7829 7828 7832
7829 7832 7833
7832 7284 7283
7832 7283 7833
7691 7690 7693
7691 7693 7666
7665 7834 7691
7665 7691 7666
7667 7672 7834
7667 7834 7665
7694 7690 7696
7696 7690 7689
7835 7286 7300
7835 7300 7836
7577 7580 7582
7577 7582 7581
7675 7674 7706
7675 7706 7705
7297 7287 7286
7297 7286 7835
7296 7294 7837
7288 7287 7296
7288 7296 7838
7836 7300 7299
7836 7299 7839
7301 7300 7286
7301 7286 7285
7213 7294 7216
7294 7226 7840
7596 7598 7841
7598 7597 7842
7843 7844 7845
7843 7845 7846
7847 7848 7849
7847 7849 7850
7848 7851 7849
7852 7703 7704
7232 7231 7228
7232 7228 7227
7293 7292 7305
7293 7305 7304
7336 7333 7334
7336 7334 7337
7850 7845 7844
7850 7844 7847
7296 7837 7838
7837 7294 7840
7689 7707 7696
7404 7403 7399
7404 7399 7398
7853 7561 7560
7853 7560 7854
7855 7564 7563
7855 7563 7856
7568 7567 7572
7568 7572 7571
7857 7710 7709
7857 7709 7858
7859 7523 7522
7859 7522 7860
7711 7533 7532
7711 7532 7713
7544 7543 7539
7544 7539 7538
7559 7558 7861
7559 7861 7862
7773 7544 7538
7773 7538 7771
7397 7396 7400
7536 7535 7540
7551 7550 7553
7551 7553 7552
7355 7863 7864
7355 7864 7356
7863 7865 7864
7239 7234 7344
7239 7344 7184
7234 7239 7209
7106 7140 7866
7106 7866 7108
7108 7866 7867
7108 7867 7110
7867 7425 7115
7867 7115 7110
7115 7114 7111
7115 7111 7110
7445 7444 7449
7445 7449 7448
7868 7146 7145
7869 7870 7434
7869 7434 7433
7507 7506 7509
7507 7509 7511
7515 7514 7517
7515 7517 7516
7724 7723 7726
7724 7726 7725
7393 7392 7768
7393 7768 7767
7871 7872 7873
7871 7873 7427
7386 7776 7387
7387 7776 7774
7373 7441 7874
7373 7874 7375
7427 7426 7875
7427 7875 7871
7426 7430 7876
7426 7876 7875
7876 7430 7870
7876 7870 7869
7877 7434 7870
7877 7870 7431
7873 7878 7879
7873 7879 7427
7432 7434 7877
7880 7881 7882
7882 7881 7883
7882 7883 7884
7884 7883 7885
7884 7885 7886
7886 7885 7887
7886 7887 7888
7888 7887 7889
7371 7373 7374
7373 7372 7441
7890 7891 7892
7890 7892 7893
7893 7892 7894
7893 7894 7895
7896 7897 7898
7896 7898 7410
7899 7891 7890
7439 7154 7900
7439 7441 7152
7439 7152 7154
7736 7735 7755
7736 7755 7733
7735 7737 7901
7735 7901 7755
7902 7737 7720
7902 7720 7903
7904 7905 7906
7731 7729 7736
7731 7736 7821
7416 7415 7907
7500 7499 7908
7906 7905 7909
7906 7909 7910
7761 7763 7911
7761 7911 7912
7734 7756 7913
7683 7821 7736
7683 7736 7733
7677 7821 7683
7741 7914 7915
7741 7915 7738
7916 7917 7739
7916 7739 7738
7918 7756 7755
7918 7755 7901
7738 7915 7919
7738 7919 7916
7920 7921 7922
7920 7922 7923
7924 7925 7926
7924 7926 7927
7924 7927 7928
7929 7930 7931
7929 7931 7932
7933 7934 7935
7933 7936 7937
7933 7937 7934
7938 7939 7940
7938 7940 7941
7942 7943 7944
7942 7944 7945
7942 7094 7095
7942 7095 7943
7946 7947 7948
7948 7947 7949
7948 7949 7950
7951 7952 7953
7951 7953 7954
7955 7895 7414
7955 7414 7413
7498 7497 7504
7498 7504 7503
7902 7903 7910
7902 7910 7909
7956 7957 7926
7956 7926 7925
7437 7440 7899
7437 7899 7958
7407 7406 7959
7407 7959 7960
7959 7406 7411
7959 7411 7961
7436 7407 7960
7436 7960 7962
7963 7896 7410
7963 7410 7409
7436 7154 7153
7436 7153 7435
7900 7436 7962
7900 7154 7436
7964 7965 7966
7964 7966 7967
7968 7969 7970
7971 7972 7973
7974 7975 7976
7977 7978 7979
7977 7979 7980
7981 7982 7983
7981 7983 7984
7985 7986 7987
7985 7987 7988
7967 7966 7989
7967 7989 7990
7991 7098 7965
7991 7965 7964
7977 7980 7969
7977 7969 7968
7981 7984 7972
7981 7972 7971
7988 7987 7975
7988 7975 7974
7992 7993 7994
7992 7994 7995
7995 7994 7996
7995 7996 7997
7996 7998 7999
7996 7999 7997
7999 7998 7084
7999 7084 7083
8000 8001 8002
8003 8001 7993
8003 7993 7992
7934 7937 8004
7934 8004 8005
8006 8007 8008
8006 8008 8009
8008 8007 8010
8008 8010 8011
8012 8013 8014
8012 8014 8015
7935 8016 8017
7935 7934 8016
8016 7934 8005
8018 7171 7162
8018 7162 8019
7168 7167 8020
7490 7489 7486
7490 7486 7485
8021 7752 7754
7992 7127 7129
7992 7129 8003
8003 7129 7156
8019 7162 7161
8019 7161 8022
7162 7171 7170
7162 7170 7159
7169 7171 8018
7081 7119 7083
7083 7119 7121
7083 7121 7999
7999 7121 7123
7999 7123 7997
7997 7123 7125
7997 7125 7995
7995 7125 7127
7995 7127 7992
7966 7965 8023
7966 8023 8024
8000 8002 7989
8000 7989 8025
8023 7965 7098
8023 7098 7097
8002 8003 7155
7096 7098 7991
7872 7376 7375
7872 7375 7873
7878 7873 7375
7878 7375 7874
8026 7415 7414
8026 7414 8027
8028 7890 7893
8028 7893 8029
8029 7893 7895
8029 7895 7955
8027 7414 7895
8027 7895 7894
7907 7415 8026
7958 7890 8028
7899 7890 7958
8030 8031 8032
8030 8032 8033
8034 8035 8036
8034 8036 8037
8038 8039 8040
8038 8040 8041
8042 8043 8044
8042 8044 8045
8046 8047 8048
8046 8048 8049
8045 8044 8050
8045 8050 8051
8052 8053 8054
8052 8054 8055
8056 8052 8055
8056 8055 8057
8058 8059 8060
8058 8060 8061
8062 8058 8061
8062 8061 8063
8059 8056 8057
8059 8057 8060
8053 8064 8065
8053 8065 8054
8064 8066 8067
8064 8067 8065
8066 8068 8069
8066 8069 8067
8068 8070 8071
8068 8071 8069
8070 8072 8073
8070 8073 8071
8074 8075 8076
8074 8076 8077
8072 8074 8077
8072 8077 8073
8078 8079 8080
8081 8078 8080
8082 8083 8084
8082 8084 8079
8083 8085 8086
8083 8086 8084
8085 8087 8088
8085 8088 8086
8087 8089 8090
8087 8090 8088
8089 8091 8092
8089 8092 8090
8091 8093 8094
8091 8094 8092
8093 8095 8096
8093 8096 8094
8095 8097 8098
8095 8098 8096
8078 8082 8079
8051 8050 8047
8051 8047 8046
8049 8048 8099
8049 8099 8100
8101 8102 8043
8101 8043 8042
8103 8104 8041
8103 8041 8040
8035 8034 8031
8035 8031 8030
8033 8032 8104
8033 8104 8103
8105 8106 8107
8105 8107 8108
8109 8110 8111
8109 8111 8112
8113 8114 8115
8113 8115 8116
8117 8113 8116
8117 8116 8118
8119 8120 8121
8119 8121 8122
8123 8124 8125
8123 8125 8126
8127 8126 8128
8127 8128 8129
8130 8131 8132
8130 8132 8122
8133 8134 8113
8133 8113 8117
8122 8121 8135
8122 8135 8130
8136 8123 8126
8136 8126 8127
8118 8137 8132
8118 8132 8117
8128 8126 8125
8128 8125 8138
8139 8140 8110
8139 8110 8109
8134 8141 8114
8134 8114 8113
8142 8143 8106
8142 8106 8105
8131 8133 8117
8131 8117 8132
8137 8119 8122
8137 8122 8132
8114 8144 8145
8114 8145 8115
8141 8146 8144
8141 8144 8114
8144 8109 8112
8144 8112 8145
8146 8139 8109
8146 8109 8144
8123 8121 8120
8123 8120 8124
8136 8135 8121
8136 8121 8123
8128 8147 8129
8138 8147 8128
8110 8105 8108
8110 8108 8111
8140 8142 8105
8140 8105 8110
8148 8149 8150
8151 8152 8153
8151 8153 8154
8151 8154 8155
8156 8157 8158
8156 8158 8159
8160 8161 8162
8160 8162 8163
8160 8164 8165
8160 8165 8161
8166 8167 8159
8166 8159 8158
8168 8167 8166
8168 8166 8155
8152 8169 8170
8152 8170 8153
8169 8148 8150
8169 8150 8170
8162 8157 8156
8162 8156 8163
8171 8165 8164
8172 8173 8174
8175 8176 8177
8175 8177 8178
8179 8180 8181
8179 8181 8182
8182 8181 8183
8182 8183 8184
8185 8186 8187
8185 8187 8188
8189 8190 8191
8189 8191 8192
8193 8194 8195
8193 8195 8196
8197 8198 8199
8197 8199 8200
8201 8202 8203
8201 8203 8204
8205 8206 8198
8205 8198 8197
8196 8195 8207
8196 8207 8208
8184 8183 8209
8184 8209 8210
8192 8191 8211
8192 8211 8212
8213 8214 8215
8213 8215 8216
8204 8203 8217
8204 8217 8218
8200 8199 8202
8200 8202 8201
8210 8209 8186
8210 8186 8185
8219 8220 8180
8219 8180 8179
8218 8217 8221
8218 8221 8222
8178 8177 8220
8178 8220 8219
8222 8221 8214
8222 8214 8213
8188 8187 8190
8188 8190 8189
8208 8207 8206
8208 8206 8205
8193 8223 8194
8212 8211 8224
8174 8173 8176
8174 8176 8175
8225 8106 8143
8106 8226 8107
8227 8228 8229
8227 8229 8230
8227 8231 8232
8227 8232 8228
8233 8234 8235
8233 8235 8236
8237 8238 8239
8237 8239 8240
8238 8237 8241
8238 8241 8242
8243 8244 8245
8243 8245 8246
8247 8248 8229
8247 8229 8228
8228 8232 8249
8228 8249 8247
8250 8251 8252
8250 8252 8253
8254 8255 8256
8254 8256 8257
8258 8259 8260
8258 8260 8261
8262 8263 8264
8262 8264 8265
8266 8267 8268
8266 8268 8269
8270 8271 8272
8270 8272 8265
8273 8274 8275
8273 8275 8276
8231 8277 8232
8234 8278 8235
8232 8277 8249
8254 8279 8255
8280 8281 8282
8280 8282 8283
8284 8285 8258
8284 8258 8261
8286 8287 8274
8286 8274 8273
8288 8289 8290
8288 8290 8291
8284 8292 8285
8293 8294 8295
8293 8295 8296
8297 8298 8299
8297 8299 8300
8298 8297 8301
8298 8301 8302
8303 8304 8305
8303 8305 8306
8303 8306 8307
8303 8307 8308
8309 8310 8301
8309 8301 8297
8311 8309 8297
8311 8297 8300
8312 8313 8314
8312 8314 8315
8316 8317 8318
8316 8318 8319
8320 8321 8322
8320 8322 8323
8324 8325 8326
8324 8326 8327
8328 8329 8330
8328 8330 8331
8331 8332 8333
8331 8333 8328
8334 8335 8336
8334 8336 8337
8338 8339 8340
8338 8340 8341
8342 8343 8344
8342 8344 8340
8345 8346 8347
8345 8347 8348
8349 8350 8351
8349 8351 8352
8353 8354 8355
8353 8355 8356
8357 8358 8359
8357 8359 8360
8319 8318 8361
8319 8361 8362
8363 8364 8365
8363 8365 8366
8301 8367 8302
8307 8367 8308
8310 8367 8301
8332 8368 8333
8338 8369 8339
8370 8371 8336
8370 8336 8335
8339 8372 8342
8339 8342 8340
8344 8373 8341
8344 8341 8340
8358 8374 8375
8358 8375 8359
8364 8376 8377
8364 8377 8365
8339 8369 8372
8378 8379 8380
8378 8380 8381
8382 8383 8384
8382 8384 8385
8386 8380 8379
8386 8379 8387
8388 8378 8381
8388 8381 8389
8390 8388 8391
8391 8392 8393
8391 8393 8390
8394 8395 8396
8394 8396 8397
8398 8399 8400
8398 8400 8401
8402 8403 8404
8402 8404 8405
8402 8406 8407
8402 8407 8403
8408 8407 8406
8408 8406 8409
8410 8408 8409
8410 8409 8411
8412 8410 8411
8412 8411 8413
8414 8415 8416
8414 8416 8417
8418 8419 8420
8418 8420 8421
8422 8423 8424
8422 8424 8425
8426 8427 8428
8426 8428 8429
8100 8430 8431
8100 8431 8432
8433 8434 8435
8433 8435 8436
8425 8424 8437
8425 8437 8438
8439 8440 8441
8442 8443 8444
8442 8444 8445
8445 8444 8446
8445 8446 8447
8447 8446 8448
8447 8448 8449
8449 8448 8450
8449 8450 8451
8451 8450 8452
8451 8452 8453
8454 8455 8456
8454 8456 8457
8454 8457 8458
8454 8458 8459
8459 8458 8460
8459 8460 8461
8415 8414 8462
8272 8271 8463
8272 8463 8464
8465 8466 8467
8465 8467 8468
8466 8465 8469
8466 8469 8470
8471 8472 8473
8471 8473 8474
8475 8476 8477
8475 8477 8478
8478 8477 8479
8478 8479 8480
8481 8482 8483
8481 8483 8484
8485 8486 8468
8485 8468 8467
8487 8488 8489
8487 8489 8490
8486 8485 8491
8486 8491 8492
8493 8494 8495
8493 8495 8496
8434 8433 8438
8434 8438 8437
8497 8436 8435
8423 8422 8441
8423 8441 8440
8498 8499 8500
8498 8500 8501
8427 8426 8431
8427 8431 8502
8501 8500 8503
8501 8503 8429
8504 8499 8498
8504 8498 8505
8506 8504 8505
8506 8505 8507
8508 8509 8510
8508 8510 8511
8512 8513 8509
8512 8509 8508
8514 8515 8516
8514 8516 8517
8518 8519 8520
8518 8520 8521
8522 8523 8524
8525 8526 8527
8525 8527 8528
8529 8530 8531
8529 8531 8532
8514 8517 8521
8514 8521 8520
8530 8516 8515
8530 8515 8531
8533 8529 8532
8533 8532 8534
8535 8533 8534
8535 8534 8536
8396 8395 8535
8396 8535 8536
8382 8386 8387
8382 8387 8383
8537 8538 8385
8537 8385 8384
8393 8392 8401
8393 8401 8400
8539 8394 8397
8443 8442 8540
8443 8540 8541
8542 8543 8544
8542 8544 8545
8546 8547 8548
8546 8548 8549
8550 8551 8552
8420 8419 8553
8420 8553 8554
8416 8547 8555
8416 8555 8556
8557 8558 8364
8557 8364 8363
8421 8420 8559
8421 8559 8362
8319 8546 8549
8319 8549 8316
8412 8560 8561
8461 8460 8562
8461 8562 8563
8564 8565 8566
8567 8568 8569
8567 8569 8570
8544 8543 8571
8544 8571 8572
8573 8574 8575
8573 8575 8576
8568 8567 8577
8568 8577 8578
8569 8568 8579
8569 8579 8580
8581 8582 8583
8581 8583 8584
8585 8586 8587
8588 8589 8483
8588 8483 8482
8590 8591 8592
8576 8593 8594
8576 8594 8573
8595 8596 8597
8595 8597 8598
8599 8600 8601
8599 8601 8592
8602 8581 8584
8602 8584 8603
8568 8578 8604
8568 8604 8579
8605 8606 8484
8605 8484 8483
8412 8413 8560
8413 8607 8560
8522 8414 8417
8522 8417 8523
8405 8404 8399
8405 8399 8398
8528 8527 8513
8528 8513 8512
8481 8608 8609
8481 8609 8482
8609 8608 8610
8611 8612 8613
8611 8613 8614
8611 8495 8494
8611 8494 8612
8483 8589 8487
8483 8487 8605
8615 8616 8493
8615 8493 8496
8464 8463 8616
8464 8616 8615
8474 8473 8492
8474 8492 8491
8547 8416 8415
8547 8415 8548
8554 8553 8550
8554 8550 8552
8558 8557 8617
8558 8617 8618
8619 8470 8469
8619 8469 8620
8621 8480 8479
8621 8479 8622
8623 8624 8625
8623 8625 8626
8490 8627 8605
8490 8605 8487
8588 8482 8609
8588 8609 8628
8628 8609 8629
8588 8476 8630
8588 8630 8589
8487 8589 8630
8487 8630 8488
8631 8632 8624
8631 8633 8632
8634 8633 8631
8635 8636 8637
8635 8637 8634
8638 8639 8636
8638 8636 8635
8640 8641 8639
8640 8639 8638
8642 8643 8641
8642 8641 8640
8644 8645 8643
8644 8643 8642
8646 8645 8644
8646 8644 8647
8648 8649 8646
8648 8646 8647
8650 8651 8648
8610 8652 8651
8618 8617 8627
8618 8627 8490
8376 8364 8558
8376 8558 8653
8654 8618 8490
8654 8490 8489
8588 8628 8477
8588 8477 8476
8628 8629 8479
8628 8479 8477
8653 8558 8618
8653 8618 8654
8631 8624 8079
8631 8079 8084
8086 8634 8631
8086 8631 8084
8088 8635 8634
8088 8634 8086
8090 8638 8635
8090 8635 8088
8092 8640 8638
8092 8638 8090
8094 8642 8640
8094 8640 8092
8096 8644 8642
8096 8642 8094
8647 8644 8096
8647 8096 8098
8648 8647 8098
8648 8098 8655
8622 8650 8648
8622 8648 8655
8479 8629 8650
8479 8650 8622
8609 8610 8629
8079 8624 8623
8079 8623 8080
8632 8625 8624
8634 8637 8633
8656 8657 8658
8566 8565 8659
8566 8659 8660
8661 8587 8586
8661 8586 8662
8592 8591 8663
8592 8663 8599
8597 8596 8664
8592 8601 8590
8572 8571 8665
8572 8665 8666
8578 8577 8667
8578 8667 8668
8669 8594 8593
8669 8593 8670
8671 8602 8603
8671 8603 8672
8673 8604 8578
8673 8578 8668
8607 8570 8569
8607 8569 8560
8562 8575 8574
8562 8574 8563
8560 8569 8580
8560 8580 8561
8583 8582 8606
8583 8606 8605
8666 8665 8595
8666 8595 8598
8668 8667 8600
8668 8600 8599
8669 8670 8660
8669 8660 8659
8662 8671 8672
8662 8672 8661
8673 8668 8599
8673 8599 8663
8542 8545 8674
8675 8657 8656
8675 8656 8676
8523 8677 8678
8523 8678 8524
8524 8678 8679
8524 8679 8680
8681 8426 8429
8681 8429 8503
8502 8431 8430
8502 8430 8682
8498 8501 8683
8498 8683 8684
8432 8431 8426
8432 8426 8681
8501 8429 8428
8501 8428 8683
8505 8498 8684
8505 8684 8685
8507 8505 8685
8507 8685 8686
8687 8507 8686
8687 8686 8688
8689 8687 8688
8689 8688 8690
8691 8689 8690
8691 8690 8692
8693 8694 8695
8693 8695 8696
8694 8697 8698
8694 8698 8695
8697 8691 8692
8697 8692 8698
8611 8614 8678
8611 8678 8677
8699 8700 8526
8699 8526 8525
8653 8701 8702
8653 8702 8376
8654 8701 8653
8253 8252 8472
8253 8472 8471
8418 8262 8265
8418 8265 8272
8703 8269 8268
8703 8268 8704
8705 8270 8265
8705 8265 8264
8283 8282 8376
8283 8376 8702
8263 8706 8245
8263 8245 8264
8230 8229 8246
8230 8246 8707
8240 8239 8233
8240 8233 8236
8242 8241 8703
8242 8703 8704
8264 8245 8244
8264 8244 8705
8246 8229 8248
8246 8248 8243
8289 8260 8259
8289 8259 8290
8276 8275 8251
8276 8251 8250
8257 8256 8287
8257 8287 8286
8280 8288 8291
8280 8291 8281
8550 8553 8615
8550 8615 8496
8559 8420 8554
8559 8554 8555
8552 8551 8708
8552 8708 8556
8362 8361 8709
8362 8709 8421
8556 8555 8554
8556 8554 8552
8319 8362 8559
8319 8559 8546
8546 8559 8555
8546 8555 8547
8556 8708 8417
8556 8417 8416
8346 8345 8349
8346 8349 8352
8708 8677 8523
8708 8523 8417
8710 8418 8421
8710 8421 8709
8348 8347 8711
8348 8711 8712
8294 8293 8713
8294 8713 8714
8551 8677 8708
8551 8611 8677
8710 8709 8348
8710 8348 8712
8352 8313 8295
8352 8295 8346
8305 8293 8296
8305 8296 8299
8713 8293 8305
8713 8305 8304
8311 8300 8312
8311 8312 8315
8318 8317 8350
8318 8350 8349
8323 8322 8354
8323 8354 8353
8324 8327 8330
8324 8330 8329
8337 8336 8365
8337 8365 8377
8344 8343 8374
8344 8374 8358
8352 8351 8314
8352 8314 8313
8356 8355 8326
8356 8326 8325
8335 8334 8360
8335 8360 8359
8711 8347 8294
8711 8294 8714
8358 8357 8373
8358 8373 8344
8366 8365 8336
8366 8336 8371
8370 8335 8359
8370 8359 8375
8361 8318 8349
8361 8349 8345
8709 8361 8345
8709 8345 8348
8496 8495 8551
8496 8551 8550
8419 8464 8615
8419 8615 8553
8272 8464 8419
8272 8419 8418
8707 8246 8245
8707 8245 8706
8495 8611 8551
8312 8296 8295
8312 8295 8313
8305 8299 8298
8305 8298 8306
8306 8298 8302
8306 8302 8307
8300 8299 8296
8300 8296 8312
8346 8295 8294
8346 8294 8347
8302 8367 8307
8489 8715 8716
8489 8716 8654
8654 8716 8717
8654 8717 8701
8701 8717 8718
8701 8718 8702
8702 8718 8719
8702 8719 8283
8283 8719 8720
8283 8720 8280
8280 8720 8721
8280 8721 8288
8288 8721 8722
8288 8722 8289
8289 8722 8723
8289 8723 8260
8260 8723 8724
8260 8724 8261
8724 8284 8261
8715 8489 8488
8715 8488 8725
8725 8488 8630
8725 8630 8726
8726 8630 8476
8726 8476 8475
8727 8728 8613
8621 8622 8655
8621 8655 8729
8097 8729 8655
8097 8655 8098
8730 8619 8620
8215 8731 8732
8215 8732 8216
8731 8076 8075
8731 8075 8732
8150 8149 8733
8734 8154 8153
8734 8153 8735
8735 8153 8170
8735 8170 8736
8736 8170 8150
8736 8150 8737
8168 8154 8734
8155 8154 8168
8614 8613 8728
8614 8728 8738
8614 8738 8679
8614 8679 8678
8693 8699 8525
8693 8525 8694
8525 8528 8697
8525 8697 8694
8528 8512 8691
8528 8691 8697
8512 8508 8689
8512 8689 8691
8508 8511 8687
8508 8687 8689
8511 8506 8507
8511 8507 8687
8510 8739 8506
8510 8506 8511
8739 8102 8101
8739 8101 8506
8038 8740 8741
8038 8741 8039
8741 8740 8742
8741 8742 8743
8743 8742 8744
8743 8744 8745
8745 8744 8746
8745 8746 8747
8747 8746 8226
8747 8226 8225
8226 8106 8225
8700 8699 8738
8700 8738 8728
8699 8693 8679
8699 8679 8738
8679 8693 8696
8679 8696 8680
8392 8391 8748
8392 8748 8749
8401 8750 8751
8401 8751 8398
8402 8405 8752
8402 8752 8753
8754 8406 8755
8754 8755 8756
8757 8758 8759
8757 8759 8756
8758 8760 8761
8758 8761 8759
8760 8762 8763
8760 8763 8761
8749 8750 8401
8749 8401 8392
8398 8751 8752
8398 8752 8405
8762 8764 8765
8762 8765 8763
8765 8764 8766
8765 8766 8767
8767 8766 8768
8767 8768 8769
8770 8771 8772
8770 8772 8773
8774 8775 8771
8774 8771 8770
8776 8777 8775
8776 8775 8774
8778 8779 8777
8778 8777 8776
8780 8781 8779
8780 8779 8778
8782 8783 8784
8785 8786 8787
8785 8787 8788
8789 8790 8791
8789 8791 8792
8793 8794 8795
8793 8795 8796
8797 8796 8795
8797 8795 8798
8799 8800 8801
8799 8801 8802
8803 8804 8801
8803 8801 8800
8805 8806 8807
8805 8807 8808
8809 8810 8804
8809 8804 8803
8808 8807 8811
8808 8811 8812
8813 8814 8810
8813 8810 8809
8812 8811 8815
8812 8815 8816
8788 8787 8790
8788 8790 8789
8792 8791 8794
8792 8794 8793
8817 8818 8814
8817 8814 8813
8816 8815 8819
8816 8819 8820
8821 8822 8818
8821 8818 8817
8820 8819 8823
8820 8823 8824
8822 8821 8825
8822 8825 8826
8827 8824 8823
8827 8823 8828
8829 8769 8830
8831 8784 8781
8831 8781 8780
8826 8825 8832
8827 8828 8833
8756 8755 8834
8756 8834 8757
8756 8759 8835
8756 8835 8754
8759 8761 8836
8759 8836 8835
8761 8763 8837
8761 8837 8836
8763 8765 8838
8763 8838 8837
8765 8767 8839
8765 8839 8838
8767 8769 8829
8767 8829 8839
8773 8772 8652
8773 8652 8610
8840 8772 8771
8840 8771 8841
8841 8771 8775
8841 8775 8842
8842 8775 8777
8842 8777 8843
8843 8777 8779
8843 8779 8844
8779 8781 8845
8779 8845 8844
8781 8784 8783
8781 8783 8845
8782 8784 8831
8830 8769 8768
8755 8406 8402
8846 8652 8772
8846 8772 8840
8797 8798 8806
8797 8806 8805
8786 8785 8453
8786 8453 8452
8391 8389 8748
8391 8388 8389
8755 8402 8753
8755 8753 8834
8610 8651 8650
8610 8650 8629
8649 8651 8847
8648 8651 8649
8847 8652 8846
8651 8652 8847
8150 8733 8737
7921 7920 8848
7921 8848 8849
7716 7712 8850
7716 8850 7717
7712 7713 8851
7712 8851 8850
7713 7532 8852
7713 8852 8851
7532 7531 8853
7532 8853 8852
7778 7777 7781
7711 7714 7708
7763 7762 7913
7763 7913 7756
7745 7744 7761
7745 7761 8854
7758 7757 7913
7758 7913 7762
7757 7823 7734
7757 7734 7913
7684 7823 7822
7822 7823 7824
8854 8855 7747
8854 7747 7745
8002 8001 8003
7426 7429 7430
7430 7431 7870
7428 7427 7879
7601 7600 8856
8856 7600 8857
7752 8021 8858
8859 8860 8861
8862 8863 8864
8862 8864 8865
7412 7411 7406
7412 7406 7405
7737 7740 7739
7737 7739 7901
7901 7739 7917
7901 7917 7918
8866 8867 7932
8866 7932 7931
7945 7944 7940
7945 7940 7939
7950 7949 7952
7950 7952 7951
7961 7411 7410
7961 7410 7898
8012 8011 8010
8012 8010 8013
8868 7495 7979
8868 7979 7978
7912 7911 7983
7912 7983 7982
7923 7922 7986
7923 7986 7985
7990 7989 8002
7990 8002 7155
8025 7989 7966
8025 7966 8024
7496 7495 8868
8869 7161 7160
8869 7160 8870
7166 7165 7133
7166 7133 7132
7482 7481 8865
7482 8865 8864
7484 7487 8871
7484 8871 8872
7749 7746 7747
7749 7747 7750
8022 7161 8869
8022 8869 7133
7750 7747 8855
7750 8855 7753
7491 7493 8872
7491 8872 8871
7158 7157 8869
7158 8869 8870
7483 7479 7478
7483 7478 7480
7135 7134 7131
7135 7131 7130
7133 8869 7157
7133 7157 7134
7134 7157 7156
7134 7156 7131
8003 7156 7155
7156 7129 7131
7761 7744 7758
7761 7758 7762
7758 7744 7743
7758 7743 7759
7198 7172 7199
