byte offset: 0
first index: 0
index count: 10590
topology: trianglelist
format: DXGI_FORMAT_R16_UINT

0 1 2
0 2 3
4 1 5
6 5 7
8 9 10
8 10 11
12 13 2
12 2 14
15 3 16
15 16 17
18 11 10
19 20 21
22 23 24
22 24 25
18 26 27
18 27 28
29 21 30
31 23 29
32 33 34
35 30 33
36 37 35
38 39 36
38 36 35
35 33 40
35 40 38
33 32 41
33 41 40
42 43 40
42 40 41
44 38 40
44 40 43
45 39 38
45 38 44
46 47 45
46 45 44
44 43 48
44 48 46
43 42 49
43 49 48
50 51 49
52 46 48
52 48 51
53 47 46
53 46 52
50 54 55
50 55 51
56 52 51
56 51 55
57 53 52
57 52 56
58 55 54
59 56 55
59 55 60
61 57 56
61 56 59
59 62 63
59 63 61
59 60 64
59 64 62
64 65 66
64 60 65
60 58 65
6 67 4
68 69 70
68 70 71
72 73 74
72 74 75
76 77 78
76 78 79
80 81 82
80 82 83
84 85 77
84 77 76
83 82 86
83 86 87
88 70 69
88 69 89
90 73 72
90 72 91
88 89 92
88 92 93
94 95 96
94 96 97
98 99 100
98 100 101
102 95 94
102 94 103
99 104 105
99 105 100
106 102 103
106 103 107
104 108 109
104 109 105
110 106 107
110 107 111
108 112 113
108 113 109
114 110 111
114 111 115
112 116 117
112 117 113
118 114 115
118 115 119
116 120 121
116 121 117
122 118 119
122 119 123
120 124 125
120 125 121
126 123 127
128 129 130
128 130 131
130 129 132
133 134 135
136 84 137
136 137 138
135 139 140
135 140 133
141 142 128
141 128 131
143 144 142
143 142 141
145 146 144
145 144 143
147 148 146
147 146 145
149 150 148
149 148 147
151 152 153
151 153 154
153 152 155
153 155 156
157 156 155
157 155 158
157 158 140
157 140 139
134 159 160
161 162 160
161 160 159
163 164 165
163 165 166
167 126 127
87 86 168
169 170 171
169 172 170
170 173 174
174 175 170
176 170 175
170 177 178
179 180 170
180 181 170
181 182 170
182 183 170
170 183 184
178 179 170
185 186 187
185 187 188
189 190 191
189 191 192
185 193 194
185 194 195
186 185 195
186 195 196
197 198 199
197 199 200
201 202 200
201 200 199
203 204 202
203 202 201
205 206 207
205 207 208
209 210 208
209 208 207
211 212 210
211 210 209
213 214 212
213 212 211
215 216 214
215 214 213
217 218 216
217 216 215
218 217 194
218 194 193
191 198 197
191 197 192
9 8 4
9 4 67
219 220 221
222 223 220
224 225 220
225 226 220
226 227 220
227 228 220
229 230 220
220 230 231
231 232 220
233 220 234
233 235 220
222 220 235
223 221 220
220 228 229
68 71 79
68 79 78
80 75 74
80 74 81
17 16 22
17 22 25
20 236 13
20 13 12
170 172 173
149 151 154
149 154 150
176 177 170
203 206 205
203 205 204
33 27 34
27 26 34
220 232 234
84 136 85
237 238 0
6 4 5
129 239 132
134 160 135
126 122 123
101 93 92
101 92 98
91 97 96
91 96 90
37 31 29
37 29 35
51 48 49
58 60 55
240 241 242
18 28 11
243 241 8
243 8 11
4 8 241
240 14 1
243 11 28
244 245 243
244 243 28
30 244 28
30 28 27
245 242 241
245 241 243
14 242 12
245 244 21
245 21 20
245 20 12
245 12 242
14 2 1
14 240 242
240 4 241
4 240 1
29 19 21
21 244 30
13 16 3
13 3 2
16 13 236
19 236 20
15 237 0
15 0 3
19 23 22
19 22 236
23 19 29
31 24 23
35 29 30
30 27 33
16 236 22
246 247 248
246 248 249
250 251 249
252 253 251
254 255 256
254 256 257
258 259 248
258 248 260
261 262 263
261 263 247
264 256 255
265 266 267
268 269 270
268 270 271
264 272 273
264 273 274
275 276 266
277 275 271
278 279 280
281 280 276
282 281 283
284 281 282
284 282 285
281 284 286
281 286 280
280 286 287
280 287 278
288 287 286
288 286 289
290 289 286
290 286 284
291 290 284
291 284 285
292 290 291
292 291 293
290 292 294
290 294 289
289 294 295
289 295 288
296 295 297
298 297 294
298 294 292
299 298 292
299 292 293
296 297 300
296 300 301
302 300 297
302 297 298
303 302 298
303 298 299
304 301 300
305 306 300
305 300 302
307 305 302
307 302 303
305 307 308
305 308 309
305 309 310
305 310 306
310 311 312
310 312 306
306 312 304
252 250 313
314 315 316
314 316 317
318 319 320
318 320 321
322 323 324
322 324 325
326 327 328
326 328 329
330 322 325
330 325 331
327 332 333
327 333 328
317 316 334
317 334 335
336 337 318
336 318 321
338 335 334
338 334 339
340 341 342
340 342 343
344 345 346
344 346 347
348 349 340
348 340 343
347 346 350
347 350 351
352 353 349
352 349 348
351 350 354
351 354 355
356 357 353
356 353 352
355 354 358
355 358 359
360 361 357
360 357 356
359 358 362
359 362 363
364 365 361
364 361 360
363 362 366
363 366 367
368 369 365
368 365 364
367 366 370
367 370 371
372 373 369
374 375 376
374 376 377
376 378 377
379 380 381
382 383 384
382 384 330
380 379 385
380 385 386
387 375 374
387 374 388
389 387 388
389 388 390
391 389 390
391 390 392
393 391 392
393 392 394
395 393 394
395 394 396
397 398 399
397 399 400
399 401 402
399 402 400
403 404 402
403 402 401
403 386 385
403 385 404
381 405 406
407 406 405
407 405 408
409 410 411
409 411 412
413 373 372
332 414 333
415 416 417
415 417 418
417 419 420
419 417 421
417 422 421
417 423 424
425 417 426
426 417 427
427 417 428
428 417 429
417 430 429
423 417 425
431 432 433
431 433 434
435 436 437
435 437 438
431 439 440
431 440 441
434 442 439
434 439 431
443 444 445
443 445 446
447 445 444
447 444 448
449 447 448
449 448 450
451 452 453
451 453 454
455 453 452
455 452 456
457 455 456
457 456 458
459 457 458
459 458 460
461 459 460
461 460 462
463 461 462
463 462 464
464 441 440
464 440 463
437 436 443
437 443 446
257 313 250
257 250 254
465 466 467
468 467 469
470 467 471
471 467 472
472 467 473
473 467 474
475 467 476
467 477 476
477 467 478
467 479 480
479 467 481
468 481 467
469 467 466
467 475 474
314 324 323
314 323 315
326 329 320
326 320 319
262 269 268
262 268 263
267 258 260
267 260 482
417 420 418
395 396 398
395 398 397
422 417 424
449 450 451
449 451 454
280 279 273
273 279 274
467 480 478
330 331 382
483 246 484
252 251 250
377 378 485
381 380 405
372 369 368
345 344 338
345 338 339
337 336 342
337 342 341
283 275 277
283 281 275
297 295 294
304 300 306
486 487 488
264 255 272
489 255 254
489 254 488
250 488 254
486 249 259
489 272 255
490 272 489
490 489 491
276 273 272
276 272 490
491 489 488
491 488 487
259 258 487
491 267 266
491 266 490
491 487 258
491 258 267
259 249 248
259 487 486
486 488 250
250 249 486
275 266 265
266 276 490
260 248 247
260 247 263
263 482 260
265 267 482
261 247 246
261 246 483
265 482 268
265 268 271
271 275 265
277 271 270
281 276 275
276 280 273
263 268 482
492 493 494
492 494 495
493 496 497
493 497 494
498 499 500
498 500 501
499 498 502
499 502 503
504 492 495
504 495 505
506 507 508
509 510 511
512 509 513
512 513 514
511 513 509
515 516 517
517 506 508
517 508 518
518 515 517
519 520 521
519 521 522
522 521 523
522 523 524
525 526 527
525 527 528
528 503 502
528 502 525
529 530 520
529 520 519
531 532 533
534 535 536
512 514 537
512 537 534
535 534 537
515 538 516
538 518 532
538 532 531
518 538 515
539 540 541
539 541 542
543 544 545
543 545 546
547 548 549
547 549 550
551 552 553
554 555 556
554 556 557
558 559 560
558 560 561
562 563 564
562 564 544
565 566 567
560 551 568
560 568 569
570 571 572
570 572 573
550 574 575
550 575 546
576 577 549
576 549 578
579 580 581
579 581 582
583 584 585
583 585 586
562 544 543
562 543 587
588 589 590
591 592 582
591 582 581
593 594 539
593 539 542
549 548 567
549 567 578
595 596 597
598 599 600
598 600 601
546 545 547
546 547 550
580 571 602
580 602 603
599 604 605
551 553 568
565 567 548
579 572 571
579 571 580
606 607 603
606 603 602
601 608 609
574 550 549
574 549 577
610 543 546
610 546 575
611 612 613
565 548 547
614 545 544
614 544 564
613 559 558
613 558 611
615 616 617
615 617 618
619 620 621
619 621 622
623 624 625
623 625 626
627 628 620
627 620 619
629 630 631
629 631 632
622 621 633
622 633 634
635 636 637
635 637 638
639 640 626
639 626 625
641 642 624
641 624 623
643 644 645
643 645 646
647 648 649
647 649 650
633 651 652
633 652 634
653 654 655
653 655 656
657 658 659
657 659 660
638 637 629
638 629 632
661 662 663
661 663 664
657 660 656
657 656 655
665 666 667
665 667 668
588 590 669
590 589 670
590 670 671
672 673 674
672 674 675
676 677 645
676 645 644
669 590 591
648 678 679
648 679 649
672 675 666
672 666 665
669 591 680
581 580 603
581 603 681
681 682 683
681 683 680
598 601 609
684 553 685
684 685 566
686 684 566
686 566 594
687 685 552
576 578 687
576 687 688
540 614 564
540 564 586
569 568 556
569 556 555
586 564 563
586 563 583
566 565 539
566 539 594
628 627 616
628 616 615
689 690 640
689 640 639
686 691 557
686 557 556
692 587 543
692 543 610
574 693 694
574 694 575
695 696 577
695 577 576
577 696 693
577 693 574
575 694 570
575 570 610
642 641 697
642 697 698
586 585 541
586 541 540
539 565 614
539 614 540
565 547 545
565 545 614
551 559 699
700 701 555
700 555 554
560 559 551
569 702 561
569 561 560
573 692 610
573 610 570
559 613 699
698 697 631
698 631 630
555 701 702
555 702 569
606 602 694
606 694 693
696 695 608
694 602 571
694 571 570
551 699 552
599 605 600
703 600 607
703 607 606
682 681 603
682 603 607
591 590 671
591 671 592
636 635 677
636 677 676
581 681 680
581 680 591
693 696 703
693 703 606
597 596 609
662 654 653
662 653 663
688 704 695
688 695 576
704 595 597
704 597 695
613 612 704
661 664 652
661 652 651
699 688 687
699 687 552
613 704 688
613 688 699
552 685 553
685 687 578
685 578 567
567 566 685
703 601 600
556 568 684
556 684 686
686 594 593
686 593 691
553 684 568
608 601 703
609 608 597
696 608 703
608 695 597
704 612 595
604 683 682
604 682 605
658 668 667
658 667 659
600 605 607
607 605 682
705 706 707
705 707 708
709 710 711
709 711 712
713 714 715
713 715 716
717 718 719
720 721 722
720 722 723
724 725 726
724 726 727
728 712 729
728 729 730
731 732 733
726 734 735
726 735 717
736 737 738
736 738 739
714 710 740
714 740 741
742 743 715
742 715 744
745 746 747
745 747 748
749 750 751
749 751 752
728 753 709
728 709 712
754 755 756
757 747 746
757 746 758
759 706 705
759 705 760
715 743 732
715 732 716
761 762 763
764 765 766
764 766 767
710 714 713
710 713 711
748 768 769
748 769 739
767 770 771
717 735 718
731 716 732
745 748 739
745 739 738
772 769 768
772 768 773
765 774 775
741 744 715
741 715 714
776 740 710
776 710 709
777 778 779
731 713 716
780 729 712
780 712 711
778 777 724
778 724 727
781 782 783
781 783 784
785 786 787
785 787 788
789 790 791
789 791 792
793 785 788
793 788 794
795 796 797
795 797 798
786 799 800
786 800 787
801 802 803
801 803 804
805 791 790
805 790 806
807 789 792
807 792 808
809 810 811
809 811 812
813 814 815
813 815 816
800 799 817
800 817 818
819 820 821
819 821 822
823 824 825
823 825 826
802 796 795
802 795 803
827 828 829
827 829 830
823 821 820
823 820 824
831 832 833
831 833 834
754 835 755
755 836 837
755 837 756
838 839 840
838 840 841
842 812 811
842 811 843
835 757 755
816 815 844
816 844 845
838 831 834
838 834 839
835 846 757
747 847 768
747 768 748
847 846 848
847 848 849
764 774 765
850 733 851
850 851 718
852 760 733
852 733 850
853 719 851
742 854 853
742 853 743
708 750 729
708 729 780
734 723 722
734 722 735
750 749 730
750 730 729
733 760 705
733 705 731
794 781 784
794 784 793
855 805 806
855 806 856
852 722 721
852 721 857
858 776 709
858 709 753
741 740 859
741 859 860
861 742 744
861 744 862
744 741 860
744 860 862
740 776 736
740 736 859
808 863 864
808 864 807
750 708 707
750 707 751
705 708 780
705 780 731
731 780 711
731 711 713
717 865 727
866 720 723
866 723 867
726 717 727
734 726 725
734 725 868
737 736 776
737 776 858
727 865 778
863 798 797
863 797 864
723 734 868
723 868 867
772 860 859
772 859 769
862 775 861
859 736 739
859 739 769
717 719 865
767 766 770
869 772 773
869 773 766
849 773 768
849 768 847
757 758 836
757 836 755
804 842 843
804 843 801
747 757 846
747 846 847
860 772 869
860 869 862
762 774 763
830 829 819
830 819 822
854 742 861
854 861 870
870 861 762
870 762 761
778 870 779
827 818 817
827 817 828
865 719 853
865 853 854
778 865 854
778 854 870
719 718 851
851 732 743
851 743 853
732 851 733
869 766 765
722 852 850
722 850 735
852 857 759
852 759 760
718 735 850
775 869 765
774 762 775
862 869 775
775 762 861
870 761 779
771 770 849
771 849 848
826 825 833
826 833 832
766 773 770
773 849 770
871 872 873
874 875 876
877 878 879
877 879 880
878 877 881
878 881 882
882 881 883
882 883 884
885 886 871
871 873 887
871 887 876
888 872 889
888 889 890
872 888 891
871 886 879
879 872 871
871 876 875
871 875 885
892 872 879
892 879 878
893 894 895
896 897 898
899 878 900
899 900 901
878 882 902
878 902 900
882 884 903
882 903 902
904 893 905
906 894 893
893 897 906
889 895 907
889 907 890
895 908 907
893 899 905
899 893 895
893 904 898
893 898 897
892 895 889
892 878 899
886 880 879
899 901 905
892 889 872
892 899 895
909 910 911
909 911 912
911 913 914
911 914 912
915 916 910
915 910 909
917 918 916
917 916 915
919 920 918
919 918 917
921 922 920
921 920 919
923 924 922
923 922 921
925 926 924
925 924 923
927 928 926
927 926 925
929 930 928
929 928 927
931 932 930
931 930 929
933 934 932
933 932 931
935 936 937
935 937 938
939 940 936
939 936 935
941 942 940
941 940 939
943 944 942
943 942 941
945 946 944
945 944 943
947 948 946
947 946 945
949 950 948
949 948 947
951 952 950
951 950 949
953 954 952
953 952 951
955 956 954
955 954 953
957 958 956
957 956 955
959 960 958
959 958 957
961 962 960
961 960 959
963 964 962
963 962 961
965 966 964
965 964 963
965 967 968
965 968 966
969 970 971
972 971 973
972 973 974
975 976 977
977 978 979
971 977 980
971 980 969
981 977 971
981 971 982
979 983 977
977 984 975
973 971 970
973 970 985
972 982 971
977 986 978
979 978 987
979 987 988
983 980 977
977 981 984
987 989 988
989 990 988
991 992 993
991 994 992
993 976 975
993 975 991
995 996 977
977 996 997
998 995 977
977 997 986
976 998 977
872 891 873
894 908 895
999 1000 1001
999 1001 1002
999 1002 1003
999 1003 1004
999 1004 1000
1004 1005 1006
1004 1006 1000
1000 1006 1007
1000 1007 1008
1000 1008 1001
1001 1008 1009
1001 1009 1010
1001 1010 1002
1002 1010 1011
1002 1011 1012
1002 1012 1003
1003 1012 1013
1003 1013 1014
1003 1014 1004
1004 1014 1005
1015 1016 1017
1015 1017 1018
1018 1017 1019
1019 1017 1020
1020 1017 1021
1021 1017 1022
1022 1017 1023
1023 1017 1024
1024 1017 1025
1025 1017 1016
1026 1027 1028
1029 1030 1031
1032 1033 1034
1032 1034 1035
1035 1036 1037
1035 1037 1032
1036 1038 1039
1036 1039 1037
1040 1026 1041
1026 1042 1027
1026 1030 1042
1043 1044 1045
1043 1045 1028
1028 1046 1043
1026 1034 1041
1034 1026 1028
1026 1040 1031
1026 1031 1030
1047 1034 1028
1047 1035 1034
1048 1049 1050
1051 1052 1053
1054 1055 1056
1054 1056 1035
1035 1056 1057
1035 1057 1036
1036 1057 1058
1036 1058 1038
1059 1060 1048
1061 1048 1050
1048 1061 1053
1045 1044 1062
1045 1062 1049
1049 1062 1063
1048 1060 1054
1054 1049 1048
1048 1053 1052
1048 1052 1059
1047 1045 1049
1047 1054 1035
1041 1034 1033
1054 1060 1055
1047 1028 1045
1047 1049 1054
1064 1065 1066
1064 1066 1067
1066 1065 1068
1066 1068 1069
1070 1064 1067
1070 1067 1071
1072 1070 1071
1072 1071 1073
1074 1072 1073
1074 1073 1075
1076 1074 1075
1076 1075 1077
1078 1076 1077
1078 1077 1079
1080 1078 1079
1080 1079 1081
1082 1080 1081
1082 1081 1083
1084 1082 1083
1084 1083 1085
1086 1084 1085
1086 1085 1087
1088 1086 1087
1088 1087 1089
1090 1091 1092
1090 1092 1093
1094 1090 1093
1094 1093 1095
1096 1094 1095
1096 1095 1097
1098 1096 1097
1098 1097 1099
1100 1098 1099
1100 1099 1101
1102 1100 1101
1102 1101 1103
1104 1102 1103
1104 1103 1105
1106 1104 1105
1106 1105 1107
1108 1106 1107
1108 1107 1109
1110 1108 1109
1110 1109 1111
1112 1110 1111
1112 1111 1113
1114 1112 1113
1114 1113 1115
1116 1114 1115
1116 1115 1117
1118 1116 1117
1118 1117 1119
1120 1118 1119
1120 1119 1121
1120 1121 1122
1120 1122 1123
1124 1125 1126
1127 1128 1129
1127 1129 1125
1130 1131 1132
1131 1133 1134
1125 1124 1135
1125 1135 1131
1136 1137 1125
1136 1125 1131
1133 1131 1138
1131 1130 1139
1129 1140 1126
1129 1126 1125
1127 1125 1137
1131 1134 1141
1133 1142 1143
1133 1143 1134
1138 1131 1135
1131 1139 1136
1143 1142 1144
1144 1142 1145
1146 1147 1148
1146 1148 1149
1147 1146 1130
1147 1130 1132
1150 1131 1151
1131 1152 1151
1153 1131 1150
1131 1141 1152
1132 1131 1153
1028 1027 1046
1050 1049 1063
1154 1155 1156
1154 1157 1155
1154 1158 1157
1154 1159 1158
1154 1156 1159
1159 1156 1160
1159 1160 1161
1156 1162 1160
1156 1155 1163
1156 1163 1162
1155 1164 1163
1155 1157 1165
1155 1165 1164
1157 1166 1165
1157 1158 1167
1157 1167 1166
1158 1168 1167
1158 1159 1169
1158 1169 1168
1159 1161 1169
1170 1171 1172
1170 1173 1171
1173 1174 1171
1174 1175 1171
1175 1176 1171
1176 1177 1171
1177 1178 1171
1178 1179 1171
1179 1180 1171
1180 1172 1171
1181 1182 1183
1181 1183 1184
1185 1183 1186
1187 1185 1188
1184 1183 1189
1184 1189 1190
1189 1183 1185
1191 1189 1192
1189 1193 1194
1189 1194 1190
1193 1189 1191
1195 1194 1193
1192 1185 1187
1196 1197 1198
1183 1182 1186
1185 1186 1199
1192 1189 1185
1187 1188 1197
1200 1201 1202
1200 1202 1203
1201 1200 1204
1201 1204 1205
1205 1204 1206
1205 1206 1207
1208 1209 1210
1208 1210 1211
1208 1211 1212
1208 1212 1213
1206 1210 1209
1206 1209 1207
1185 1199 1188
1187 1197 1196
1214 1215 1216
1214 1216 1217
1215 1214 1218
1215 1218 1219
1219 1218 1220
1219 1220 1221
1221 1220 1222
1221 1222 1223
1223 1222 1224
1223 1224 1225
1225 1224 1226
1225 1226 1227
1228 1229 1230
1229 1231 1232
1229 1232 1230
1231 1229 1233
1233 1229 1234
1234 1235 1236
1234 1236 1237
1238 1239 1240
1239 1238 1236
1236 1238 1237
1241 1229 1228
1229 1241 1235
1228 1230 1242
1235 1234 1229
1181 1184 1243
1181 1243 1244
1245 1246 1243
1247 1248 1245
1184 1190 1249
1184 1249 1243
1249 1245 1243
1250 1251 1249
1249 1190 1194
1249 1194 1252
1252 1250 1249
1195 1252 1194
1251 1247 1245
1253 1254 1255
1243 1246 1244
1245 1256 1246
1251 1245 1249
1247 1255 1248
1257 1203 1202
1257 1202 1258
1258 1259 1260
1258 1260 1257
1259 1261 1262
1259 1262 1260
1263 1264 1265
1263 1265 1266
1263 1267 1268
1263 1268 1264
1262 1261 1266
1262 1266 1265
1245 1248 1256
1247 1253 1255
1269 1270 1271
1269 1271 1272
1272 1273 1274
1272 1274 1269
1273 1275 1276
1273 1276 1274
1275 1277 1278
1275 1278 1276
1277 1279 1280
1277 1280 1278
1279 1281 1282
1279 1282 1280
1283 1230 1284
1284 1230 1232
1284 1232 1285
1285 1286 1284
1286 1287 1284
1287 1288 1289
1287 1289 1290
1291 1292 1293
1293 1289 1291
1289 1288 1291
1294 1283 1284
1284 1290 1294
1283 1242 1230
1290 1284 1287
1295 1296 1297
1295 1297 1298
1299 1300 1301
1299 1301 1302
1303 1304 1297
1303 1297 1296
1305 1306 1302
1305 1302 1301
1307 1308 1306
1307 1306 1305
1309 1310 1308
1309 1308 1307
1311 1310 1309
1311 1309 1312
1313 1314 1315
1313 1315 1316
1317 1318 1304
1317 1304 1303
1319 1320 1321
1319 1321 1322
1314 1311 1312
1314 1312 1315
1299 1295 1298
1299 1298 1300
1323 1324 1325
1323 1325 1326
1327 1328 1329
1327 1329 1330
1327 1325 1331
1327 1331 1328
1326 1332 1323
1333 1330 1334
1333 1334 1335
1329 1334 1330
1319 1322 1318
1319 1318 1317
1325 1324 1331
1295 1336 1337
1295 1337 1296
1299 1302 1338
1299 1338 1339
1303 1296 1337
1303 1337 1340
1341 1338 1302
1341 1302 1306
1342 1341 1306
1342 1306 1308
1343 1342 1308
1343 1308 1310
1311 1344 1343
1311 1343 1310
1313 1345 1346
1313 1346 1314
1317 1303 1340
1317 1340 1347
1319 1348 1349
1319 1349 1320
1314 1346 1344
1314 1344 1311
1299 1339 1336
1299 1336 1295
1350 1351 1352
1350 1352 1353
1354 1355 1356
1354 1356 1357
1354 1357 1358
1354 1358 1352
1351 1350 1359
1360 1361 1362
1360 1362 1355
1356 1355 1362
1319 1317 1347
1319 1347 1348
1352 1358 1353
1363 1364 1365
1363 1365 1366
1367 1368 1369
1367 1369 1370
1371 1372 1373
1371 1373 1374
1375 1376 1377
1375 1377 1378
1375 1378 1379
1375 1379 1380
1376 1381 1382
1376 1382 1377
1383 1384 1385
1383 1385 1386
1387 1388 1389
1387 1389 1390
1391 1392 1393
1391 1393 1394
1381 1395 1396
1381 1396 1382
1397 1392 1391
1397 1391 1398
1395 1399 1400
1395 1400 1396
1401 1397 1398
1401 1398 1402
1399 1403 1404
1399 1404 1400
1405 1401 1402
1405 1402 1406
1403 1407 1408
1403 1408 1404
1409 1405 1406
1409 1406 1410
1407 1373 1372
1407 1372 1408
1368 1409 1410
1368 1410 1369
1411 1412 1413
1411 1413 1414
1411 1415 1416
1411 1416 1412
1415 1417 1418
1415 1418 1416
1417 1419 1420
1417 1420 1418
1419 1421 1422
1419 1422 1420
1363 1422 1364
1423 1424 1425
1423 1425 1426
1394 1393 1389
1394 1389 1388
1424 1366 1365
1424 1365 1425
1422 1421 1364
1384 1427 1428
1384 1428 1385
1387 1390 1429
1380 1379 1430
1431 1432 1433
1431 1433 1434
1367 1370 1435
1367 1435 1436
1371 1374 1437
1371 1437 1438
1439 1440 1441
1439 1441 1442
1439 1443 1444
1439 1444 1440
1442 1441 1445
1442 1445 1446
1447 1448 1449
1447 1449 1450
1451 1452 1453
1451 1453 1454
1446 1445 1455
1446 1455 1456
1457 1458 1451
1457 1451 1454
1456 1455 1459
1456 1459 1460
1461 1462 1458
1461 1458 1457
1460 1459 1463
1460 1463 1464
1465 1466 1462
1465 1462 1461
1464 1463 1467
1464 1467 1468
1469 1470 1466
1469 1466 1465
1468 1467 1438
1468 1438 1437
1436 1435 1470
1436 1470 1469
1471 1414 1413
1471 1413 1472
1471 1472 1473
1471 1473 1474
1474 1473 1475
1474 1475 1476
1476 1475 1477
1476 1477 1478
1478 1477 1479
1478 1479 1480
1431 1434 1479
1481 1482 1483
1481 1483 1484
1452 1450 1449
1452 1449 1453
1484 1483 1433
1484 1433 1432
1479 1434 1480
1485 1486 1487
1485 1487 1488
1489 1490 1491
1489 1491 1492
1493 1494 1490
1493 1490 1489
1495 1496 1497
1495 1497 1498
1499 1500 1501
1499 1501 1502
1503 1497 1496
1503 1496 1504
1494 1505 1506
1494 1506 1490
1507 1508 1509
1507 1509 1510
1511 1512 1508
1511 1508 1507
1513 1514 1502
1513 1502 1501
1515 1502 1514
1515 1514 1516
1498 1517 1518
1498 1518 1495
1519 1520 1521
1519 1521 1522
1523 1524 1525
1523 1525 1526
1527 1528 1529
1527 1529 1530
1531 1532 1533
1531 1533 1534
1535 1536 1537
1535 1537 1538
1539 1540 1541
1539 1541 1542
1543 1544 1545
1543 1545 1546
1547 1525 1524
1547 1524 1548
1549 1550 1551
1549 1551 1552
1533 1553 1554
1533 1554 1555
1542 1541 1556
1542 1556 1557
1558 1559 1560
1558 1560 1561
1562 1563 1564
1562 1564 1565
1566 1567 1568
1566 1568 1569
1570 1571 1572
1570 1572 1573
1574 1575 1571
1574 1571 1570
1576 1577 1578
1576 1578 1579
1577 1580 1581
1577 1581 1578
1582 1583 1584
1582 1584 1585
1586 1587 1588
1586 1588 1589
1587 1590 1591
1587 1591 1588
1592 1593 1594
1592 1594 1595
1596 1528 1525
1596 1525 1547
1561 1560 1597
1561 1597 1598
1599 1600 1601
1599 1601 1602
1603 1575 1574
1603 1574 1604
1605 1606 1607
1605 1607 1608
1609 1603 1604
1609 1604 1610
1611 1598 1597
1611 1597 1612
1613 1614 1564
1613 1564 1563
1615 1616 1617
1615 1617 1618
1619 1620 1621
1619 1621 1622
1623 1624 1625
1623 1625 1626
1627 1628 1629
1627 1629 1630
1631 1632 1633
1631 1633 1634
1635 1511 1507
1635 1507 1636
1637 1638 1639
1637 1639 1640
1636 1507 1510
1636 1510 1641
1642 1640 1639
1642 1639 1643
1644 1645 1646
1644 1646 1647
1648 1649 1650
1648 1650 1651
1652 1653 1654
1652 1654 1553
1553 1654 1655
1553 1655 1554
1656 1584 1583
1656 1583 1657
1658 1659 1660
1658 1660 1661
1662 1647 1646
1662 1646 1663
1648 1651 1664
1648 1664 1665
1532 1652 1553
1532 1553 1533
1666 1661 1660
1666 1660 1667
1668 1669 1491
1668 1491 1670
1505 1671 1672
1505 1672 1506
1508 1673 1674
1508 1674 1509
1512 1675 1673
1512 1673 1508
1516 1676 1677
1516 1677 1515
1526 1525 1528
1526 1528 1527
1678 1679 1532
1678 1532 1531
1539 1680 1681
1539 1681 1540
1682 1683 1684
1682 1684 1685
1686 1529 1528
1686 1528 1596
1616 1499 1502
1616 1502 1515
1625 1541 1540
1625 1540 1628
1649 1645 1510
1649 1510 1509
1687 1680 1539
1687 1539 1653
1665 1663 1646
1665 1646 1648
1679 1688 1652
1679 1652 1532
1506 1672 1689
1506 1689 1670
1537 1690 1684
1537 1684 1691
1544 1543 1549
1544 1549 1552
1692 1693 1500
1692 1500 1499
1548 1623 1626
1548 1626 1547
1565 1631 1634
1565 1634 1562
1547 1626 1627
1547 1627 1596
1515 1677 1617
1515 1617 1616
1568 1567 1620
1568 1620 1619
1627 1630 1686
1627 1686 1596
1615 1692 1499
1615 1499 1616
1692 1615 1512
1692 1512 1511
1624 1556 1541
1624 1541 1625
1628 1540 1681
1628 1681 1629
1632 1591 1590
1632 1590 1633
1693 1692 1511
1693 1511 1635
1622 1621 1638
1622 1638 1637
1615 1618 1675
1615 1675 1512
1628 1627 1626
1628 1626 1625
1589 1656 1657
1589 1657 1586
1641 1510 1645
1641 1645 1644
1509 1674 1650
1509 1650 1649
1653 1539 1542
1653 1542 1654
1654 1542 1557
1654 1557 1655
1642 1643 1659
1642 1659 1658
1648 1646 1645
1648 1645 1649
1653 1652 1688
1653 1688 1687
1662 1663 1694
1662 1694 1695
1663 1665 1696
1663 1696 1694
1534 1538 1697
1534 1697 1531
1534 1533 1555
1534 1555 1698
1585 1581 1580
1585 1580 1582
1666 1667 1699
1666 1699 1700
1665 1664 1701
1665 1701 1696
1531 1697 1702
1531 1702 1678
1703 1704 1504
1703 1504 1496
1705 1706 1495
1705 1495 1518
1521 1520 1545
1521 1545 1544
1707 1708 1552
1707 1552 1551
1600 1605 1608
1600 1608 1601
1552 1708 1521
1552 1521 1544
1572 1592 1595
1572 1595 1573
1496 1495 1706
1496 1706 1703
1668 1709 1704
1668 1704 1703
1710 1669 1706
1710 1706 1705
1707 1682 1685
1707 1685 1708
1708 1685 1522
1708 1522 1521
1670 1689 1709
1670 1709 1668
1492 1491 1669
1492 1669 1710
1522 1690 1711
1522 1711 1519
1685 1684 1690
1685 1690 1522
1606 1576 1579
1606 1579 1607
1668 1703 1706
1668 1706 1669
1670 1491 1490
1670 1490 1506
1684 1683 1712
1684 1712 1691
1536 1711 1690
1536 1690 1537
1695 1694 1494
1695 1494 1493
1694 1696 1505
1694 1505 1494
1538 1534 1698
1538 1698 1535
1700 1699 1609
1700 1609 1610
1696 1701 1671
1696 1671 1505
1538 1537 1691
1538 1691 1697
1697 1691 1712
1697 1712 1702
1713 1714 1715
1713 1715 1716
1713 1716 1717
1713 1717 1718
1719 1720 1721
1719 1721 1722
1723 1724 1725
1723 1725 1726
1727 1728 1713
1727 1713 1718
1729 1720 1719
1729 1719 1730
1716 1715 1731
1716 1731 1732
1728 1733 1714
1728 1714 1713
1724 1734 1735
1724 1735 1725
1716 1732 1736
1716 1736 1717
1722 1721 1737
1722 1737 1738
1739 1740 1741
1739 1741 1742
1743 1744 1745
1743 1745 1746
1745 1744 1747
1745 1747 1748
1749 1750 1751
1749 1751 1752
1753 1754 1755
1753 1755 1756
1757 1758 1759
1757 1759 1760
1761 1762 1763
1761 1763 1764
1765 1766 1767
1765 1767 1768
1769 1770 1771
1769 1771 1772
1773 1774 1740
1773 1740 1739
1775 1742 1741
1775 1741 1776
1742 1775 1777
1742 1777 1778
1743 1779 1780
1743 1780 1781
1782 1783 1784
1782 1784 1785
1786 1787 1785
1786 1785 1784
1788 1789 1790
1788 1790 1791
1783 1782 1792
1783 1792 1793
1794 1795 1796
1794 1796 1797
1798 1799 1800
1798 1800 1801
1802 1803 1804
1802 1804 1805
1806 1807 1808
1806 1808 1809
1809 1808 1810
1809 1810 1811
1812 1813 1814
1812 1814 1815
1816 1817 1818
1816 1818 1819
1819 1818 1820
1819 1820 1821
1822 1823 1824
1822 1824 1825
1826 1827 1828
1826 1828 1829
1830 1831 1832
1830 1832 1833
1834 1789 1788
1834 1788 1835
1836 1837 1838
1836 1838 1839
1840 1841 1842
1840 1842 1843
1844 1845 1846
1844 1846 1847
1848 1844 1847
1848 1847 1849
1850 1851 1852
1850 1852 1853
1720 1854 1855
1720 1855 1721
1729 1856 1854
1729 1854 1720
1855 1857 1737
1855 1737 1721
1746 1745 1858
1746 1858 1778
1858 1745 1748
1858 1748 1859
1746 1860 1779
1746 1779 1743
1798 1801 1861
1798 1861 1862
1837 1863 1864
1837 1864 1838
1865 1866 1867
1827 1826 1868
1827 1868 1869
1870 1871 1872
1870 1872 1873
1865 1765 1768
1865 1768 1866
1874 1875 1876
1874 1876 1877
1768 1878 1879
1768 1879 1866
1880 1830 1833
1880 1833 1881
1882 1883 1884
1882 1884 1885
1886 1887 1888
1886 1888 1889
1762 1890 1891
1762 1891 1767
1883 1892 1893
1883 1893 1884
1886 1894 1895
1886 1895 1887
1761 1896 1890
1761 1890 1762
1817 1816 1897
1817 1897 1898
1899 1900 1901
1899 1901 1902
1903 1904 1905
1903 1905 1906
1907 1759 1758
1907 1758 1908
1758 1909 1910
1758 1910 1908
1911 1848 1849
1911 1849 1912
1900 1913 1914
1900 1914 1901
1915 1916 1904
1915 1904 1903
1757 1917 1909
1757 1909 1758
1854 1718 1717
1854 1717 1855
1856 1727 1718
1856 1718 1854
1717 1736 1857
1717 1857 1855
1778 1777 1860
1778 1860 1746
1863 1834 1835
1863 1835 1864
1778 1858 1739
1778 1739 1742
1739 1858 1859
1739 1859 1773
1795 1862 1861
1795 1861 1796
1918 1919 1920
1918 1920 1921
1922 1923 1924
1922 1924 1925
1873 1877 1876
1873 1876 1870
1926 1879 1878
1926 1878 1927
1876 1885 1889
1876 1889 1870
1927 1878 1891
1927 1891 1928
1884 1893 1894
1884 1894 1886
1929 1890 1896
1929 1896 1930
1893 1902 1906
1893 1906 1894
1930 1896 1910
1930 1910 1931
1901 1914 1915
1901 1915 1903
1932 1909 1917
1932 1917 1933
1914 1934 1935
1914 1935 1915
1933 1917 1936
1933 1936 1937
1938 1939 1940
1938 1940 1941
1942 1943 1944
1942 1944 1945
1939 1918 1921
1939 1921 1940
1943 1922 1925
1943 1925 1944
1743 1781 1749
1743 1749 1744
1879 1771 1866
1726 1725 1873
1725 1735 1877
1772 1771 1879
1881 1822 1825
1881 1825 1880
1829 1828 1946
1829 1946 1947
1948 1867 1771
1948 1771 1770
1725 1877 1873
1867 1866 1771
1726 1873 1872
1877 1735 1874
1772 1879 1926
1762 1767 1766
1762 1766 1763
1821 1820 1869
1821 1869 1868
1853 1832 1831
1853 1831 1850
1875 1882 1885
1875 1885 1876
1889 1888 1871
1889 1871 1870
1767 1891 1878
1767 1878 1768
1886 1889 1885
1886 1885 1884
1928 1891 1890
1928 1890 1929
1898 1897 1814
1898 1814 1813
1892 1899 1902
1892 1902 1893
1906 1905 1895
1906 1895 1894
1764 1907 1908
1764 1908 1761
1908 1910 1896
1908 1896 1761
1851 1911 1912
1851 1912 1852
1903 1906 1902
1903 1902 1901
1931 1910 1909
1931 1909 1932
1760 1949 1950
1760 1950 1757
1951 1952 1812
1951 1812 1815
1843 1846 1845
1843 1845 1840
1913 1953 1934
1913 1934 1914
1935 1954 1916
1935 1916 1915
1950 1936 1917
1950 1917 1757
1935 1934 1938
1935 1938 1941
1937 1936 1942
1937 1942 1945
1919 1719 1722
1919 1722 1920
1730 1719 1919
1730 1919 1955
1722 1738 1956
1722 1956 1920
1744 1749 1752
1744 1752 1747
1781 1780 1924
1781 1924 1923
1799 1802 1805
1799 1805 1800
1957 1836 1839
1957 1839 1958
1749 1781 1923
1749 1923 1750
1959 1918 1939
1959 1939 1960
1750 1961 1962
1750 1962 1751
1807 1806 1804
1807 1804 1803
1921 1963 1964
1921 1964 1940
1961 1922 1943
1961 1943 1754
1841 1965 1966
1841 1966 1842
1959 1955 1919
1959 1919 1918
1920 1956 1963
1920 1963 1921
1750 1923 1922
1750 1922 1961
1965 1957 1958
1965 1958 1966
1961 1754 1753
1961 1753 1962
1960 1939 1938
1960 1938 1967
1940 1964 1968
1940 1968 1941
1754 1943 1942
1754 1942 1755
1949 1756 1755
1949 1755 1950
1811 1810 1952
1811 1952 1951
1953 1967 1938
1953 1938 1934
1941 1968 1954
1941 1954 1935
1950 1755 1942
1950 1942 1936
1969 1970 1971
1969 1971 1972
1970 1973 1974
1970 1974 1971
1975 1976 1977
1975 1977 1978
1979 1980 1981
1979 1981 1982
1976 1975 1983
1976 1983 1984
1985 1986 1973
1985 1973 1970
1987 1988 1989
1987 1989 1990
1988 1991 1992
1988 1992 1989
1982 1993 1994
1982 1994 1979
1993 1982 1995
1993 1995 1996
1997 1998 1978
1997 1978 1977
1999 2000 2001
1999 2001 2002
2003 2004 2005
2003 2005 2006
2007 2008 2009
2007 2009 2010
2011 2012 2013
2011 2013 2014
2015 2016 2017
2015 2017 2018
2019 2020 2021
2019 2021 2022
2023 2024 2025
2023 2025 2026
2004 2003 2027
2004 2027 2028
2029 2030 2031
2029 2031 2032
2033 2034 2011
2033 2011 2035
2036 2019 2022
2036 2022 2037
2038 2039 2040
2038 2040 2041
2042 2043 2044
2042 2044 2045
2046 2047 2048
2046 2048 2049
2050 2051 2052
2050 2052 2053
2051 2054 2055
2051 2055 2052
2056 2057 2058
2056 2058 2059
2060 2061 2057
2060 2057 2056
2062 2063 2064
2062 2064 2065
2066 2067 2068
2066 2068 2069
2070 2071 2067
2070 2067 2066
2072 2073 2074
2072 2074 2075
2003 2008 2076
2003 2076 2027
2077 2038 2041
2077 2041 2078
2079 2080 2081
2079 2081 2082
2055 2054 2083
2055 2083 2084
2085 2086 2087
2085 2087 2088
2084 2083 2089
2084 2089 2090
2077 2078 2091
2077 2091 2092
2042 2093 2094
2042 2094 2043
2095 2096 2097
2095 2097 2098
2099 2100 2101
2099 2101 2102
2103 2104 2105
2103 2105 2106
2107 2108 2109
2107 2109 2110
2111 2112 2113
2111 2113 2114
1989 1992 2115
1989 2115 2116
2117 2118 2119
2117 2119 2120
1990 1989 2116
1990 2116 2121
2117 2120 2122
2117 2122 2123
2124 2125 2126
2124 2126 2127
2128 2129 2130
2128 2130 2131
2132 2133 2134
2132 2134 2034
2135 2132 2034
2135 2034 2033
2063 2062 2136
2063 2136 2137
2138 2139 2140
2138 2140 2141
2124 2127 2142
2124 2142 2143
2144 2131 2130
2144 2130 2145
2034 2134 2012
2034 2012 2011
2138 2141 2146
2138 2146 2147
1969 2148 2149
1969 2149 2150
2151 2152 1986
2151 1986 1985
2153 2154 1988
2153 1988 1987
2154 2155 1991
2154 1991 1988
2156 2157 1996
2156 1996 1995
2008 2003 2006
2008 2006 2009
2012 2158 2159
2012 2159 2013
2160 2161 2021
2160 2021 2020
2162 2163 2164
2162 2164 2165
2008 2007 2166
2008 2166 2076
1982 1981 2096
1982 2096 1995
2020 2019 2103
2020 2103 2108
1990 2125 2129
1990 2129 1987
2021 2161 2167
2021 2167 2133
2124 2143 2145
2124 2145 2130
2134 2168 2158
2134 2158 2012
2169 2151 1985
2169 1985 2150
2162 2170 2015
2162 2015 2171
2031 2025 2024
2031 2024 2032
1980 2172 2173
1980 2173 1981
2106 2105 2028
2106 2028 2027
2114 2113 2045
2114 2045 2044
2109 2106 2027
2109 2027 2076
2095 2156 1995
2095 1995 2096
2100 2047 2046
2100 2046 2101
2166 2110 2109
2166 2109 2076
1981 2173 2097
1981 2097 2096
1991 2097 2173
1991 2173 1992
2019 2036 2104
2019 2104 2103
2160 2020 2108
2160 2108 2107
2071 2070 2112
2071 2112 2111
1992 2173 2172
1992 2172 2115
2118 2099 2102
2118 2102 2119
2155 2098 2097
2155 2097 1991
2106 2109 2108
2106 2108 2103
2137 2136 2069
2137 2069 2068
2125 1990 2121
2125 2121 2126
2128 2153 1987
2128 1987 2129
2022 2021 2133
2022 2133 2132
2037 2022 2132
2037 2132 2135
2139 2123 2122
2139 2122 2140
2125 2124 2130
2125 2130 2129
2168 2134 2133
2168 2133 2167
2174 2143 2142
2174 2142 2175
2176 2145 2143
2176 2143 2174
2177 2018 2014
2177 2014 2013
2035 2011 2014
2035 2014 2178
2061 2060 2065
2061 2065 2064
2179 2147 2146
2179 2146 2180
2181 2144 2145
2181 2145 2176
2182 2177 2013
2182 2013 2159
1984 2183 2184
1984 2184 1976
1977 2185 2186
1977 2186 1997
2023 2000 1999
2023 1999 2024
2032 2187 2188
2032 2188 2029
2088 2087 2080
2088 2080 2079
1999 2187 2032
1999 2032 2024
2075 2074 2050
2075 2050 2053
2185 1977 1976
2185 1976 2184
2183 2189 2149
2183 2149 2184
2185 2148 2190
2185 2190 2186
2165 2164 2188
2165 2188 2187
2002 2165 2187
2002 2187 1999
2189 2169 2150
2189 2150 2149
2148 1969 1972
2148 1972 2190
2191 2170 2002
2191 2002 2001
2170 2162 2165
2170 2165 2002
2059 2058 2086
2059 2086 2085
2185 2184 2149
2185 2149 2148
1970 1969 2150
1970 2150 1985
2192 2163 2162
2192 2162 2171
2170 2191 2016
2170 2016 2015
1973 2174 2175
1973 2175 1974
1986 2176 2174
1986 2174 1973
2178 2014 2018
2178 2018 2017
2089 2179 2180
2089 2180 2090
2152 2181 2176
2152 2176 1986
2171 2015 2018
2171 2018 2177
2192 2171 2177
2192 2177 2182
2193 2194 2195
2193 2195 2196
2197 2196 2195
2197 2195 2198
2199 2200 2201
2199 2201 2202
2203 2204 2205
2203 2205 2206
2195 2207 2208
2195 2208 2198
2201 2200 2209
2201 2209 2210
2211 2193 2196
2211 2196 2212
2194 2213 2207
2194 2207 2195
2214 2215 2204
2214 2204 2203
2216 2212 2196
2216 2196 2197
2217 2199 2202
2217 2202 2218
2219 2220 2221
2219 2221 2222
2223 2224 2225
2223 2225 2226
2227 2224 2223
2227 2223 2228
2229 2230 2231
2229 2231 2232
2233 2234 2235
2233 2235 2236
2237 2238 2239
2237 2239 2240
2241 2242 2243
2241 2243 2244
2245 2246 2247
2245 2247 2248
2249 2250 2251
2249 2251 2252
2220 2253 2254
2220 2254 2221
2219 2222 2255
2219 2255 2256
2257 2255 2222
2257 2222 2258
2259 2260 2225
2259 2225 2261
2262 2263 2264
2262 2264 2265
2265 2266 2267
2265 2267 2262
2268 2269 2270
2268 2270 2271
2272 2264 2263
2272 2263 2273
2274 2275 2276
2274 2276 2277
2278 2279 2280
2278 2280 2281
2282 2283 2284
2282 2284 2285
2286 2287 2288
2286 2288 2289
2290 2286 2289
2290 2289 2291
2292 2293 2294
2292 2294 2295
2296 2297 2298
2296 2298 2299
2300 2296 2299
2300 2299 2301
2302 2303 2304
2302 2304 2305
2306 2307 2308
2306 2308 2309
2310 2311 2312
2310 2312 2313
2270 2269 2314
2270 2314 2315
2316 2317 2318
2316 2318 2319
2320 2321 2322
2320 2322 2323
2324 2325 2326
2324 2326 2327
2327 2326 2328
2327 2328 2329
2330 2331 2332
2330 2332 2333
2334 2335 2200
2334 2200 2199
2335 2336 2209
2335 2209 2200
2217 2337 2334
2217 2334 2199
2338 2223 2226
2338 2226 2258
2228 2223 2338
2228 2338 2339
2260 2340 2226
2260 2226 2225
2341 2281 2280
2341 2280 2342
2343 2344 2317
2343 2317 2316
2345 2346 2347
2348 2308 2307
2348 2307 2349
2350 2351 2352
2350 2352 2353
2248 2247 2347
2248 2347 2346
2354 2355 2356
2354 2356 2357
2358 2359 2248
2358 2248 2346
2313 2312 2360
2313 2360 2361
2362 2363 2364
2362 2364 2365
2366 2367 2368
2366 2368 2369
2370 2371 2242
2370 2242 2245
2372 2373 2363
2372 2363 2362
2374 2375 2368
2374 2368 2367
2371 2376 2243
2371 2243 2242
2377 2298 2297
2377 2297 2378
2379 2380 2381
2379 2381 2382
2383 2384 2385
2383 2385 2386
2238 2237 2387
2238 2387 2388
2389 2390 2238
2389 2238 2388
2329 2328 2391
2329 2391 2392
2393 2394 2380
2393 2380 2379
2384 2395 2396
2384 2396 2385
2390 2397 2239
2390 2239 2238
2197 2198 2335
2197 2335 2334
2198 2208 2336
2198 2336 2335
2337 2216 2197
2337 2197 2334
2340 2257 2258
2340 2258 2226
2315 2314 2344
2315 2344 2343
2221 2338 2258
2221 2258 2222
2339 2338 2221
2339 2221 2254
2341 2342 2275
2341 2275 2274
2398 2399 2400
2398 2400 2401
2402 2403 2404
2402 2404 2405
2354 2357 2353
2354 2353 2352
2359 2358 2406
2359 2406 2407
2369 2365 2354
2369 2354 2352
2370 2359 2407
2370 2407 2408
2375 2372 2362
2375 2362 2368
2376 2371 2409
2376 2409 2410
2386 2382 2372
2386 2372 2375
2389 2376 2410
2389 2410 2411
2396 2393 2379
2396 2379 2385
2397 2390 2412
2397 2412 2413
2414 2415 2393
2414 2393 2396
2416 2397 2413
2416 2413 2417
2418 2419 2420
2418 2420 2421
2422 2423 2424
2422 2424 2425
2401 2400 2419
2401 2419 2418
2405 2404 2423
2405 2423 2422
2231 2261 2225
2231 2225 2224
2346 2249 2358
2353 2203 2206
2357 2214 2203
2358 2249 2252
2305 2304 2361
2305 2361 2360
2426 2306 2309
2426 2309 2427
2249 2345 2428
2249 2428 2250
2353 2357 2203
2249 2346 2345
2350 2353 2206
2356 2214 2357
2406 2358 2252
2246 2245 2242
2246 2242 2241
2349 2300 2301
2349 2301 2348
2311 2310 2333
2311 2333 2332
2365 2364 2355
2365 2355 2354
2351 2366 2369
2351 2369 2352
2359 2370 2245
2359 2245 2248
2365 2369 2368
2365 2368 2362
2371 2370 2408
2371 2408 2409
2292 2377 2378
2292 2378 2293
2382 2381 2373
2382 2373 2372
2374 2383 2386
2374 2386 2375
2388 2387 2244
2388 2244 2243
2376 2389 2388
2376 2388 2243
2392 2391 2331
2392 2331 2330
2382 2386 2385
2382 2385 2379
2390 2389 2411
2390 2411 2412
2429 2430 2240
2429 2240 2239
2294 2431 2432
2294 2432 2295
2325 2324 2323
2325 2323 2322
2415 2433 2394
2415 2394 2393
2395 2434 2414
2395 2414 2396
2397 2416 2429
2397 2429 2239
2420 2415 2414
2420 2414 2421
2424 2416 2417
2424 2417 2425
2202 2201 2399
2202 2399 2398
2399 2201 2210
2399 2210 2435
2436 2218 2202
2436 2202 2398
2232 2231 2224
2232 2224 2227
2402 2259 2261
2402 2261 2403
2285 2284 2279
2285 2279 2278
2319 2318 2437
2319 2437 2438
2403 2261 2231
2403 2231 2230
2419 2400 2439
2419 2439 2440
2441 2442 2230
2441 2230 2229
2282 2288 2287
2282 2287 2283
2443 2444 2401
2443 2401 2418
2423 2404 2442
2423 2442 2234
2445 2446 2321
2445 2321 2320
2399 2435 2439
2399 2439 2400
2444 2436 2398
2444 2398 2401
2404 2403 2230
2404 2230 2442
2438 2437 2446
2438 2446 2445
2235 2234 2442
2235 2442 2441
2420 2419 2440
2420 2440 2447
2448 2443 2418
2448 2418 2421
2424 2423 2234
2424 2234 2233
2233 2236 2430
2233 2430 2429
2431 2290 2291
2431 2291 2432
2420 2447 2433
2420 2433 2415
2434 2448 2421
2434 2421 2414
2424 2233 2429
2424 2429 2416
2449 2450 2451
2449 2451 2452
2453 2454 2455
2453 2455 2456
2457 2458 2459
2457 2459 2460
2461 2462 2463
2461 2463 2464
2465 2466 2458
2465 2458 2457
2467 2468 2451
2467 2451 2450
2469 2459 2458
2469 2458 2470
2471 2462 2472
2471 2472 2473
2474 2451 2468
2474 2468 2475
2474 2475 2476
2474 2476 2466
2477 2478 2479
2477 2479 2480
2481 2482 2483
2481 2483 2484
2478 2485 2486
2478 2486 2479
2487 2488 2489
2487 2489 2490
2491 2492 2493
2491 2493 2494
2495 2496 2497
2495 2497 2498
2499 2500 2495
2499 2495 2498
2501 2502 2481
2501 2481 2484
2488 2503 2504
2488 2504 2489
2505 2504 2503
2505 2503 2506
2492 2482 2507
2492 2507 2508
2509 2490 2489
2509 2489 2510
2511 2512 2513
2511 2513 2514
2515 2452 2451
2515 2451 2474
2516 2517 2518
2516 2518 2519
2520 2521 2522
2520 2522 2523
2524 2525 2526
2524 2526 2527
2528 2529 2530
2528 2530 2531
2532 2533 2521
2532 2521 2520
2531 2530 2534
2531 2534 2535
2536 2537 2538
2536 2538 2539
2519 2518 2540
2519 2540 2541
2539 2538 2527
2539 2527 2526
2542 2543 2544
2542 2544 2545
2546 2547 2548
2546 2548 2549
2550 2510 2489
2550 2489 2504
2551 2552 2553
2551 2553 2554
2555 2550 2504
2555 2504 2505
2478 2477 2556
2478 2556 2557
2558 2559 2560
2558 2560 2561
2525 2524 2553
2525 2553 2552
2546 2558 2561
2546 2561 2547
2562 2563 2564
2562 2564 2565
2474 2466 2465
2474 2465 2515
2499 2505 2506
2499 2506 2500
2566 2549 2548
2566 2548 2567
2470 2458 2466
2470 2466 2476
2505 2499 2568
2505 2568 2555
2569 2566 2567
2569 2567 2570
2460 2459 2571
2460 2571 2572
2499 2498 2573
2499 2573 2568
2574 2569 2570
2574 2570 2575
2576 2454 2571
2576 2571 2577
2497 2493 2578
2497 2578 2579
2580 2581 2582
2580 2582 2583
2584 2455 2454
2584 2454 2576
2493 2492 2508
2493 2508 2578
2585 2580 2583
2585 2583 2586
2587 2588 2589
2587 2589 2590
2591 2587 2590
2591 2590 2592
2593 2594 2595
2593 2595 2596
2597 2598 2588
2597 2588 2587
2599 2597 2587
2599 2587 2591
2481 2502 2600
2481 2600 2601
2602 2593 2596
2602 2596 2603
2462 2461 2604
2462 2604 2472
2463 2462 2471
2463 2471 2605
2485 2478 2557
2485 2557 2606
2493 2497 2496
2493 2496 2494
2535 2534 2537
2535 2537 2536
2572 2571 2454
2572 2454 2453
2581 2574 2575
2581 2575 2582
2577 2571 2459
2577 2459 2469
2498 2497 2579
2498 2579 2573
2491 2483 2482
2491 2482 2492
2601 2507 2482
2601 2482 2481
2523 2522 2529
2523 2529 2528
2594 2585 2586
2594 2586 2595
2590 2589 2456
2590 2456 2455
2592 2590 2455
2592 2455 2584
2473 2472 2597
2473 2597 2599
2501 2486 2485
2501 2485 2502
2541 2540 2533
2541 2533 2532
2511 2602 2603
2511 2603 2512
2472 2604 2598
2472 2598 2597
2502 2485 2606
2502 2606 2600
2607 2608 2609
2607 2609 2610
2611 2612 2613
2611 2613 2614
2615 2616 2617
2615 2617 2618
2618 2617 2619
2618 2619 2620
2621 2612 2611
2621 2611 2622
2623 2608 2607
2623 2607 2624
2625 2626 2627
2625 2627 2628
2629 2630 2631
2629 2631 2632
2633 2634 2627
2633 2627 2635
2624 2607 2636
2624 2636 2637
2638 2639 2640
2638 2640 2641
2642 2643 2644
2642 2644 2645
2646 2647 2648
2646 2648 2649
2650 2651 2652
2650 2652 2653
2645 2654 2655
2645 2655 2656
2657 2658 2659
2657 2659 2660
2653 2652 2661
2653 2661 2662
2663 2664 2638
2663 2638 2641
2665 2659 2666
2665 2666 2667
2668 2665 2667
2668 2667 2669
2670 2671 2672
2670 2672 2673
2616 2674 2675
2616 2675 2617
2676 2628 2627
2676 2627 2634
2677 2678 2679
2677 2679 2680
2627 2626 2681
2627 2681 2635
2682 2683 2684
2682 2684 2685
2686 2678 2677
2686 2677 2687
2685 2684 2688
2685 2688 2689
2690 2691 2692
2690 2692 2693
2621 2694 2695
2621 2695 2612
2696 2697 2698
2696 2698 2699
2659 2658 2700
2659 2700 2666
2701 2702 2703
2701 2703 2704
2705 2660 2659
2705 2659 2665
2706 2707 2708
2706 2708 2709
2710 2711 2712
2710 2712 2713
2701 2706 2709
2701 2709 2702
2714 2713 2712
2714 2712 2715
2634 2636 2716
2634 2716 2676
2637 2636 2634
2637 2634 2633
2665 2668 2717
2665 2717 2705
2718 2668 2669
2718 2669 2719
2720 2721 2711
2720 2711 2710
2722 2704 2703
2722 2703 2723
2607 2610 2716
2607 2716 2636
2649 2718 2719
2649 2719 2646
2668 2718 2724
2668 2724 2717
2725 2726 2721
2725 2721 2720
2727 2722 2723
2727 2723 2728
2718 2649 2729
2718 2729 2724
2730 2731 2726
2730 2726 2725
2732 2727 2728
2732 2728 2733
2617 2675 2734
2617 2734 2619
2648 2642 2735
2648 2735 2736
2737 2738 2739
2737 2739 2740
2642 2645 2656
2642 2656 2735
2674 2616 2741
2674 2741 2742
2743 2740 2739
2743 2739 2744
2632 2631 2741
2632 2741 2745
2746 2664 2663
2746 2663 2654
2747 2748 2749
2747 2749 2750
2630 2751 2752
2630 2752 2631
2663 2641 2753
2663 2753 2754
2755 2747 2750
2755 2750 2756
2612 2695 2757
2612 2757 2613
2640 2653 2662
2640 2662 2758
2691 2690 2759
2691 2759 2760
2761 2762 2763
2761 2763 2764
2620 2619 2608
2620 2608 2623
2642 2648 2647
2642 2647 2643
2689 2688 2731
2689 2731 2730
2737 2732 2733
2737 2733 2738
2619 2734 2609
2619 2609 2608
2649 2648 2736
2649 2736 2729
2754 2655 2654
2754 2654 2663
2680 2679 2683
2680 2683 2682
2742 2741 2631
2742 2631 2752
2748 2743 2744
2748 2744 2749
2745 2741 2616
2745 2616 2615
2644 2746 2654
2644 2654 2645
2614 2613 2630
2614 2630 2629
2653 2640 2639
2653 2639 2650
2693 2692 2686
2693 2686 2687
2761 2755 2756
2761 2756 2762
2613 2757 2751
2613 2751 2630
2641 2640 2758
2641 2758 2753
2765 2766 2767
2765 2767 2768
2769 2770 2771
2769 2771 2772
2773 2774 2775
2773 2775 2776
2777 2778 2779
2777 2779 2780
2781 2773 2776
2781 2776 2782
2783 2768 2767
2783 2767 2784
2785 2786 2776
2785 2776 2775
2787 2788 2789
2787 2789 2780
2790 2791 2784
2790 2784 2767
2790 2782 2792
2790 2792 2791
2793 2794 2795
2793 2795 2796
2797 2798 2799
2797 2799 2800
2796 2795 2801
2796 2801 2802
2803 2804 2805
2803 2805 2806
2807 2808 2809
2807 2809 2810
2811 2812 2813
2811 2813 2814
2815 2812 2811
2815 2811 2816
2817 2798 2797
2817 2797 2818
2806 2805 2819
2806 2819 2820
2821 2822 2820
2821 2820 2819
2810 2823 2824
2810 2824 2800
2825 2826 2805
2825 2805 2804
2827 2828 2829
2827 2829 2830
2831 2790 2767
2831 2767 2766
2832 2833 2834
2832 2834 2835
2836 2837 2838
2836 2838 2839
2840 2841 2842
2840 2842 2843
2844 2845 2846
2844 2846 2847
2848 2836 2839
2848 2839 2849
2845 2850 2851
2845 2851 2846
2852 2853 2854
2852 2854 2855
2833 2856 2857
2833 2857 2834
2853 2842 2841
2853 2841 2854
2858 2859 2860
2858 2860 2861
2862 2863 2864
2862 2864 2865
2866 2819 2805
2866 2805 2826
2867 2868 2869
2867 2869 2870
2871 2821 2819
2871 2819 2866
2796 2872 2873
2796 2873 2793
2874 2875 2876
2874 2876 2877
2843 2870 2869
2843 2869 2840
2862 2865 2875
2862 2875 2874
2878 2879 2880
2878 2880 2881
2790 2831 2781
2790 2781 2782
2815 2816 2822
2815 2822 2821
2882 2883 2864
2882 2864 2863
2786 2792 2782
2786 2782 2776
2821 2871 2884
2821 2884 2815
2885 2886 2883
2885 2883 2882
2774 2887 2888
2774 2888 2775
2815 2884 2889
2815 2889 2812
2890 2891 2886
2890 2886 2885
2892 2893 2888
2892 2888 2772
2813 2894 2895
2813 2895 2809
2896 2897 2898
2896 2898 2899
2900 2892 2772
2900 2772 2771
2809 2895 2823
2809 2823 2810
2901 2902 2897
2901 2897 2896
2903 2904 2905
2903 2905 2906
2907 2908 2904
2907 2904 2903
2909 2910 2911
2909 2911 2912
2913 2903 2906
2913 2906 2914
2915 2907 2903
2915 2903 2913
2797 2916 2917
2797 2917 2818
2918 2919 2910
2918 2910 2909
2780 2789 2920
2780 2920 2777
2779 2921 2787
2779 2787 2780
2802 2922 2872
2802 2872 2796
2809 2808 2814
2809 2814 2813
2850 2852 2855
2850 2855 2851
2887 2769 2772
2887 2772 2888
2899 2898 2891
2899 2891 2890
2893 2785 2775
2893 2775 2888
2812 2889 2894
2812 2894 2813
2807 2810 2800
2807 2800 2799
2916 2797 2800
2916 2800 2824
2837 2844 2847
2837 2847 2838
2912 2911 2902
2912 2902 2901
2904 2771 2770
2904 2770 2905
2908 2900 2771
2908 2771 2904
2788 2915 2913
2788 2913 2789
2817 2818 2802
2817 2802 2801
2856 2848 2849
2856 2849 2857
2827 2830 2919
2827 2919 2918
2789 2913 2914
2789 2914 2920
2818 2917 2922
2818 2922 2802
2923 2924 2925
2923 2925 2926
2927 2928 2929
2927 2929 2930
2931 2932 2933
2931 2933 2934
2932 2935 2936
2932 2936 2933
2937 2938 2927
2937 2927 2930
2939 2940 2923
2939 2923 2926
2941 2942 2943
2941 2943 2944
2945 2946 2947
2945 2947 2948
2949 2950 2943
2949 2943 2951
2940 2952 2953
2940 2953 2923
2954 2955 2956
2954 2956 2957
2958 2959 2960
2958 2960 2961
2962 2963 2964
2962 2964 2965
2966 2967 2968
2966 2968 2969
2959 2970 2971
2959 2971 2972
2973 2974 2975
2973 2975 2976
2967 2977 2978
2967 2978 2968
2979 2955 2954
2979 2954 2980
2981 2982 2983
2981 2983 2975
2984 2985 2982
2984 2982 2981
2986 2987 2988
2986 2988 2989
2934 2933 2990
2934 2990 2991
2992 2951 2943
2992 2943 2942
2993 2994 2995
2993 2995 2996
2943 2950 2997
2943 2997 2944
2998 2999 3000
2998 3000 3001
3002 3003 2993
3002 2993 2996
2999 3004 3005
2999 3005 3000
3006 3007 3008
3006 3008 3009
2937 2930 3010
2937 3010 3011
3012 3013 3014
3012 3014 3015
2975 2983 3016
2975 3016 2976
3017 3018 3019
3017 3019 3020
3021 2981 2975
3021 2975 2974
3022 3023 3024
3022 3024 3025
3026 3027 3028
3026 3028 3029
3017 3020 3023
3017 3023 3022
3030 3031 3028
3030 3028 3027
2951 2992 3032
2951 3032 2953
2952 2949 2951
2952 2951 2953
2981 3021 3033
2981 3033 2984
3034 3035 2985
3034 2985 2984
3036 3026 3029
3036 3029 3037
3038 3039 3019
3038 3019 3018
2923 2953 3032
2923 3032 2924
2963 2962 3035
2963 3035 3034
2984 3033 3040
2984 3040 3034
3041 3036 3037
3041 3037 3042
3043 3044 3039
3043 3039 3038
3034 3040 3045
3034 3045 2963
3046 3041 3042
3046 3042 3047
3048 3049 3044
3048 3044 3043
2933 2936 3050
2933 3050 2990
2964 3051 3052
2964 3052 2958
3053 3054 3055
3053 3055 3056
2958 3052 2970
2958 2970 2959
2991 3057 3058
2991 3058 2934
3059 3060 3055
3059 3055 3054
2946 3061 3058
2946 3058 2947
3062 2972 2979
3062 2979 2980
3063 3064 3065
3063 3065 3066
2948 2947 3067
2948 3067 3068
2979 3069 3070
2979 3070 2955
3071 3072 3064
3071 3064 3063
2930 2929 3073
2930 3073 3010
2956 3074 2977
2956 2977 2967
3009 3075 3076
3009 3076 3006
3077 3078 3079
3077 3079 3080
2935 2939 2926
2935 2926 2936
2958 2961 2965
2958 2965 2964
3004 3046 3047
3004 3047 3005
3053 3056 3049
3053 3049 3048
2936 2926 2925
2936 2925 3050
2963 3045 3051
2963 3051 2964
3069 2979 2972
3069 2972 2971
2994 2998 3001
2994 3001 2995
3057 3067 2947
3057 2947 3058
3066 3065 3060
3066 3060 3059
3061 2931 2934
3061 2934 3058
2960 2959 2972
2960 2972 3062
2928 2945 2948
2928 2948 2929
2967 2966 2957
2967 2957 2956
3007 3003 3002
3007 3002 3008
3077 3080 3072
3077 3072 3071
2929 2948 3068
2929 3068 3073
2955 3070 3074
2955 3074 2956
