byte offset: 0
first index: 14916
index count: 6702
topology: trianglelist
format: DXGI_FORMAT_R16_UINT

4051 4052 4053
4051 4053 4054
4055 4056 4057
4055 4057 4058
4059 4060 4061
4059 4061 4062
4058 4057 4063
4058 4063 4064
4065 4066 4067
4065 4067 4068
4069 4070 4071
4069 4071 4072
4073 4074 4075
4061 4076 4077
4061 4077 4056
4054 4078 4079
4054 4079 4080
4080 4079 4081
4080 4081 4082
4053 4083 4078
4053 4078 4054
4084 4085 4083
4084 4083 4053
4084 4063 4086
4084 4086 4085
4056 4077 4087
4056 4087 4057
4060 4075 4076
4060 4076 4061
4057 4087 4086
4057 4086 4063
4072 4088 4089
4072 4089 4069
4090 4091 4070
4090 4070 4069
4092 4082 4081
4092 4081 4093
4072 4071 4074
4072 4074 4073
4094 4095 4096
4094 4096 4097
4098 4099 4100
4098 4100 4101
4102 4103 4104
4105 4106 4107
4105 4107 4108
4109 4110 4105
4109 4105 4108
4106 4111 4112
4113 4114 4110
4113 4110 4109
4115 4116 4117
4099 4118 4119
4099 4119 4100
4120 4121 4108
4120 4108 4107
4103 4098 4101
4103 4101 4104
4122 4123 4124
4122 4124 4125
4052 4051 4126
4052 4126 4127
4052 4127 4128
4052 4128 4129
4064 4129 4128
4064 4128 4130
4055 4058 4131
4055 4131 4132
4059 4062 4133
4059 4133 4134
4058 4064 4130
4058 4130 4131
4135 4136 4137
4135 4137 4138
4139 4140 4141
4139 4141 4142
4143 4144 4145
4143 4145 4146
4147 4148 4149
4147 4149 4150
4151 4152 4153
4151 4153 4154
4155 4156 4124
4155 4124 4123
4157 4158 4159
4157 4159 4160
4161 4162 4163
4161 4163 4164
4165 4166 4167
4165 4167 4168
4164 4163 4169
4164 4169 4170
4171 4172 4162
4171 4162 4161
4173 4174 4172
4173 4172 4171
4175 4176 4174
4175 4174 4173
4160 4159 4177
4160 4177 4178
4150 4149 4158
4150 4158 4157
4178 4177 4176
4178 4176 4175
4179 4180 4181
4182 4183 4184
4182 4184 4185
4152 4165 4168
4152 4168 4153
4166 4059 4134
4166 4134 4167
4186 4187 4144
4186 4144 4143
4170 4169 4188
4170 4188 4189
4062 4055 4132
4062 4132 4133
4051 4122 4125
4051 4125 4126
4146 4145 4148
4146 4148 4147
4190 4125 4124
4190 4124 4191
4127 4126 4192
4127 4192 4193
4194 4128 4127
4194 4127 4193
4195 4130 4128
4195 4128 4194
4196 4132 4131
4196 4131 4197
4198 4134 4133
4198 4133 4199
4197 4131 4130
4197 4130 4195
4154 4153 4200
4154 4200 4201
4191 4124 4156
4191 4156 4202
4168 4167 4203
4168 4203 4204
4185 4184 4205
4185 4205 4206
4153 4168 4204
4153 4204 4200
4167 4134 4207
4167 4207 4203
4199 4133 4132
4199 4132 4196
4126 4125 4190
4126 4190 4192
4151 4208 4209
4151 4209 4152
4182 4210 4211
4182 4211 4183
4212 4213 4214
4212 4214 4215
4216 4217 4218
4216 4218 4219
4220 4075 4074
4220 4074 4221
4222 4077 4076
4222 4076 4223
4224 4079 4078
4224 4078 4225
4226 4081 4079
4226 4079 4224
4225 4078 4083
4225 4083 4227
4227 4083 4085
4227 4085 4228
4228 4085 4086
4228 4086 4229
4230 4087 4077
4230 4077 4222
4223 4076 4075
4223 4075 4220
4229 4086 4087
4229 4087 4230
4219 4218 4231
4219 4231 4232
4093 4081 4226
4093 4226 4233
4221 4074 4217
4221 4217 4216
4234 4235 4236
4234 4236 4237
4238 4239 4240
4238 4240 4241
4242 4243 4244
4242 4244 4245
4243 4246 4247
4243 4247 4244
4104 4242 4245
4248 4249 4250
4248 4250 4251
4252 4253 4254
4252 4254 4255
4256 4252 4255
4256 4255 4257
4258 4256 4257
4258 4257 4259
4260 4261 4262
4260 4262 4263
4264 4263 4262
4264 4262 4265
4266 4264 4265
4266 4265 4267
4268 4269 4270
4268 4270 4271
4272 4212 4215
4272 4215 4273
4274 4216 4219
4274 4219 4275
4276 4220 4221
4276 4221 4277
4278 4222 4223
4278 4223 4279
4280 4224 4225
4280 4225 4281
4282 4226 4224
4282 4224 4280
4281 4225 4227
4281 4227 4283
4283 4227 4228
4283 4228 4284
4284 4228 4229
4284 4229 4285
4286 4230 4222
4286 4222 4278
4279 4223 4220
4279 4220 4276
4285 4229 4230
4285 4230 4286
4275 4219 4232
4275 4232 4287
4233 4226 4282
4233 4282 4288
4277 4221 4216
4277 4216 4274
4111 4104 4112
4236 4235 4289
4095 4094 4290
4095 4290 4291
4289 4235 4292
4179 4181 4293
4179 4293 4294
4080 4082 4123
4080 4123 4122
4084 4053 4052
4084 4052 4129
4063 4084 4129
4063 4129 4064
4082 4092 4155
4082 4155 4123
4165 4088 4295
4165 4295 4166
4209 4088 4165
4209 4165 4152
4295 4060 4059
4295 4059 4166
4062 4061 4056
4062 4056 4055
4054 4080 4122
4054 4122 4051
4109 4108 4121
4109 4121 4296
4107 4297 4116
4107 4116 4120
4298 4113 4109
4298 4109 4296
4299 4300 4244
4299 4244 4247
4301 4302 4241
4301 4241 4240
4300 4303 4245
4300 4245 4244
4069 4089 4304
4069 4304 4090
4068 4305 4306
4068 4306 4065
4307 4308 4141
4307 4141 4140
4073 4075 4060
4303 4309 4245
4117 4116 4297
4117 4297 4104
4309 4310 4311
4309 4311 4312
4310 4313 4314
4310 4314 4311
4313 4315 4316
4313 4316 4314
4317 4318 4319
4317 4319 4320
4321 4322 4323
4321 4323 4324
4325 4326 4327
4325 4327 4328
4329 4330 4331
4329 4331 4332
4333 4334 4335
4333 4335 4336
4337 4338 4339
4337 4339 4340
4341 4342 4343
4341 4343 4344
4245 4309 4104
4107 4112 4297
4112 4104 4297
4106 4112 4107
4060 4295 4345
4345 4295 4088
4346 4347 4348
4348 4347 4349
4350 4351 4346
4349 4352 4353
4349 4353 4354
4355 4356 4357
4355 4357 4358
4359 4360 4361
4362 4359 4361
4362 4361 4363
4364 4362 4363
4364 4363 4365
4366 4367 4368
4366 4368 4369
4370 4371 4372
4370 4372 4373
4374 4370 4373
4374 4373 4375
4376 4377 4378
4371 4379 4372
4380 4374 4375
4380 4375 4381
4376 4382 4383
4376 4383 4377
4384 4385 4386
4384 4386 4387
4388 4389 4390
4388 4390 4391
4392 4393 4394
4392 4394 4395
4347 4352 4349
4345 4088 4072
4396 4397 4398
4067 4091 4090
4067 4090 4068
4291 4119 4118
4291 4118 4095
4137 4187 4186
4137 4186 4138
4154 4184 4183
4154 4183 4151
4201 4205 4184
4201 4184 4154
4151 4183 4211
4151 4211 4208
4212 4232 4231
4212 4231 4213
4241 4247 4246
4241 4246 4238
4251 4254 4253
4251 4253 4248
4267 4269 4268
4267 4268 4266
4272 4287 4232
4272 4232 4212
4247 4241 4302
4247 4302 4299
4304 4305 4068
4304 4068 4090
4315 4317 4320
4315 4320 4316
4399 4400 4401
4399 4401 4402
4403 4404 4405
4403 4405 4406
4353 4356 4355
4353 4355 4354
4365 4368 4367
4365 4367 4364
4381 4386 4385
4381 4385 4380
4382 4392 4395
4382 4395 4383
4346 4351 4347
4407 4408 4409
4407 4409 4410
4411 4412 4413
4411 4413 4414
4415 4416 4417
4415 4417 4418
4412 4419 4420
4412 4420 4413
4421 4422 4423
4421 4423 4424
4425 4426 4427
4425 4427 4428
4429 4430 4431
4417 4414 4432
4417 4432 4433
4410 4434 4435
4410 4435 4436
4434 4437 4438
4434 4438 4435
4407 4410 4436
4407 4436 4439
4440 4407 4439
4440 4439 4441
4442 4420 4440
4442 4440 4441
4414 4413 4443
4414 4443 4432
4418 4417 4433
4418 4433 4430
4413 4420 4442
4413 4442 4443
4426 4425 4444
4426 4444 4445
4446 4425 4428
4446 4428 4447
4438 4437 4448
4438 4448 4449
4426 4429 4431
4426 4431 4427
4450 4451 4452
4450 4452 4453
4454 4455 4456
4454 4456 4457
4458 4459 4460
4461 4462 4463
4461 4463 4464
4465 4466 4467
4465 4467 4462
4464 4468 4458
4466 4469 4470
4466 4470 4467
4471 4472 4473
4457 4456 4474
4457 4474 4475
4476 4463 4462
4476 4462 4477
4460 4459 4455
4460 4455 4454
4478 4479 4480
4478 4480 4481
4482 4409 4408
4482 4408 4483
4408 4484 4485
4408 4485 4483
4485 4484 4419
4485 4419 4486
4487 4412 4411
4487 4411 4488
4489 4416 4415
4489 4415 4490
4486 4419 4412
4486 4412 4487
4491 4492 4493
4491 4493 4494
4495 4496 4497
4495 4497 4498
4499 4500 4501
4499 4501 4502
4503 4504 4505
4503 4505 4506
4507 4508 4509
4507 4509 4510
4511 4479 4512
4511 4512 4513
4514 4515 4516
4514 4516 4517
4518 4519 4520
4518 4520 4521
4522 4523 4524
4522 4524 4525
4519 4526 4527
4519 4527 4520
4528 4518 4521
4528 4521 4529
4530 4528 4529
4530 4529 4531
4532 4530 4531
4532 4531 4533
4515 4534 4535
4515 4535 4516
4536 4514 4517
4536 4517 4505
4537 4532 4533
4537 4533 4535
4538 4539 4540
4541 4542 4543
4541 4543 4544
4525 4524 4508
4525 4508 4507
4490 4415 4523
4490 4523 4522
4545 4499 4502
4545 4502 4546
4526 4547 4548
4526 4548 4527
4488 4411 4416
4488 4416 4489
4481 4480 4409
4481 4409 4482
4500 4503 4506
4500 4506 4501
4478 4481 4549
4478 4549 4550
4483 4551 4552
4483 4552 4482
4483 4485 4553
4483 4553 4551
4485 4486 4554
4485 4554 4553
4487 4488 4555
4487 4555 4556
4489 4490 4557
4489 4557 4558
4486 4487 4556
4486 4556 4554
4510 4559 4560
4510 4560 4507
4513 4512 4550
4513 4550 4561
4525 4562 4563
4525 4563 4522
4544 4564 4565
4544 4565 4541
4507 4560 4562
4507 4562 4525
4522 4563 4557
4522 4557 4490
4488 4489 4558
4488 4558 4555
4482 4552 4549
4482 4549 4481
4509 4508 4566
4509 4566 4567
4543 4542 4568
4543 4568 4569
4570 4571 4572
4570 4572 4573
4574 4575 4576
4574 4576 4577
4431 4578 4579
4431 4579 4580
4581 4432 4582
4581 4582 4583
4436 4435 4584
4436 4584 4585
4435 4438 4586
4435 4586 4584
4439 4436 4585
4439 4585 4587
4441 4439 4587
4441 4587 4588
4442 4441 4588
4442 4588 4589
4432 4443 4590
4432 4590 4582
4578 4581 4583
4578 4583 4579
4443 4442 4589
4443 4589 4590
4591 4574 4577
4591 4577 4592
4449 4593 4586
4449 4586 4438
4575 4431 4580
4575 4580 4576
4594 4595 4596
4594 4596 4597
4598 4599 4600
4598 4600 4601
4602 4603 4604
4602 4604 4605
4605 4604 4606
4605 4606 4607
4459 4603 4602
4608 4609 4610
4608 4610 4611
4612 4613 4614
4612 4614 4615
4615 4614 4616
4615 4616 4617
4617 4616 4618
4617 4618 4619
4620 4621 4622
4620 4622 4623
4622 4621 4624
4622 4624 4625
4625 4624 4626
4625 4626 4627
4628 4629 4630
4628 4630 4631
4573 4572 4632
4573 4632 4633
4577 4576 4634
4577 4634 4635
4636 4579 4637
4636 4637 4638
4639 4582 4640
4639 4640 4641
4585 4584 4642
4585 4642 4643
4584 4586 4644
4584 4644 4642
4587 4585 4643
4587 4643 4645
4588 4587 4645
4588 4645 4646
4589 4588 4646
4589 4646 4647
4582 4590 4648
4582 4648 4640
4649 4639 4641
4649 4641 4650
4590 4589 4647
4590 4647 4648
4592 4577 4635
4592 4635 4651
4593 4652 4644
4593 4644 4586
4576 4636 4638
4576 4638 4634
4458 4468 4459
4594 4653 4595
4451 4654 4655
4451 4655 4452
4653 4656 4595
4538 4657 4658
4538 4658 4539
4434 4480 4479
4434 4479 4437
4440 4484 4408
4440 4408 4407
4420 4419 4484
4420 4484 4440
4437 4479 4511
4437 4511 4448
4659 4445 4524
4659 4524 4523
4566 4508 4524
4566 4524 4445
4659 4523 4415
4659 4415 4418
4414 4417 4416
4414 4416 4411
4410 4409 4480
4410 4480 4434
4467 4660 4477
4467 4477 4462
4463 4476 4473
4463 4473 4661
4467 4470 4662
4467 4662 4660
4663 4606 4604
4663 4604 4664
4665 4600 4599
4665 4599 4666
4664 4604 4603
4664 4603 4667
4668 4444 4425
4668 4425 4446
4669 4670 4422
4669 4422 4421
4671 4496 4495
4671 4495 4672
4429 4418 4430
4667 4603 4472
4472 4661 4473
4472 4459 4661
4472 4471 4673
4472 4673 4674
4674 4673 4675
4674 4675 4676
4676 4675 4677
4676 4677 4678
4679 4680 4681
4679 4681 4682
4683 4684 4685
4683 4685 4686
4687 4688 4689
4687 4689 4690
4691 4692 4693
4691 4693 4694
4695 4696 4697
4695 4697 4698
4699 4700 4701
4699 4701 4702
4703 4704 4705
4703 4705 4706
4603 4459 4472
4463 4661 4468
4468 4661 4459
4464 4463 4468
4418 4707 4659
4707 4445 4659
4708 4709 4710
4709 4711 4710
4712 4708 4713
4711 4714 4715
4711 4715 4716
4717 4718 4719
4717 4719 4720
4721 4722 4723
4724 4725 4722
4724 4722 4721
4726 4727 4725
4726 4725 4724
4728 4729 4730
4728 4730 4731
4732 4733 4734
4732 4734 4735
4736 4737 4733
4736 4733 4732
4738 4739 4740
4735 4734 4741
4742 4743 4737
4742 4737 4736
4738 4740 4744
4738 4744 4745
4746 4747 4748
4746 4748 4749
4750 4751 4752
4750 4752 4753
4754 4755 4756
4754 4756 4757
4710 4711 4716
4707 4426 4445
4758 4759 4760
4423 4422 4446
4423 4446 4447
4654 4451 4475
4654 4475 4474
4493 4492 4545
4493 4545 4546
4510 4509 4542
4510 4542 4541
4559 4510 4541
4559 4541 4565
4509 4567 4568
4509 4568 4542
4572 4571 4591
4572 4591 4592
4599 4598 4607
4599 4607 4606
4611 4610 4613
4611 4613 4612
4627 4626 4628
4627 4628 4631
4632 4572 4592
4632 4592 4651
4606 4663 4666
4606 4666 4599
4668 4446 4422
4668 4422 4670
4678 4677 4680
4678 4680 4679
4761 4762 4763
4761 4763 4764
4765 4766 4767
4765 4767 4768
4715 4714 4717
4715 4717 4720
4727 4726 4731
4727 4731 4730
4743 4742 4749
4743 4749 4748
4745 4744 4755
4745 4755 4754
4708 4710 4713
4769 4770 4771
4769 4771 4772
4773 4774 4775
4773 4775 4776
4777 4778 4779
4780 4781 4782
4780 4782 4783
4784 4785 4786
4784 4786 4787
4775 4787 4788
4775 4788 4776
4779 4789 4790
4779 4790 4777
4791 4775 4774
4791 4774 4792
4778 4780 4779
4793 4794 4795
4793 4795 4796
4797 4798 4799
4797 4799 4800
4801 4802 4803
4801 4803 4800
4804 4805 4806
4804 4806 4807
4796 4808 4809
4796 4809 4793
4800 4803 4810
4800 4810 4797
4800 4799 4811
4800 4811 4801
4794 4793 4812
4793 4809 4812
4813 4814 4815
4813 4815 4816
4807 4817 4818
4807 4818 4804
4770 4773 4776
4770 4776 4819
4788 4820 4814
4788 4814 4813
4806 4802 4801
4806 4801 4807
4811 4817 4807
4811 4807 4801
4769 4772 4821
4769 4821 4822
4805 4804 4823
4805 4823 4824
4772 4816 4825
4772 4825 4821
4804 4818 4826
4804 4826 4823
4822 4821 4827
4822 4827 4828
4829 4824 4823
4829 4823 4830
4821 4825 4831
4821 4831 4827
4830 4823 4826
4830 4826 4832
4833 4834 4835
4833 4835 4836
4837 4838 4839
4837 4839 4840
4834 4841 4842
4834 4842 4835
4838 4843 4844
4838 4844 4839
4845 4834 4833
4845 4833 4846
4847 4838 4837
4847 4837 4848
4849 4850 4851
4849 4851 4841
4852 4843 4838
4852 4838 4847
4783 4789 4779
4783 4779 4780
4787 4775 4791
4787 4791 4784
4788 4787 4786
4788 4786 4820
4816 4772 4771
4816 4771 4813
4813 4819 4776
4813 4776 4788
4853 4815 4854
4853 4854 4825
4855 4825 4854
4855 4854 4856
4842 4841 4851
4842 4851 4857
4849 4841 4834
4849 4834 4845
4778 4781 4780
4782 4785 4784
4782 4784 4783
4789 4791 4792
4789 4792 4790
4795 4798 4797
4795 4797 4796
4796 4797 4810
4796 4810 4808
4783 4784 4791
4783 4791 4789
4828 4827 4845
4828 4845 4846
4830 4847 4848
4830 4848 4829
4827 4855 4849
4827 4849 4845
4832 4852 4847
4832 4847 4830
4856 4850 4849
4856 4849 4855
4858 4859 4860
4858 4860 4861
4862 4863 4864
4862 4864 4865
4866 4867 4868
4869 4870 4871
4869 4871 4872
4873 4874 4875
4873 4875 4876
4864 4863 4877
4864 4877 4878
4879 4880 4867
4879 4867 4866
4865 4864 4881
4865 4881 4882
4868 4867 4883
4884 4885 4886
4884 4886 4887
4888 4889 4890
4888 4890 4891
4892 4893 4894
4892 4894 4891
4895 4896 4897
4895 4897 4898
4887 4886 4899
4887 4899 4900
4891 4890 4901
4891 4901 4892
4891 4894 4902
4891 4902 4888
4885 4903 4886
4886 4903 4899
4904 4905 4906
4904 4906 4907
4908 4909 4898
4908 4898 4910
4861 4860 4911
4861 4911 4912
4905 4913 4914
4905 4914 4906
4895 4898 4894
4895 4894 4893
4915 4916 4898
4915 4898 4909
4858 4917 4918
4858 4918 4859
4896 4919 4920
4896 4920 4897
4859 4921 4922
4859 4922 4923
4910 4920 4924
4910 4924 4908
4917 4925 4926
4917 4926 4921
4920 4919 4927
4920 4927 4928
4918 4926 4929
4918 4929 4930
4924 4920 4928
4924 4928 4931
4932 4933 4934
4932 4934 4935
4936 4937 4938
4936 4938 4939
4935 4934 4940
4935 4940 4941
4939 4938 4942
4939 4942 4943
4944 4945 4932
4944 4932 4935
4946 4947 4936
4946 4936 4939
4948 4949 4950
4948 4950 4951
4952 4946 4939
4952 4939 4943
4953 4883 4867
4953 4867 4880
4878 4954 4881
4878 4881 4864
4873 4876 4914
4873 4914 4913
4955 4956 4957
4955 4957 4859
4956 4877 4863
4956 4863 4957
4907 4958 4959
4907 4959 4904
4959 4958 4960
4959 4960 4961
4948 4951 4962
4948 4962 4963
4935 4941 4964
4935 4964 4944
4965 4871 4870
4869 4872 4875
4869 4875 4874
4880 4879 4882
4880 4882 4881
4884 4887 4890
4884 4890 4889
4887 4900 4901
4887 4901 4890
4953 4880 4881
4953 4881 4954
4944 4926 4925
4944 4925 4945
4928 4966 4947
4928 4947 4946
4964 4929 4926
4964 4926 4944
4931 4928 4946
4931 4946 4952
4961 4960 4950
4961 4950 4949
4967 4968 4969
4967 4969 4970
4971 4972 4973
4971 4973 4974
4975 4976 4977
4975 4977 4973
4978 4979 4980
4978 4980 4975
4981 4982 4983
4981 4983 4984
4985 4986 4987
4985 4987 4988
4989 4990 4991
4989 4991 4967
4971 4992 4993
4971 4993 4970
4994 4995 4974
4994 4974 4996
4996 4997 4998
4996 4998 4994
4999 5000 5001
4999 5001 5002
5003 5004 4986
5003 4986 4985
5005 5006 5007
5005 5007 5008
5009 5010 5011
5009 5011 5012
5013 5014 4995
5013 4995 4994
5015 5016 5017
5015 5017 5018
5019 5002 5001
5019 5001 5020
5021 5022 5023
5021 5023 5024
4970 4969 4972
4970 4972 4971
4974 4995 4992
4974 4992 4971
5025 4968 5026
5025 5026 5027
4970 4993 4989
4970 4989 4967
4995 5014 5010
4995 5010 5009
5012 5011 5006
5012 5006 5005
4999 5028 4980
4999 4980 4984
5002 4998 4997
5002 4997 4999
5018 5017 5029
5018 5029 5030
4986 5000 4983
4986 4983 4987
5004 5001 5000
5004 5000 4986
5031 5032 5023
5031 5023 5022
5033 5034 5035
5033 5035 5036
5037 5038 5039
5037 5039 5040
5041 5038 5037
5041 5037 5042
5043 5044 5041
5043 5041 5042
5045 5046 5047
5045 5047 5048
5049 5050 5051
5049 5051 5052
5053 5054 5055
5056 5057 5040
5056 5040 5033
5058 5059 5060
5058 5060 5061
5062 5043 5061
5062 5061 5060
5063 5064 5065
5063 5065 5066
5067 5068 5069
5067 5069 5070
5071 5072 5073
5071 5073 5074
5075 5076 5077
5075 5077 5078
5059 5079 5080
5059 5080 5060
5081 5082 5083
5081 5083 5084
5085 5086 5087
5085 5087 5088
5089 5090 5091
5089 5091 5092
5039 5034 5033
5039 5033 5040
5057 5059 5037
5057 5037 5040
5036 5035 5093
5055 5056 5033
5055 5033 5036
5076 5079 5059
5076 5059 5077
5072 5075 5078
5072 5078 5073
5047 5044 5043
5047 5043 5094
5043 5062 5086
5043 5086 5094
5086 5062 5095
5086 5095 5087
5049 5046 5045
5049 5045 5050
5064 5063 5068
5064 5068 5067
5089 5085 5088
5089 5088 5090
5036 5093 5053
5053 5055 5036
5093 5035 5096
5097 5098 5099
5097 5099 5100
5101 5102 5103
5101 5103 5104
5104 5103 5105
5104 5105 5106
5106 5105 5107
5106 5107 5108
5109 5110 5111
5109 5111 5112
5113 5114 5115
5113 5115 5116
5117 5118 5119
5117 5119 5120
5121 5122 5123
5121 5123 5124
5125 5126 5127
5125 5127 5128
5129 5130 5131
5129 5131 5132
5133 5134 5135
5133 5135 5136
5137 5138 5139
5137 5139 5140
5141 5142 5143
5141 5143 5144
5145 5146 5147
5145 5147 5148
5149 5150 5151
5149 5151 5152
5153 5154 5150
5153 5150 5149
5155 5156 5157
5155 5157 5158
5159 5160 5161
5159 5161 5162
5100 5099 5102
5100 5102 5101
5163 5164 5126
5163 5126 5125
5128 5127 5118
5128 5118 5117
5144 5143 5165
5144 5165 5166
5152 5151 5146
5152 5146 5145
5132 5131 5142
5132 5142 5141
5148 5147 5138
5148 5138 5137
5108 5107 5110
5108 5110 5109
5158 5157 5167
5158 5167 5168
5112 5111 5114
5112 5114 5113
5162 5161 5156
5162 5156 5155
5124 5123 5169
5124 5169 5170
5171 5172 5098
5171 5098 5097
5170 5169 5173
5170 5173 5174
5175 4969 4968
5175 4968 5025
5176 4973 4972
5176 4972 5177
4978 4975 4973
4978 4973 5176
4975 4980 4997
4975 4997 4996
4984 4983 5000
4984 5000 4999
4988 4987 5178
4988 5178 5179
5177 4972 4969
5177 4969 5175
4984 4980 4979
4984 4979 4981
4987 4983 4982
4987 4982 5178
5026 4968 4967
5026 4967 4991
5180 5181 5182
5180 5182 5183
5184 5185 5186
5184 5186 5187
5185 5188 5189
5185 5189 5186
5190 5189 5191
5190 5191 5192
5193 5194 5195
5193 5195 5196
5197 5198 5199
5197 5199 5200
5201 5202 5203
5201 5203 5180
5184 5181 5204
5184 5204 5205
5206 5188 5185
5206 5185 5207
5188 5206 5208
5188 5208 5209
5210 5211 5212
5210 5212 5213
5214 5197 5200
5214 5200 5215
5216 5217 5218
5216 5218 5219
5220 5221 5222
5220 5222 5223
5224 5206 5207
5224 5207 5225
5226 5227 5228
5226 5228 5229
5230 5231 5212
5230 5212 5211
5232 5233 5234
5232 5234 5235
5181 5184 5187
5181 5187 5182
5185 5184 5205
5185 5205 5207
5236 5237 5238
5236 5238 5183
5181 5180 5203
5181 5203 5204
5207 5220 5223
5207 5223 5225
5221 5216 5219
5221 5219 5222
5210 5194 5191
5210 5191 5209
5211 5210 5209
5211 5209 5208
5227 5239 5240
5227 5240 5228
5200 5199 5195
5200 5195 5213
5215 5200 5213
5215 5213 5212
5241 5235 5234
5241 5234 5242
5243 5244 5245
5243 5245 5246
5247 5248 5249
5247 5249 5250
5249 5248 5251
5249 5251 5252
5253 5252 5251
5253 5251 5254
5255 5256 5257
5255 5257 5258
5259 5260 5261
5259 5261 5262
5263 5264 5265
5266 5245 5250
5266 5250 5267
5249 5252 5268
5249 5268 5269
5270 5268 5252
5270 5252 5253
5271 5272 5273
5271 5273 5274
5275 5276 5277
5275 5277 5278
5279 5280 5281
5279 5281 5282
5283 5284 5285
5283 5285 5286
5269 5268 5287
5269 5287 5288
5270 5289 5287
5270 5287 5268
5290 5291 5292
5290 5292 5293
5294 5295 5296
5294 5296 5297
5247 5250 5245
5247 5245 5244
5267 5250 5249
5267 5249 5269
5246 5298 5243
5264 5246 5245
5264 5245 5266
5299 5285 5269
5299 5269 5288
5282 5281 5284
5282 5284 5283
5253 5254 5257
5253 5257 5256
5253 5256 5293
5253 5293 5270
5293 5292 5289
5293 5289 5270
5255 5258 5259
5255 5259 5262
5274 5275 5278
5274 5278 5271
5294 5297 5291
5294 5291 5290
5246 5263 5298
5263 5246 5264
5298 5300 5243
5301 5302 5303
5301 5303 5304
5305 5306 5307
5305 5307 5308
5306 5309 5310
5306 5310 5307
5311 5312 5313
5311 5313 5314
5315 5316 5317
5315 5317 5318
5319 5320 5321
5319 5321 5322
5323 5324 5325
5323 5325 5326
5327 5328 5329
5327 5329 5330
5331 5332 5333
5331 5333 5334
5335 5336 5337
5335 5337 5338
5339 5340 5341
5339 5341 5342
5343 5344 5345
5343 5345 5346
5347 5348 5349
5347 5349 5350
5351 5352 5353
5351 5353 5354
5355 5356 5357
5355 5357 5358
5359 5360 5361
5359 5361 5362
5363 5364 5365
5363 5365 5366
5367 5368 5369
5367 5369 5370
5302 5305 5308
5302 5308 5303
5371 5331 5334
5371 5334 5372
5332 5323 5326
5332 5326 5333
5348 5373 5374
5348 5374 5349
5356 5351 5354
5356 5354 5357
5336 5347 5350
5336 5350 5337
5352 5343 5346
5352 5346 5353
5312 5315 5318
5312 5318 5313
5364 5359 5362
5364 5362 5365
5316 5319 5322
5316 5322 5317
5368 5363 5366
5368 5366 5369
5328 5375 5376
5328 5376 5329
5377 5301 5304
5377 5304 5378
5375 5379 5380
5375 5380 5376
5183 5182 5381
5183 5381 5236
5187 5186 5382
5187 5382 5383
5186 5189 5190
5186 5190 5382
5189 5188 5209
5189 5209 5191
5194 5210 5213
5194 5213 5195
5198 5384 5385
5198 5385 5199
5182 5187 5383
5182 5383 5381
5194 5193 5192
5194 5192 5191
5199 5385 5196
5199 5196 5195
5238 5201 5180
5238 5180 5183
5386 5387 5388
5389 5390 5388
5389 5388 5391
5392 5393 5394
5392 5394 5395
5395 5394 5386
5394 5393 5396
5394 5396 5397
5398 5386 5394
5399 5400 5398
5399 5401 5402
5403 5404 5405
5403 5405 5406
5407 5408 5409
5407 5409 5410
5411 5412 5413
5414 5415 5416
5417 5418 5419
5417 5419 5420
5421 5389 5422
5421 5422 5423
5390 5424 5425
5390 5425 5392
5426 5393 5427
5396 5428 5429
5396 5429 5401
5430 5431 5432
5430 5432 5402
5433 5434 5435
5433 5435 5436
5437 5438 5439
5437 5439 5440
5441 5442 5443
5441 5443 5444
5443 5442 5445
5443 5445 5446
5447 5448 5449
5447 5449 5450
5451 5452 5453
5451 5453 5454
5455 5403 5406
5456 5407 5457
5458 5459 5460
5458 5460 5461
5462 5463 5464
5462 5464 5465
5466 5463 5462
5466 5462 5467
5417 5420 5468
5417 5468 5469
5470 5471 5472
5470 5472 5473
5474 5475 5476
5474 5476 5477
5478 5479 5480
5478 5480 5481
5416 5415 5418
5416 5418 5417
5448 5482 5483
5420 5419 5484
5420 5484 5470
5470 5485 5486
5487 5488 5489
5487 5489 5490
5400 5402 5432
5409 5491 5492
5492 5491 5493
5492 5493 5494
5495 5496 5497
5495 5497 5498
5498 5497 5419
5498 5419 5418
5499 5500 5501
5499 5501 5502
5502 5501 5503
5502 5503 5504
5505 5506 5507
5505 5507 5508
5508 5507 5486
5508 5486 5485
5509 5510 5511
5509 5511 5512
5513 5509 5512
5513 5512 5514
5515 5516 5415
5516 5517 5518
5516 5518 5498
5484 5419 5497
5484 5497 5519
5519 5497 5496
5519 5496 5520
5428 5469 5468
5428 5468 5429
5464 5463 5425
5464 5425 5424
5473 5472 5431
5473 5431 5430
5521 5522 5523
5521 5523 5524
5470 5473 5468
5470 5468 5420
5429 5468 5473
5429 5473 5430
5401 5429 5430
5401 5430 5402
5417 5469 5525
5417 5525 5416
5426 5525 5469
5426 5469 5428
5393 5426 5428
5393 5428 5396
5465 5464 5526
5465 5526 5527
5421 5528 5526
5389 5421 5424
5389 5424 5390
5386 5388 5395
5392 5395 5388
5392 5388 5390
5529 5530 5531
5529 5531 5532
5404 5531 5530
5404 5530 5405
5533 5534 5535
5457 5410 5459
5457 5459 5458
5536 5537 5538
5536 5538 5539
5540 5541 5542
5540 5542 5543
5408 5542 5409
5544 5545 5546
5544 5546 5547
5548 5413 5549
5548 5549 5547
5528 5421 5461
5391 5550 5422
5551 5552 5553
5551 5553 5554
5555 5515 5415
5555 5415 5414
5466 5525 5426
5466 5426 5427
5556 5557 5500
5556 5500 5499
5522 5557 5556
5522 5556 5523
5432 5558 5400
5465 5559 5462
5465 5560 5559
5552 5551 5561
5552 5561 5562
5398 5397 5399
5396 5401 5399
5396 5399 5397
5563 5564 5565
5563 5565 5566
5567 5568 5569
5567 5569 5570
5571 5572 5573
5574 5575 5576
5574 5576 5577
5577 5576 5564
5577 5564 5578
5409 5579 5410
5580 5581 5535
5391 5387 5550
5398 5394 5397
5388 5387 5391
5550 5582 5534
5580 5535 5534
5406 5407 5456
5406 5405 5408
5406 5408 5407
5434 5433 5490
5434 5490 5489
5530 5529 5543
5530 5543 5542
5405 5530 5542
5405 5542 5408
5457 5407 5410
5455 5406 5456
5549 5460 5583
5440 5439 5584
5440 5584 5585
5461 5460 5412
5461 5412 5528
5547 5546 5548
5547 5549 5583
5547 5583 5544
5461 5533 5458
5461 5421 5423
5414 5467 5586
5587 5588 5589
5587 5589 5590
5525 5466 5467
5525 5467 5416
5515 5555 5591
5515 5591 5592
5551 5554 5586
5463 5466 5427
5463 5427 5425
5427 5392 5425
5427 5393 5392
5399 5402 5400
5534 5582 5580
5535 5457 5458
5535 5581 5456
5581 5455 5456
5535 5456 5457
5524 5558 5521
5535 5458 5533
5593 5573 5572
5594 5595 5593
5594 5593 5572
5414 5586 5555
5555 5596 5597
5555 5597 5591
5598 5599 5588
5598 5588 5587
5586 5467 5462
5586 5462 5559
5413 5548 5600
5413 5600 5411
5548 5601 5602
5603 5604 5605
5603 5605 5606
5413 5460 5549
5413 5412 5460
5607 5608 5590
5607 5590 5589
5592 5609 5516
5592 5516 5515
5610 5611 5612
5610 5612 5613
5614 5449 5448
5614 5448 5483
5418 5516 5498
5415 5516 5418
5615 5616 5617
5616 5615 5618
5619 5620 5621
5622 5623 5624
5625 5626 5627
5628 5629 5630
5628 5630 5631
5632 5633 5634
5635 5633 5632
5636 5637 5638
5636 5638 5639
5640 5641 5642
5640 5642 5643
5644 5645 5622
5644 5622 5619
5646 5647 5648
5649 5650 5651
5649 5651 5652
5653 5623 5622
5654 5636 5639
5655 5653 5656
5657 5658 5656
5659 5660 5661
5659 5661 5662
5663 5664 5665
5663 5665 5621
5666 5664 5667
5668 5657 5669
5668 5669 5670
5671 5668 5670
5671 5670 5672
5668 5671 5673
5668 5673 5674
5657 5668 5674
5657 5674 5658
5675 5676 5623
5677 5678 5675
5677 5675 5679
5679 5653 5655
5679 5655 5680
5681 5679 5680
5681 5680 5682
5616 5645 5644
5616 5644 5617
5683 5684 5685
5645 5684 5656
5645 5656 5622
5684 5645 5616
5684 5616 5685
5686 5687 5688
5689 5690 5691
5689 5691 5692
5693 5630 5694
5693 5694 5695
5696 5697 5698
5699 5667 5663
5617 5644 5689
5700 5701 5617
5623 5676 5702
5623 5702 5624
5669 5657 5703
5656 5684 5703
5704 5685 5618
5624 5619 5622
5624 5705 5706
5624 5706 5707
5706 5705 5708
5706 5708 5709
5625 5627 5710
5690 5621 5665
5711 5701 5700
5712 5711 5700
5713 5714 5691
5662 5715 5626
5662 5626 5659
5696 5688 5687
5696 5687 5716
5716 5687 5717
5716 5717 5713
5718 5628 5631
5718 5631 5719
5619 5690 5689
5619 5689 5644
5617 5689 5700
5720 5721 5722
5723 5702 5676
5723 5676 5724
5692 5712 5689
5704 5725 5685
5689 5712 5700
5683 5685 5725
5703 5684 5683
5721 5726 5727
5728 5663 5621
5728 5621 5620
5646 5729 5730
5646 5730 5647
5619 5621 5690
5722 5731 5732
5722 5732 5720
5675 5733 5724
5675 5724 5676
5640 5734 5735
5640 5735 5736
5675 5653 5679
5675 5623 5653
5737 5738 5739
5737 5739 5740
5740 5739 5741
5742 5743 5738
5742 5738 5737
5744 5743 5742
5745 5746 5747
5745 5747 5748
5749 5750 5751
5749 5751 5752
5753 5754 5755
5753 5755 5756
5757 5758 5759
5757 5759 5760
5761 5762 5763
5761 5763 5764
5760 5759 5765
5760 5765 5766
5767 5768 5769
5767 5769 5770
5771 5772 5773
5771 5773 5774
5775 5776 5777
5775 5777 5778
5779 5780 5781
5779 5781 5782
5783 5784 5785
5783 5785 5786
5787 5788 5789
5787 5789 5790
5791 5792 5793
5791 5793 5794
5795 5796 5797
5795 5797 5798
5799 5800 5801
5799 5801 5802
5803 5804 5805
5803 5805 5806
5774 5773 5807
5774 5807 5808
5809 5810 5811
5809 5811 5812
5813 5814 5815
5813 5815 5816
5817 5818 5819
5817 5819 5820
5821 5822 5823
5821 5823 5824
5825 5826 5827
5825 5827 5828
5828 5827 5829
5828 5829 5830
5831 5832 5833
5831 5833 5834
5835 5836 5837
5835 5837 5838
5839 5840 5836
5839 5836 5835
5841 5842 5843
5841 5843 5844
5816 5815 5842
5816 5842 5841
5845 5846 5847
5845 5847 5848
5849 5850 5847
5849 5847 5846
5851 5852 5853
5851 5853 5854
5855 5856 5857
5855 5857 5858
5859 5860 5810
5859 5810 5809
5861 5862 5860
5861 5860 5859
5863 5864 5865
5863 5865 5866
5867 5868 5869
5867 5869 5870
5871 5872 5873
5871 5873 5874
5874 5873 5875
5874 5875 5876
5877 5878 5879
5877 5879 5880
5838 5837 5881
5838 5881 5882
5883 5884 5885
5883 5885 5886
5887 5888 5743
5887 5743 5744
5889 5890 5891
5889 5891 5892
5893 5894 5895
5893 5895 5896
5897 5898 5745
5899 5900 5595
5899 5595 5594
5741 5739 5900
5741 5900 5901
5748 5747 5818
5748 5818 5817
5902 5903 5904
5902 5904 5905
5752 5751 5906
5752 5906 5907
5908 5909 5910
5908 5910 5911
5912 5913 5914
5912 5914 5915
5880 5879 5916
5880 5916 5917
5901 5900 5899
5918 5919 5888
5918 5888 5887
5920 5921 5919
5920 5919 5918
5882 5881 5921
5882 5921 5920
5922 5923 5924
5922 5924 5925
5925 5924 5926
5925 5926 5927
5928 5929 5913
5928 5913 5912
5930 5931 5932
5930 5932 5933
5934 5935 5936
5934 5936 5937
5938 5939 5784
5938 5784 5783
5940 5941 5942
5940 5942 5943
5915 5914 5944
5915 5944 5945
5946 5947 5948
5946 5948 5949
5950 5951 5952
5950 5952 5953
5954 5955 5956
5954 5956 5957
5806 5805 5958
5806 5958 5959
5479 5478 5518
5479 5518 5517
5651 5650 5678
5651 5678 5677
5794 5793 5852
5794 5852 5851
5800 5799 5858
5800 5858 5857
5587 5590 5592
5587 5592 5591
5591 5597 5598
5591 5598 5587
5590 5608 5609
5590 5609 5592
5722 5727 5723
5722 5723 5724
5731 5722 5724
5731 5724 5733
5927 5926 5931
5927 5931 5930
5949 5948 5951
5949 5951 5950
5444 5443 5552
5444 5552 5562
5443 5446 5553
5443 5553 5552
5632 5634 5709
5632 5709 5708
5754 5753 5896
5754 5896 5895
5764 5763 5878
5764 5878 5877
5557 5471 5486
5557 5486 5500
5453 5452 5610
5453 5610 5613
5501 5500 5486
5501 5486 5507
5503 5501 5507
5503 5507 5506
5641 5640 5736
5782 5781 5884
5782 5884 5883
5551 5559 5560
5551 5560 5561
5893 5889 5892
5893 5892 5894
5624 5707 5619
5412 5411 5511
5412 5511 5527
5845 5848 5960
5845 5960 5961
5432 5431 5521
5521 5431 5472
5521 5472 5522
5522 5472 5471
5522 5471 5557
5521 5558 5432
5656 5653 5622
5616 5618 5685
5634 5633 5962
5722 5721 5727
5391 5422 5389
5461 5423 5533
5423 5422 5534
5423 5534 5533
5422 5550 5534
5615 5617 5701
5690 5665 5691
5638 5637 5681
5638 5681 5682
5450 5449 5496
5450 5496 5495
5520 5496 5449
5520 5449 5614
5768 5767 5834
5768 5834 5833
5862 5861 5959
5862 5959 5958
5454 5453 5506
5454 5506 5505
5504 5503 5613
5504 5613 5612
5640 5643 5673
5640 5673 5671
5671 5672 5734
5671 5734 5640
5776 5775 5844
5776 5844 5843
5840 5839 5957
5840 5957 5956
5453 5613 5503
5453 5503 5506
5435 5434 5529
5435 5529 5532
5437 5440 5546
5437 5546 5545
5602 5606 5476
5602 5476 5514
5489 5488 5540
5489 5540 5543
5494 5493 5538
5494 5538 5537
5570 5569 5575
5570 5575 5574
5434 5489 5543
5434 5543 5529
5440 5585 5963
5440 5963 5546
5602 5601 5603
5602 5603 5606
5626 5625 5686
5626 5686 5688
5964 5647 5965
5964 5965 5966
5660 5659 5696
5660 5696 5698
5666 5667 5630
5659 5626 5688
5659 5688 5696
5719 5631 5699
5967 5965 5647
5967 5647 5730
5790 5789 5850
5790 5850 5849
5824 5823 5872
5824 5872 5871
5830 5829 5868
5830 5868 5867
5905 5904 5909
5905 5909 5908
5937 5936 5941
5937 5941 5940
5703 5657 5656
5414 5416 5467
5477 5476 5606
5477 5606 5605
5512 5511 5411
5512 5411 5600
5514 5512 5600
5514 5600 5602
5527 5526 5528
5527 5528 5412
5968 5648 5647
5968 5647 5964
5965 5967 5663
5786 5785 5969
5786 5969 5970
5527 5511 5465
5514 5476 5475
5514 5475 5513
5421 5526 5424
5424 5526 5464
5583 5459 5579
5438 5437 5537
5438 5537 5536
5579 5492 5544
5579 5544 5583
5492 5494 5545
5492 5545 5544
5630 5629 5694
5750 5749 5866
5750 5866 5865
5437 5545 5494
5437 5494 5537
5583 5460 5459
5579 5459 5410
5965 5728 5966
5965 5663 5728
5667 5664 5663
5667 5699 5631
5667 5631 5630
5666 5630 5693
5637 5636 5971
5551 5586 5559
5555 5586 5596
5465 5511 5510
5548 5546 5963
5548 5602 5600
5409 5492 5579
5409 5542 5541
5470 5486 5471
5972 5626 5715
5973 5974 5975
5973 5975 5976
5977 5978 5979
5977 5979 5980
5978 5981 5975
5978 5975 5979
5982 5983 5984
5982 5984 5980
5985 5986 5987
5985 5987 5988
5989 5990 5991
5989 5991 5988
5992 5993 5994
5995 5996 5997
5995 5997 5998
5993 5992 5996
5993 5996 5995
5999 6000 5998
5999 5998 5997
6000 5999 6001
6000 6001 6002
6001 6003 6004
6001 6004 6002
6005 6006 6007
6005 6007 6008
5981 6009 6010
5981 6010 6011
5973 6012 6013
5973 6013 6014
6015 6016 6017
6015 6017 5982
5977 6018 6019
5977 6019 5978
5974 6013 6016
5974 6016 6015
5978 6019 6009
5978 6009 5981
6020 6021 6022
6020 6022 6023
5982 6017 6024
5982 6024 5983
5983 6024 6025
5983 6025 5989
5985 6026 6027
5985 6027 6028
6029 6030 6026
6029 6026 5985
5989 6025 6031
5989 6031 5990
5976 5975 5981
5976 5981 6011
5980 5979 6015
5980 6015 5982
5979 5975 5974
5979 5974 6015
5980 5987 5986
5980 5986 5977
5988 5984 5983
5988 5983 5989
5988 5991 6029
5988 6029 5985
5994 5993 6032
6033 6008 6007
6033 6007 6034
5992 5994 6035
5991 5990 6036
5991 6036 6037
6038 6004 6003
6038 6003 6039
6030 6029 6040
6030 6040 6041
5990 6031 6042
5990 6042 6036
6029 5991 6037
6029 6037 6040
6043 6044 6045
6043 6045 6046
6047 6048 6049
6047 6049 6050
6050 6049 6051
6050 6051 6052
6053 6048 6054
6053 6054 6055
6056 6057 6054
6056 6054 6058
6059 6057 6060
6059 6060 6061
6062 6063 6064
6065 6066 6067
6065 6067 6068
6064 6065 6068
6064 6068 6062
6069 6067 6066
6069 6066 6070
6070 6071 6072
6070 6072 6069
6073 6074 6072
6073 6072 6071
6075 6076 6077
6075 6077 6078
6052 6079 6080
6052 6080 6081
6043 6046 6082
6043 6082 6083
6084 6053 6085
6084 6085 6086
6047 6050 6087
6047 6087 6088
6046 6084 6086
6046 6086 6082
6050 6052 6081
6050 6081 6087
6089 6090 6091
6089 6091 6092
6053 6055 6093
6053 6093 6085
6055 6059 6094
6055 6094 6093
6056 6058 6095
6056 6095 6096
6097 6056 6096
6097 6096 6098
6059 6061 6099
6059 6099 6094
6044 6079 6052
6044 6052 6045
6048 6053 6100
6048 6100 6049
6049 6100 6046
6049 6046 6045
6048 6047 6058
6048 6058 6054
6057 6059 6055
6057 6055 6054
6057 6056 6097
6057 6097 6060
6063 6101 6064
6077 6076 6102
6077 6102 6103
6062 6104 6063
6060 6105 6106
6060 6106 6061
6074 6073 6107
6074 6107 6108
6098 6109 6110
6098 6110 6097
6061 6106 6111
6061 6111 6099
6097 6110 6105
6097 6105 6060
