byte offset: 0
first index: 0
index count: 14916
topology: trianglelist
format: DXGI_FORMAT_R16_UINT

0 1 2
3 4 5
5 6 7
8 9 10
8 10 11
12 13 14
12 14 15
16 17 18
16 18 19
20 21 22
20 22 23
13 8 11
13 11 14
24 19 18
24 18 25
18 26 27
18 27 25
28 12 15
28 15 29
23 22 17
23 17 16
22 30 31
22 31 17
31 26 18
31 18 17
21 32 30
21 30 22
14 11 26
14 26 31
29 15 30
29 30 32
11 10 27
11 27 26
15 14 31
15 31 30
29 33 28
21 20 34
21 34 35
32 21 35
32 35 36
29 32 36
29 36 33
35 34 37
36 35 37
33 36 38
19 39 40
19 40 16
23 41 42
23 42 20
19 24 39
16 40 41
16 41 23
42 43 34
42 34 20
44 45 9
44 9 8
46 44 8
46 8 13
13 12 47
13 47 46
48 45 44
48 44 49
46 50 49
46 49 44
47 51 50
47 50 46
48 49 52
48 52 53
50 54 52
50 52 49
50 51 55
50 55 54
56 57 58
59 60 56
61 62 60
61 60 59
63 64 65
53 58 66
53 66 67
68 69 58
64 63 70
48 63 45
71 72 55
72 73 62
72 62 61
74 75 76
74 76 77
74 78 79
72 71 77
51 47 80
51 80 71
28 80 47
28 47 12
71 80 81
71 81 82
60 62 83
60 83 84
83 62 73
83 73 85
73 76 86
73 86 85
33 81 80
33 80 28
78 87 88
88 87 38
38 81 33
77 76 73
77 73 72
86 76 75
77 82 74
77 71 82
89 90 91
89 91 92
91 90 93
91 93 94
89 92 95
89 95 96
97 94 93
97 93 98
94 75 91
91 75 79
94 97 86
94 86 75
98 99 85
97 85 86
98 85 97
100 101 102
100 102 103
104 105 106
102 101 107
102 107 105
108 109 110
109 111 110
106 105 107
105 104 111
106 112 104
103 113 114
103 114 100
115 113 103
111 109 105
109 115 103
105 109 102
109 103 102
101 100 116
101 116 117
114 118 116
114 116 100
117 119 107
117 107 101
120 106 119
119 106 107
114 121 122
95 123 124
95 124 96
112 125 104
96 124 111
96 111 104
104 125 89
104 89 96
90 126 127
90 127 93
90 89 125
90 125 126
93 127 98
126 128 129
126 129 127
126 125 112
126 112 128
129 130 127
130 99 98
120 112 106
116 131 132
116 132 117
117 132 133
117 133 119
119 133 134
119 134 120
120 134 128
120 128 112
92 135 136
92 136 95
135 92 91
135 91 79
95 136 137
95 137 123
123 138 139
123 139 124
124 139 110
124 110 111
137 140 138
137 138 123
141 142 143
144 142 7
144 7 6
141 43 145
34 43 141
143 142 146
7 142 141
5 7 145
147 148 149
147 150 148
5 4 6
151 4 149
6 4 151
147 4 3
148 152 153
151 154 144
151 144 6
149 153 154
149 154 151
152 155 156
154 157 146
154 146 144
153 156 157
36 37 38
146 38 37
79 78 88
38 87 81
87 82 81
87 78 82
157 88 146
146 88 38
149 4 147
156 158 88
88 158 79
152 156 153
156 155 158
148 153 149
152 136 135
152 135 155
158 155 135
158 135 79
148 137 152
152 137 136
148 150 140
3 159 147
138 160 139
140 161 160
140 160 138
162 163 160
162 160 164
160 161 164
139 163 110
110 163 108
109 108 115
108 163 115
139 160 163
162 165 115
162 115 163
115 165 113
161 140 150
161 150 166
147 159 150
162 164 167
162 167 168
165 162 168
165 168 169
164 166 170
164 170 167
168 167 171
168 171 172
169 168 172
169 172 173
167 170 174
167 174 171
166 159 3
175 176 177
177 178 179
177 179 180
180 179 181
169 182 183
169 183 165
113 121 114
114 122 118
176 184 185
186 187 188
187 186 189
187 189 184
184 189 190
184 190 185
179 191 192
179 192 181
179 178 191
184 176 193
184 193 187
176 175 193
191 185 190
191 190 192
178 185 191
176 185 178
177 176 178
186 194 195
192 196 197
192 197 181
190 198 196
190 196 192
189 195 198
189 198 190
186 195 189
186 188 194
195 122 121
195 121 198
194 122 195
197 173 181
180 181 173
183 113 165
196 182 197
169 173 197
197 182 169
182 121 183
183 121 113
116 118 199
116 199 131
122 200 118
118 201 202
118 202 199
201 200 203
201 203 204
205 202 201
205 201 204
118 200 201
203 206 207
203 207 204
205 204 207
205 207 208
209 207 206
209 206 210
211 208 207
211 207 209
200 194 212
200 212 203
212 194 188
208 213 214
208 214 205
211 215 213
211 213 208
213 131 214
215 216 131
215 131 213
206 217 218
206 218 210
203 219 206
219 188 217
206 219 217
182 196 198
182 198 121
3 174 170
140 137 148
150 159 166
34 143 37
122 194 200
214 131 199
214 202 205
214 199 202
220 0 65
64 221 222
70 67 64
66 69 223
70 63 48
222 224 1
65 0 2
7 141 145
141 143 34
146 142 144
146 37 143
153 157 154
156 88 157
166 3 170
164 161 166
58 53 52
58 52 56
56 52 54
56 54 59
54 55 61
48 53 67
48 67 70
64 225 226
55 72 61
71 55 51
54 61 59
82 78 74
74 79 75
57 227 228
57 228 229
60 230 227
60 227 57
69 231 232
69 232 223
229 228 231
229 231 69
56 60 57
98 127 130
58 57 229
58 69 66
66 223 233
234 67 66
64 226 221
66 233 234
232 235 223
236 237 238
239 240 241
242 243 238
242 238 237
225 67 234
225 64 67
244 245 246
247 248 249
248 250 251
252 253 254
252 254 255
256 257 258
256 258 259
260 261 262
260 262 263
264 265 266
264 266 267
255 254 257
255 257 256
260 263 268
260 268 269
260 269 270
260 270 271
259 258 272
259 272 273
267 262 261
267 261 264
264 261 274
264 274 275
274 261 260
274 260 271
275 276 265
275 265 264
256 274 271
256 271 255
273 276 275
273 275 259
255 271 270
255 270 252
259 275 274
259 274 256
273 272 277
278 266 265
278 265 279
279 265 276
279 276 280
280 276 273
280 273 277
279 281 278
280 281 279
277 282 280
263 262 283
263 283 284
267 266 285
267 285 286
263 284 268
262 267 286
262 286 283
285 266 278
285 278 287
253 288 289
253 289 254
290 257 254
290 254 289
257 290 291
257 291 258
292 293 289
292 289 288
290 289 293
290 293 294
291 290 294
291 294 295
296 293 292
296 292 297
294 293 296
294 296 298
299 295 294
299 294 298
300 301 302
303 300 304
305 303 304
305 304 306
307 308 309
310 301 297
310 297 311
312 301 313
309 314 307
292 288 307
315 299 316
306 317 316
306 316 305
318 319 320
318 320 321
320 322 323
316 321 315
295 315 324
295 324 291
291 324 272
291 272 258
315 325 326
315 326 324
304 327 328
304 328 306
317 306 328
317 328 329
317 329 330
317 330 318
324 326 277
324 277 272
323 331 332
331 282 332
282 277 326
321 316 317
321 317 318
330 319 318
321 320 325
321 325 315
333 334 335
333 335 336
333 337 338
333 338 334
335 339 340
335 340 336
338 337 341
338 341 342
337 333 319
333 322 319
330 341 337
330 337 319
342 329 343
341 330 329
342 341 329
344 345 346
344 346 347
348 349 350
344 350 351
344 351 345
352 353 354
354 353 355
349 351 350
350 355 348
349 348 356
347 346 357
347 357 358
359 347 358
355 350 354
354 347 359
350 344 354
354 344 347
360 346 345
360 345 361
360 362 357
360 357 346
361 345 351
361 351 363
364 363 349
363 351 349
357 365 366
340 339 367
340 367 368
356 348 369
355 367 339
355 339 348
348 339 335
348 335 369
334 338 370
334 370 371
334 371 369
334 369 335
338 342 370
371 370 372
371 372 373
371 373 356
371 356 369
372 370 374
374 342 343
364 349 356
360 361 375
360 375 376
361 363 377
361 377 375
363 364 378
363 378 377
373 378 364
373 364 356
336 340 379
336 379 380
333 336 380
333 380 322
340 368 381
340 381 379
368 367 382
368 382 383
367 355 353
367 353 382
381 368 383
381 383 384
385 386 387
388 251 250
388 250 387
385 389 287
278 385 287
386 390 387
250 385 387
248 389 250
391 392 393
391 393 394
248 251 249
395 392 249
251 395 249
391 247 249
393 396 397
395 251 388
395 388 398
392 395 398
392 398 396
397 399 400
398 388 390
398 390 401
396 401 399
280 282 281
390 281 282
322 331 323
282 326 332
332 326 325
332 325 323
401 390 331
390 282 331
392 391 249
399 331 402
331 322 402
397 396 399
399 402 400
393 392 396
397 400 380
397 380 379
380 400 402
380 402 322
393 397 381
397 379 381
393 384 394
247 391 403
383 382 404
384 383 404
384 404 405
404 406 407
404 407 408
404 408 405
382 353 406
353 352 406
354 359 352
352 359 406
382 406 404
407 406 359
407 359 409
359 358 409
405 394 384
405 410 394
391 394 403
411 408 407
411 407 412
412 407 409
412 409 413
414 410 408
414 408 411
412 415 416
412 416 411
413 417 415
413 415 412
411 416 418
411 418 414
410 247 403
419 420 421
420 422 423
420 423 424
422 425 423
413 426 427
413 409 426
358 357 366
357 362 365
421 428 429
430 431 432
432 433 430
432 429 433
434 433 429
434 429 428
435 436 423
435 423 425
437 436 424
429 432 438
429 438 421
421 438 419
434 428 436
434 436 435
424 436 428
421 424 428
420 424 421
430 439 440
435 425 441
435 441 442
434 435 442
434 442 443
433 434 443
433 443 439
430 433 439
430 440 431
439 443 366
439 366 365
440 439 365
441 425 417
422 417 425
426 409 358
442 441 427
413 441 417
441 413 427
427 426 366
426 358 366
360 444 362
360 376 444
365 362 445
362 444 446
362 446 447
447 448 449
447 449 445
447 446 450
447 450 448
362 447 445
449 448 451
449 451 452
451 448 450
451 450 453
452 451 454
452 454 455
451 453 456
451 456 454
445 457 440
445 449 457
457 431 440
453 450 458
453 458 459
456 453 459
456 459 460
459 461 376
460 459 376
460 376 462
452 455 463
452 463 464
449 452 457
457 464 431
452 464 457
427 366 443
427 443 442
247 414 418
384 393 381
394 410 403
278 281 386
365 445 440
458 444 376
458 450 446
458 446 444
465 308 244
309 466 467
314 309 311
310 468 313
314 292 307
466 469 470
308 245 244
250 389 385
385 278 386
390 388 387
390 386 281
396 398 401
399 401 331
410 414 247
408 410 405
296 297 301
296 301 300
298 296 300
298 300 303
298 305 299
311 297 292
311 292 314
309 471 472
299 305 316
315 295 299
298 303 305
325 320 323
320 319 322
302 312 473
302 473 474
304 302 474
304 474 475
313 468 476
313 476 477
312 313 477
312 477 473
300 302 304
342 374 370
301 312 302
301 478 313
310 479 468
480 478 311
309 467 471
310 480 479
476 468 481
482 483 484
485 486 487
488 484 483
488 483 489
472 480 311
472 311 309
490 491 492
493 494 495
493 495 496
496 495 497
496 497 498
499 492 500
499 500 501
502 503 504
505 506 507
505 507 498
493 496 508
493 508 509
510 511 512
513 514 515
516 517 513
502 518 519
520 509 521
520 521 522
513 515 523
524 493 509
524 509 520
521 516 525
521 525 522
516 513 526
516 526 525
527 492 499
527 499 528
515 510 512
515 512 523
507 506 529
507 529 530
508 531 521
508 521 509
532 506 505
532 505 533
534 533 535
536 497 537
524 538 494
524 494 493
535 536 537
539 540 537
492 541 500
542 543 527
529 544 545
517 546 514
517 516 521
517 521 531
547 511 548
512 511 547
542 549 543
513 523 526
518 544 529
506 532 518
506 518 529
535 533 536
536 533 505
498 497 536
498 536 505
498 507 508
498 508 496
507 530 531
537 497 550
530 546 517
539 551 540
527 528 552
527 552 542
518 504 544
530 545 546
529 545 530
530 517 531
495 501 550
500 541 551
494 501 495
527 543 553
499 501 494
528 499 494
552 528 538
528 494 538
550 497 495
537 550 539
539 550 501
539 501 500
535 554 534
500 551 539
492 491 541
492 553 490
527 553 492
502 504 518
534 555 533
532 555 519
533 555 532
519 518 532
556 557 558
559 560 561
559 561 562
560 563 564
560 564 561
565 557 566
565 566 567
568 569 570
571 572 573
571 573 563
559 574 575
559 575 560
576 512 577
578 579 580
581 578 582
568 583 584
520 522 585
520 585 574
578 523 579
524 520 574
524 574 559
585 522 525
585 525 581
581 525 526
581 526 578
566 557 586
566 586 587
579 523 512
579 512 576
588 572 571
588 571 589
575 574 585
575 585 590
573 572 591
573 591 592
593 594 592
595 596 564
524 559 562
524 562 538
594 596 595
597 596 598
557 565 599
542 586 600
588 601 602
582 580 603
582 590 585
582 585 581
547 604 577
512 547 577
542 600 549
578 526 523
584 588 602
584 591 572
584 572 588
594 595 592
595 573 592
563 573 595
563 595 564
563 560 575
563 575 571
571 575 590
596 605 564
589 582 603
597 598 606
586 542 552
586 552 587
584 602 569
589 603 601
588 589 601
589 590 582
561 605 567
565 606 599
562 561 567
586 607 600
566 562 567
587 562 566
552 538 587
587 538 562
605 561 564
596 597 605
567 605 597
567 597 565
594 593 608
565 597 606
557 599 558
557 556 607
586 557 607
568 584 569
593 592 609
591 583 609
592 591 609
583 591 584
582 578 580
513 517 514
571 590 589
507 531 508
610 611 612
613 614 615
616 617 618
616 618 619
620 621 622
620 622 623
624 625 626
624 626 627
620 628 621
627 626 629
627 629 630
631 632 633
622 621 634
622 634 635
621 628 636
618 617 637
618 637 638
626 625 639
626 639 640
641 642 643
641 643 644
645 646 647
648 640 645
648 645 649
650 651 652
650 652 653
635 634 654
634 636 655
634 655 656
657 658 659
660 661 662
613 615 663
638 637 642
638 642 641
640 639 646
640 646 645
619 618 625
619 625 624
622 635 652
618 638 639
618 639 625
641 644 647
641 647 646
635 654 653
635 653 652
638 641 646
638 646 639
628 664 665
628 665 663
660 666 667
630 668 669
627 669 670
627 670 624
671 672 673
671 673 670
619 673 674
675 676 677
675 677 623
623 677 678
623 678 620
620 678 664
620 664 628
679 668 680
679 680 681
671 679 681
682 672 683
684 685 686
687 688 689
690 687 691
690 691 692
693 690 694
695 693 696
613 697 698
660 699 661
700 701 702
703 704 705
705 704 706
707 682 708
687 689 691
709 710 711
651 712 713
712 612 714
712 651 715
642 637 716
642 716 717
637 617 718
637 718 716
617 616 719
651 650 720
651 720 721
643 642 717
643 717 722
615 636 628
663 615 628
663 665 613
723 698 697
723 697 695
615 614 636
636 614 655
649 659 658
649 658 648
629 662 661
629 661 630
661 699 668
661 668 630
699 667 680
699 680 668
724 725 726
727 728 729
730 731 732
733 734 735
672 736 683
737 738 676
737 676 675
689 688 739
709 688 710
713 714 740
741 742 743
744 745 746
674 747 616
616 747 748
749 750 746
751 752 753
754 755 685
740 756 622
741 757 742
631 758 759
760 761 742
742 761 762
758 763 754
758 764 763
742 762 743
765 766 767
768 769 770
771 772 773
771 773 774
775 776 777
778 779 780
781 782 783
784 785 786
787 788 789
787 789 790
791 792 793
794 795 796
794 796 797
798 783 799
783 782 799
800 801 802
803 804 805
805 804 806
807 808 809
810 811 812
813 814 815
816 817 818
819 820 821
822 823 824
825 826 827
825 827 828
829 830 831
832 833 834
779 824 780
779 783 824
835 836 837
835 837 838
839 840 841
839 841 842
843 844 845
846 793 847
801 848 802
849 850 851
777 776 852
853 851 854
855 856 857
693 694 696
858 859 796
700 860 861
704 633 685
702 757 862
742 757 701
777 852 863
864 857 865
866 867 868
842 869 839
870 792 777
690 692 694
849 851 863
871 872 831
873 874 856
873 856 855
704 685 684
714 756 740
610 612 712
708 682 875
695 696 723
876 877 878
879 877 880
880 877 798
798 877 783
783 877 881
671 736 672
631 759 632
685 759 754
759 758 754
702 701 757
700 737 701
701 737 714
714 612 701
701 612 882
742 882 883
884 875 885
675 714 737
700 861 738
622 652 740
621 636 634
623 756 675
756 714 675
622 756 623
886 887 888
889 890 760
838 891 840
838 840 839
892 827 893
894 895 896
894 896 897
898 899 900
898 900 901
902 903 904
905 906 907
908 909 910
911 912 913
865 914 795
865 795 794
846 847 799
847 792 799
800 802 915
800 915 916
793 792 847
799 792 870
777 792 791
796 795 858
857 856 858
796 859 917
796 917 797
914 857 858
856 874 858
795 914 858
786 785 829
789 788 918
831 830 919
831 872 829
920 786 921
829 872 786
872 871 922
872 922 786
831 923 871
924 827 925
925 827 926
827 927 893
928 786 922
749 929 750
619 674 616
718 719 930
931 748 747
617 719 718
869 842 932
842 841 933
877 879 878
923 831 919
934 910 935
936 850 937
936 937 938
837 836 939
841 840 940
941 844 939
840 891 940
897 896 942
844 943 939
944 945 946
851 850 936
851 936 854
852 776 849
863 852 849
863 851 853
937 850 849
849 776 947
776 948 947
776 775 949
855 857 864
777 863 870
934 935 950
935 906 951
935 951 950
905 909 952
953 954 955
907 906 935
907 935 910
907 909 905
951 906 905
956 957 817
910 909 907
767 766 958
766 959 958
958 960 767
765 767 960
834 833 961
962 963 685
685 963 964
965 966 967
968 969 970
746 745 749
746 750 971
750 929 971
616 748 719
748 931 930
748 930 719
744 746 753
746 971 753
776 949 948
972 973 769
909 908 816
770 974 975
974 769 976
977 978 979
769 973 976
980 974 981
770 769 974
982 983 984
972 769 768
985 973 972
741 743 986
743 762 986
704 703 633
862 757 741
823 822 987
822 877 987
820 819 988
811 810 779
815 989 990
991 846 781
992 810 812
781 810 991
991 993 846
799 782 846
782 781 846
887 764 888
994 761 995
761 760 890
762 761 994
761 890 995
890 889 995
764 887 763
887 886 763
633 632 685
632 759 685
644 643 650
644 650 653
656 647 654
647 644 653
647 653 654
722 720 650
722 650 643
657 659 614
659 649 655
659 655 614
649 645 656
649 656 655
645 647 656
654 634 656
865 857 914
665 664 695
665 695 697
677 676 687
677 687 690
678 677 690
678 690 693
664 678 693
664 693 695
676 738 688
676 688 687
738 861 688
861 710 688
861 860 710
700 738 737
681 680 996
680 667 666
680 666 997
660 667 699
998 681 996
996 680 997
660 662 658
662 629 648
662 648 658
629 626 640
629 640 648
670 669 679
670 679 671
670 673 619
670 619 624
674 673 672
630 669 627
669 668 679
681 998 671
998 736 671
783 881 824
824 881 822
881 877 822
987 877 876
779 810 781
991 810 999
781 783 779
816 960 817
845 844 941
842 933 932
672 884 674
712 715 610
715 651 721
714 713 712
652 713 740
651 713 652
742 883 760
701 882 742
882 612 611
665 697 613
1000 1001 1002
1003 1004 1005
1006 1007 1008
1006 1008 1009
1010 1011 1012
1010 1012 1013
1014 1015 1016
1014 1016 1017
1010 1013 1018
1015 1019 1020
1015 1020 1016
1021 1022 1023
1012 1024 1025
1012 1025 1013
1013 1026 1018
1008 1027 1028
1008 1028 1009
1016 1029 1030
1016 1030 1017
1031 1032 1033
1031 1033 1034
1035 1036 1037
1038 1039 1035
1038 1035 1029
1040 1041 1042
1040 1042 1043
1024 1044 1025
1025 1045 1046
1025 1046 1026
1047 1048 1049
1050 1051 1052
1003 1053 1004
1027 1031 1034
1027 1034 1028
1029 1035 1037
1029 1037 1030
1007 1014 1017
1007 1017 1008
1012 1042 1024
1008 1017 1030
1008 1030 1027
1031 1037 1036
1031 1036 1032
1024 1042 1041
1024 1041 1044
1027 1030 1037
1027 1037 1031
1018 1053 1054
1018 1054 1055
1050 1056 1057
1019 1058 1059
1015 1014 1060
1015 1060 1058
1061 1060 1062
1061 1062 1063
1007 1064 1062
1065 1011 1066
1065 1066 1067
1011 1010 1068
1011 1068 1066
1010 1018 1055
1010 1055 1068
1069 1070 1071
1069 1071 1059
1061 1070 1069
1072 1073 1063
1074 1075 1076
1077 1078 1079
1080 1081 1082
1080 1082 1077
1083 1084 1080
1085 1086 1083
1003 1087 1088
1050 1052 1089
1090 1091 1092
1093 1094 1095
1094 1096 1095
1097 1098 1099
1077 1082 1078
1100 1101 1102
1043 1103 1104
1104 1105 1001
1104 1106 1043
1034 1107 1108
1034 1108 1028
1028 1108 1109
1028 1109 1009
1009 1110 1006
1043 1111 1112
1043 1112 1040
1033 1113 1107
1033 1107 1034
1004 1018 1026
1053 1018 1004
1053 1003 1054
1088 1087 1114
1088 1114 1085
1004 1026 1005
1026 1046 1005
1039 1038 1049
1039 1049 1048
1020 1019 1052
1020 1052 1051
1052 1019 1059
1052 1059 1089
1089 1059 1071
1089 1071 1056
1115 1116 1117
1118 1119 1120
1121 1122 1123
1124 1125 1126
1063 1073 1127
1128 1065 1067
1128 1067 1129
1078 1130 1079
1100 1102 1131
1103 1132 1105
1133 1134 1135
1136 1137 1138
1139 1006 1140
1006 1141 1140
1142 1137 1143
1144 1145 1146
1147 1076 1148
1132 1012 1149
1133 1135 1150
1021 1151 1152
1153 1135 1154
1135 1155 1154
1152 1147 1156
1152 1156 1157
1135 1134 1155
1158 1159 1160
1161 1162 1163
1164 1165 1166
1164 1166 1167
1168 1169 1170
1171 1172 1173
1174 1175 1176
1177 1178 1179
1180 1181 1182
1180 1182 1183
1184 1185 1186
1187 1188 1189
1187 1189 1190
1191 1192 1175
1175 1192 1176
1193 1194 1195
1196 1197 1198
1197 1199 1198
1200 1201 1202
1203 1204 1205
1206 1207 1208
1158 1209 1210
1211 1212 1213
1214 1215 1216
1217 1218 1219
1217 1219 1220
1221 1222 1223
1224 1225 1226
1173 1172 1215
1173 1215 1175
1227 1228 1229
1227 1229 1230
1231 1232 1233
1231 1233 1234
1235 1236 1237
1238 1239 1185
1195 1194 1240
1241 1242 1243
1169 1244 1170
1245 1246 1242
1247 1248 1249
1083 1086 1084
1250 1189 1251
1090 1252 1253
1095 1076 1022
1091 1254 1150
1135 1092 1150
1169 1255 1244
1256 1257 1248
1258 1259 1260
1232 1231 1261
1262 1169 1186
1080 1084 1081
1241 1255 1242
1263 1222 1264
1265 1247 1249
1265 1249 1266
1095 1074 1076
1105 1132 1149
1000 1104 1001
1098 1267 1099
1085 1114 1086
1268 1269 1270
1271 1272 1270
1272 1191 1270
1191 1175 1270
1175 1273 1270
1061 1063 1127
1021 1023 1151
1076 1147 1151
1151 1147 1152
1091 1150 1092
1090 1092 1128
1092 1105 1128
1105 1092 1001
1092 1274 1001
1135 1275 1274
1098 1276 1267
1065 1128 1105
1090 1129 1252
1012 1132 1042
1013 1025 1026
1011 1065 1149
1149 1065 1105
1012 1011 1149
1277 1278 1279
1280 1153 1281
1228 1231 1234
1228 1234 1282
1283 1284 1285
1286 1287 1288
1286 1288 1289
1290 1291 1292
1290 1292 1293
1294 1295 1296
1297 1298 1299
1300 1301 1209
1302 1303 1304
1257 1187 1190
1257 1190 1305
1238 1192 1239
1239 1192 1186
1193 1306 1194
1193 1307 1306
1185 1239 1186
1192 1262 1186
1169 1184 1186
1189 1250 1190
1248 1250 1249
1189 1188 1308
1189 1308 1251
1305 1250 1248
1249 1250 1266
1190 1250 1305
1178 1221 1179
1182 1309 1183
1222 1310 1223
1222 1221 1264
1311 1312 1178
1221 1178 1264
1264 1313 1263
1264 1178 1313
1222 1263 1314
1315 1316 1219
1219 1316 1317
1285 1284 1318
1319 1313 1178
1142 1143 1320
1007 1006 1064
1109 1321 1110
1322 1140 1141
1009 1109 1110
1261 1323 1232
1232 1324 1233
1270 1325 1271
1314 1310 1222
1326 1327 1301
1328 1329 1330
1328 1330 1243
1229 1331 1230
1233 1332 1234
1333 1331 1237
1234 1332 1282
1287 1334 1288
1237 1331 1335
1336 1337 1338
1242 1246 1328
1242 1328 1243
1244 1241 1170
1255 1241 1244
1255 1245 1242
1330 1241 1243
1241 1339 1170
1170 1339 1340
1170 1341 1168
1247 1256 1248
1169 1262 1255
1326 1342 1327
1327 1342 1343
1327 1343 1299
1297 1344 1209
1345 1346 1347
1298 1301 1327
1298 1327 1299
1298 1297 1209
1343 1297 1299
1348 1210 1349
1301 1298 1209
1159 1350 1160
1160 1350 1351
1350 1159 1352
1353 1352 1159
1225 1354 1226
1355 1076 1356
1076 1075 1356
1357 1358 1359
1360 1361 1362
1137 1142 1138
1137 1144 1143
1143 1144 1320
1006 1110 1141
1141 1110 1321
1141 1321 1322
1136 1145 1137
1137 1145 1144
1170 1340 1341
1363 1163 1364
1209 1158 1300
1162 1365 1366
1366 1367 1163
1368 1369 1370
1163 1367 1364
1371 1372 1373
1162 1366 1163
1365 1374 1375
1363 1161 1163
1376 1363 1364
1133 1377 1134
1134 1377 1155
1095 1022 1093
1254 1133 1150
1216 1378 1214
1214 1378 1270
1213 1379 1211
1205 1173 1203
1207 1380 1381
1382 1174 1238
1383 1204 1203
1384 1382 1203
1382 1238 1385
1192 1238 1176
1176 1238 1174
1279 1278 1157
1386 1387 1154
1154 1281 1153
1155 1386 1154
1154 1387 1281
1281 1387 1280
1157 1156 1279
1279 1156 1277
1022 1076 1023
1023 1076 1151
1032 1041 1040
1032 1040 1033
1045 1044 1036
1036 1044 1041
1036 1041 1032
1040 1112 1113
1040 1113 1033
1047 1005 1048
1048 1005 1046
1048 1046 1039
1039 1046 1045
1039 1045 1035
1035 1045 1036
1044 1045 1025
1257 1305 1248
1054 1088 1085
1054 1085 1055
1066 1080 1077
1066 1077 1067
1068 1083 1080
1068 1080 1066
1055 1085 1083
1055 1083 1068
1067 1077 1079
1067 1079 1129
1129 1079 1252
1252 1079 1388
1252 1388 1253
1090 1128 1129
1070 1389 1071
1071 1390 1057
1071 1057 1056
1050 1089 1056
1391 1389 1070
1389 1390 1071
1050 1049 1051
1051 1049 1038
1051 1038 1020
1020 1038 1029
1020 1029 1016
1060 1061 1069
1060 1069 1058
1060 1014 1007
1060 1007 1062
1064 1063 1062
1019 1015 1058
1058 1069 1059
1070 1061 1391
1391 1061 1127
1175 1215 1273
1215 1214 1273
1273 1214 1270
1378 1268 1270
1173 1174 1203
1382 1383 1203
1174 1173 1175
1353 1210 1352
1236 1333 1237
1232 1323 1324
1063 1064 1392
1104 1000 1106
1106 1111 1043
1105 1104 1103
1042 1132 1103
1043 1042 1103
1135 1153 1275
1092 1135 1274
1274 1002 1001
1054 1003 1088
1393 1394 1395
1393 1395 1396
1397 1398 1399
1397 1399 1400
1401 1402 1403
1401 1403 1404
1404 1403 1398
1404 1398 1397
1405 1406 1402
1405 1402 1401
1400 1399 1394
1400 1394 1393
1407 1408 1409
1407 1409 1410
1411 1408 1407
1412 1413 1414
1415 1416 1417
1415 1417 1418
1419 1420 1421
1419 1421 1422
1423 1424 1425
1423 1425 1426
1427 1428 1429
1427 1429 1430
1418 1417 1424
1418 1424 1423
1430 1429 1420
1430 1420 1419
1426 1425 1431
1426 1431 1432
1433 1434 1428
1433 1428 1427
1410 1409 1416
1410 1416 1415
1422 1421 1413
1422 1413 1412
1435 1436 1437
1435 1437 1438
1436 1439 1440
1436 1440 1437
1439 1441 1442
1439 1442 1440
1441 1443 1444
1441 1444 1442
1443 1445 1446
1443 1446 1444
1435 1438 1447
1435 1447 1448
1449 1450 1451
1449 1451 1452
1453 1454 1455
1453 1455 1456
1457 1458 1459
1457 1459 1460
1458 1453 1456
1458 1456 1459
1461 1457 1460
1461 1460 1462
1454 1449 1452
1454 1452 1455
1463 1464 1465
1463 1465 1466
1467 1463 1466
1468 1469 1470
1471 1472 1473
1471 1473 1474
1475 1476 1477
1475 1477 1478
1479 1480 1481
1479 1481 1482
1483 1484 1485
1483 1485 1486
1472 1479 1482
1472 1482 1473
1484 1475 1478
1484 1478 1485
1480 1487 1488
1480 1488 1481
1489 1483 1486
1489 1486 1490
1464 1471 1474
1464 1474 1465
1476 1468 1470
1476 1470 1477
1491 1492 1493
1491 1493 1494
1495 1496 1492
1495 1492 1491
1497 1498 1496
1497 1496 1495
1499 1500 1498
1499 1498 1497
1501 1502 1500
1501 1500 1499
1503 1494 1493
1503 1493 1504
1505 1506 1507
1505 1507 1508
1509 1510 1511
1506 1505 1512
1513 1514 1515
1516 1517 1518
1516 1518 1519
1520 1521 1517
1520 1517 1516
1522 1516 1519
1522 1519 1523
1522 1524 1520
1522 1520 1516
1525 1526 1527
1525 1527 1528
1525 1529 1530
1525 1530 1526
1531 1532 1533
1531 1533 1534
1534 1533 1535
1534 1535 1536
1536 1535 1537
1536 1537 1538
1539 1540 1541
1511 1510 1542
1511 1542 1543
1544 1545 1546
1544 1546 1547
1545 1548 1549
1545 1549 1546
1550 1551 1552
1550 1552 1553
1554 1555 1556
1514 1557 1515
1558 1559 1560
1561 1562 1563
1561 1563 1564
1565 1561 1564
1565 1564 1566
1567 1568 1569
1567 1569 1570
1571 1572 1573
1571 1573 1574
1542 1510 1508
1542 1508 1575
1576 1568 1567
1576 1567 1577
1578 1579 1580
1578 1580 1581
1518 1517 1582
1518 1582 1583
1582 1517 1521
1582 1521 1584
1585 1586 1587
1585 1587 1588
1589 1590 1591
1592 1548 1593
1592 1593 1594
1559 1558 1595
1559 1595 1596
1578 1581 1597
1598 1579 1578
1598 1578 1599
1600 1598 1599
1600 1599 1601
1597 1599 1578
1599 1597 1601
1520 1524 1602
1520 1602 1603
1604 1605 1506
1606 1607 1608
1606 1608 1609
1507 1565 1566
1507 1566 1610
1611 1612 1613
1611 1613 1614
1526 1530 1615
1526 1615 1587
1603 1527 1612
1603 1612 1611
1616 1511 1514
1616 1514 1513
1540 1539 1554
1540 1554 1556
1511 1543 1514
1585 1588 1591
1585 1591 1590
1617 1618 1619
1617 1619 1620
1621 1622 1623
1621 1623 1624
1625 1626 1622
1625 1622 1621
1627 1628 1629
1627 1629 1630
1559 1631 1560
1632 1633 1634
1632 1634 1635
1636 1632 1635
1636 1635 1637
1596 1638 1631
1596 1631 1559
1639 1640 1641
1639 1641 1642
1643 1644 1645
1643 1645 1642
1646 1647 1648
1646 1648 1649
1647 1650 1641
1647 1641 1648
1651 1652 1653
1651 1653 1654
1655 1656 1657
1658 1659 1660
1658 1660 1661
1662 1658 1661
1662 1661 1663
1656 1664 1665
1656 1665 1657
1662 1666 1637
1667 1666 1663
1668 1669 1670
1671 1672 1669
1671 1669 1668
1673 1674 1672
1673 1672 1671
1675 1676 1677
1675 1677 1678
1676 1679 1680
1676 1680 1677
1681 1682 1683
1684 1685 1686
1684 1686 1687
1685 1604 1608
1685 1608 1686
1669 1672 1688
1669 1688 1689
1672 1674 1690
1672 1690 1688
1690 1674 1678
1690 1678 1691
1670 1669 1689
1692 1693 1694
1692 1694 1695
1693 1680 1679
1693 1679 1694
1696 1697 1698
1605 1699 1561
1605 1561 1565
1699 1700 1562
1699 1562 1561
1655 1701 1702
1701 1703 1704
1701 1704 1702
1705 1706 1707
1708 1709 1710
1711 1712 1713
1709 1714 1710
1706 1715 1707
1530 1529 1716
1530 1716 1717
1549 1548 1592
1549 1592 1718
1553 1552 1719
1553 1719 1720
1721 1593 1722
1721 1722 1509
1615 1530 1717
1615 1717 1723
1723 1717 1706
1723 1706 1705
1718 1592 1709
1718 1709 1708
1720 1719 1712
1720 1712 1711
1592 1594 1714
1592 1714 1709
1717 1716 1715
1717 1715 1706
1620 1619 1644
1620 1644 1643
1623 1622 1647
1623 1647 1646
1622 1626 1650
1622 1650 1647
1629 1628 1652
1629 1652 1651
1635 1634 1659
1635 1659 1658
1637 1635 1658
1637 1658 1662
1642 1645 1724
1642 1724 1639
1649 1648 1725
1649 1725 1726
1648 1641 1640
1648 1640 1725
1654 1653 1727
1654 1727 1728
1655 1657 1729
1661 1660 1730
1661 1730 1731
1663 1661 1731
1663 1731 1667
1657 1665 1732
1657 1732 1729
1655 1702 1656
1702 1704 1664
1702 1664 1656
1637 1666 1636
1663 1666 1662
1609 1512 1544
1609 1544 1606
1594 1593 1721
1594 1721 1733
1722 1593 1548
1722 1548 1545
1686 1608 1607
1686 1607 1734
1710 1714 1735
1735 1714 1594
1735 1594 1733
1736 1737 1681
1736 1681 1683
1574 1738 1571
1734 1739 1687
1734 1687 1686
1740 1741 1739
1740 1739 1734
1742 1743 1570
1742 1570 1569
1744 1745 1737
1744 1737 1736
1746 1738 1574
1564 1563 1747
1564 1747 1748
1558 1560 1749
1750 1746 1574
1750 1574 1573
1595 1558 1749
1595 1749 1751
1531 1534 1518
1531 1518 1583
1534 1536 1519
1534 1519 1518
1536 1538 1523
1536 1523 1519
1562 1700 1577
1562 1577 1567
1683 1682 1684
1683 1684 1687
1567 1570 1563
1567 1563 1562
1687 1739 1736
1687 1736 1683
1727 1653 1649
1727 1649 1726
1652 1628 1623
1652 1623 1646
1692 1695 1698
1692 1698 1697
1653 1652 1646
1653 1646 1649
1628 1627 1624
1628 1624 1623
1570 1743 1747
1570 1747 1563
1744 1736 1739
1744 1739 1741
1734 1607 1752
1734 1752 1740
1509 1511 1616
1509 1505 1508
1509 1508 1510
1512 1505 1722
1528 1527 1603
1528 1603 1602
1606 1544 1547
1606 1547 1753
1754 1575 1610
1754 1610 1755
1586 1613 1612
1586 1612 1587
1587 1612 1527
1587 1527 1526
1660 1619 1618
1660 1618 1730
1634 1645 1644
1634 1644 1659
1673 1675 1678
1673 1678 1674
1691 1678 1677
1691 1677 1756
1659 1644 1619
1659 1619 1660
1633 1724 1645
1633 1645 1634
1545 1544 1512
1545 1512 1722
1521 1611 1614
1521 1614 1584
1606 1753 1752
1606 1752 1607
1603 1611 1521
1603 1521 1520
1626 1620 1643
1626 1643 1650
1757 1756 1677
1757 1677 1680
1650 1643 1642
1650 1642 1641
1625 1617 1620
1625 1620 1626
1506 1609 1604
1758 1543 1542
1758 1542 1759
1759 1542 1575
1759 1575 1754
1610 1566 1760
1610 1760 1755
1514 1543 1557
1507 1610 1575
1507 1575 1508
1760 1566 1564
1760 1564 1748
1541 1540 1761
1557 1543 1758
1507 1605 1565
1506 1605 1507
1604 1609 1608
1506 1512 1609
1722 1505 1509
1762 1763 1764
1762 1764 1765
1766 1767 1765
1766 1765 1764
1768 1769 1770
1771 1772 1773
1771 1773 1774
1775 1776 1774
1775 1774 1773
1776 1775 1777
1778 1779 1780
1779 1781 1782
1779 1782 1783
1784 1785 1786
1784 1786 1787
1787 1786 1788
1787 1788 1789
1790 1791 1785
1790 1785 1784
1792 1793 1794
1792 1794 1795
1789 1788 1796
1789 1796 1797
1798 1799 1800
1801 1802 1799
1801 1799 1798
1803 1804 1805
1803 1805 1806
1807 1808 1809
1807 1809 1810
1811 1812 1804
1811 1804 1803
1813 1814 1815
1816 1817 1809
1816 1809 1808
1818 1819 1820
1818 1820 1821
1816 1822 1823
1824 1825 1826
1827 1828 1829
1827 1829 1830
1831 1832 1833
1831 1833 1834
1835 1836 1837
1835 1837 1838
1839 1840 1841
1839 1841 1842
1839 1842 1843
1839 1843 1844
1845 1846 1847
1848 1849 1850
1848 1850 1851
1852 1853 1854
1852 1854 1855
1856 1857 1858
1856 1858 1859
1859 1858 1853
1859 1853 1852
1860 1861 1862
1860 1862 1863
1864 1865 1866
1864 1866 1867
1856 1867 1866
1856 1866 1857
1860 1815 1868
1860 1868 1861
1869 1870 1871
1869 1871 1872
1873 1874 1875
1873 1875 1876
1877 1878 1872
1877 1872 1871
1879 1880 1844
1879 1844 1881
1882 1883 1879
1882 1879 1881
1884 1883 1882
1884 1882 1885
1886 1887 1884
1886 1884 1885
1870 1869 1888
1870 1888 1884
1889 1890 1840
1889 1840 1839
1844 1880 1889
1844 1889 1839
1891 1892 1893
1891 1893 1894
1892 1895 1896
1892 1896 1893
1875 1887 1886
1875 1886 1876
1897 1898 1899
1898 1900 1901
1898 1901 1902
1903 1904 1905
1903 1905 1906
1907 1908 1909
1907 1909 1910
1911 1912 1913
1911 1913 1914
1820 1819 1865
1820 1865 1862
1820 1915 1916
1820 1916 1821
1915 1907 1910
1915 1910 1916
1811 1819 1818
1811 1818 1812
1917 1772 1918
1917 1918 1919
1831 1920 1832
1921 1922 1923
1921 1923 1924
1763 1762 1777
1763 1777 1925
1906 1909 1908
1906 1908 1903
1926 1927 1928
1926 1928 1929
1927 1930 1931
1932 1933 1934
1932 1934 1935
1936 1937 1938
1936 1938 1939
1936 1940 1941
1936 1941 1937
1942 1943 1944
1945 1946 1939
1945 1939 1947
1948 1949 1950
1948 1950 1951
1951 1950 1952
1951 1952 1953
1953 1952 1954
1953 1954 1955
1956 1957 1958
1956 1958 1959
1939 1960 1961
1939 1961 1947
1939 1938 1933
1939 1933 1960
1934 1962 1963
1934 1963 1935
1962 1964 1965
1962 1965 1963
1966 1967 1968
1966 1968 1969
1970 1971 1972
1970 1972 1973
1974 1975 1976
1974 1976 1977
1970 1978 1979
1970 1979 1971
1974 1980 1981
1974 1981 1975
1979 1978 1982
1979 1982 1983
1981 1980 1984
1981 1984 1985
1986 1987 1988
1986 1988 1989
1990 1991 1992
1990 1992 1993
1994 1995 1996
1994 1996 1997
1994 1998 1999
1994 1999 1995
2000 2001 2002
2003 2001 1996
2003 1996 2004
2005 2006 2007
2008 2006 2009
2008 2009 2010
2011 2012 2013
2013 2014 2015
2013 2015 2016
2017 2018 2019
2017 2019 2020
2021 2022 2018
2021 2018 2017
2023 2019 2024
2025 2026 2027
2028 2029 1828
2028 1828 1827
1838 2030 2031
2032 2033 2034
2032 2034 2035
2036 2037 2038
2039 2040 2041
2039 2041 2042
2043 2044 2045
2043 2045 2046
2047 2048 2049
2047 2049 2050
2050 2049 2051
2050 2051 2052
2053 2054 2048
2053 2048 2047
2055 2056 2057
2055 2057 2058
2052 2051 2059
2052 2059 2060
2061 2062 2063
2061 2063 2064
2065 2063 2062
2065 2062 2066
2064 2037 2036
2064 2036 2061
2067 2068 2069
2067 2069 2070
2066 2071 2072
2066 2072 2065
2073 2074 2075
2073 2075 2076
2077 2078 2079
2077 2079 2080
2079 2081 2082
2079 2082 2080
2083 2084 2074
2083 2074 2073
2085 2086 2087
2085 2087 2088
2089 2078 2077
2089 2077 2090
2091 2092 2076
2091 2076 2075
2089 2090 2093
2089 2093 2094
2085 2088 2095
2085 2095 2096
2097 2098 2099
2097 2099 2100
2035 2044 2043
2035 2043 2032
2003 2034 2033
2003 2033 2036
2101 2102 2103
2102 2104 2105
2102 2105 2103
2106 2107 2108
2106 2108 2109
2110 2111 2112
2110 2112 2113
2114 2115 2116
2114 2116 2117
2118 2106 2119
2118 2119 2120
2121 2122 2120
2121 2120 2119
2123 2124 2125
2124 2126 2127
2124 2127 2128
2112 2107 1932
2112 1932 2113
2108 2129 2130
2108 2130 2109
2117 2107 2106
2131 2132 2133
2132 2134 2135
2132 2135 2136
2137 2138 2139
2137 2139 2140
2141 2142 2143
2141 2143 2144
2145 2146 2147
2145 2147 2148
2141 2144 2149
2141 2149 2150
2151 2152 2146
2151 2146 2145
2150 2149 2153
2150 2153 2154
2137 2140 2155
2137 2155 2156
2157 2158 2159
2157 2159 2160
2161 2162 2163
2161 2163 2164
2165 2166 2167
2165 2167 2168
2161 2164 2169
2161 2169 2170
2168 2167 2171
2168 2171 2172
2170 2169 2173
2170 2173 2174
2172 2171 2175
2172 2175 2176
2177 2178 2179
2177 2179 2180
2181 2182 2183
2181 2183 2184
2117 2106 2114
2114 2106 2118
2185 2186 2187
1961 1960 2185
1961 2185 2187
2188 2189 2190
2188 2190 2191
2192 2193 2188
2194 2195 2196
2194 2196 2197
2198 2199 2200
2198 2200 2201
2202 2203 2204
2202 2204 2205
2206 2207 2208
2206 2208 2205
2209 2210 2211
2209 2211 2212
2213 2214 2215
2216 2217 2218
2216 2218 2219
2220 2221 2222
2220 2222 2223
2224 2225 2208
2224 2208 2226
2227 2228 2211
2227 2211 2226
2229 2230 2231
2229 2231 2232
2233 2234 2230
2233 2230 2229
2235 2236 2237
2235 2237 2238
2239 2240 2241
2239 2241 2242
2243 2244 2245
2243 2245 2246
2247 2248 2249
2247 2249 2250
2251 2252 2253
2251 2253 2254
2255 2256 2257
2255 2257 2258
2259 2260 2261
2259 2261 2262
2263 2264 2265
2263 2265 2266
2267 2268 2264
2267 2264 2263
2235 2269 2270
2235 2270 2236
2271 2272 2269
2271 2269 2235
2240 2239 1906
2240 1906 1905
2252 2273 2239
2243 2274 2275
2243 2275 2244
2248 2276 2274
2248 2274 2243
2247 2277 2276
2247 2276 2248
2236 2270 2277
2236 2277 2247
2251 2278 2273
2251 2273 2252
2244 2275 2278
2244 2278 2251
2279 1914 1913
2279 1913 2280
2195 2194 2238
2195 2238 2237
2194 2281 2282
2194 2282 2238
2257 2203 2241
2257 2241 2258
2202 2225 2253
2202 2253 2242
2210 2209 2246
2210 2246 2245
2209 2217 2249
2209 2249 2246
2217 2216 2250
2217 2250 2249
2216 2195 2237
2216 2237 2250
2225 2224 2254
2225 2254 2253
2224 2210 2245
2224 2245 2254
2283 2284 2285
2283 2285 2197
2284 2286 2287
2284 2287 2285
2288 2289 2290
2201 2222 2221
2201 2221 2198
2197 2196 2222
2197 2222 2283
2219 2218 2291
2219 2291 2223
2197 2285 2292
2197 2292 2194
2205 2208 2225
2205 2225 2202
2212 2218 2209
2219 2196 2195
2219 2195 2216
2226 2211 2210
2226 2210 2224
2285 2287 2293
2285 2293 2292
2294 2295 2296
2261 2260 2257
2261 2257 2256
2190 2189 2263
2190 2263 2266
2189 2193 2263
2238 2282 2271
2238 2271 2235
2242 2253 2252
2242 2252 2239
2246 2249 2248
2246 2248 2243
2250 2237 2236
2250 2236 2247
2254 2245 2244
2254 2244 2251
2255 2258 2279
2255 2279 2280
2297 2298 1922
2297 1922 1921
2299 2300 2301
2299 2301 2302
2303 2304 2305
2303 2305 2306
2307 2308 2309
2307 2309 2310
2311 2312 2313
2311 2313 2314
2315 2316 2317
2315 2317 2318
2319 2320 2321
2319 2321 2322
2323 2324 2325
2326 2214 2327
2326 2327 2328
2329 2330 2331
2329 2331 2332
2333 2334 2335
2333 2335 2336
2337 2338 2304
2337 2304 2336
2339 2340 2341
2339 2341 2342
2343 2344 2345
2343 2345 2342
2346 2347 2345
2346 2345 2348
2349 2350 2335
2349 2335 2348
2351 2318 2317
2351 2317 2352
2353 2354 2341
2353 2341 2352
2355 2356 2357
2358 2359 2360
2358 2360 2361
2362 2363 2321
2362 2321 2320
2364 2365 2366
2364 2366 2367
2368 2369 2370
2368 2370 2371
2372 2373 2374
2375 2376 2377
2375 2377 2378
2378 2377 2369
2378 2369 2368
2379 2380 2381
2379 2381 2382
2382 2381 2383
2382 2383 2384
2384 2383 2385
2384 2385 2386
2386 2385 2376
2386 2376 2375
2387 2388 2380
2387 2380 2379
2389 2390 2391
2389 2391 2392
2393 2394 2395
2393 2395 2312
2311 2330 2334
2311 2334 2396
2312 2311 2396
2312 2396 2393
2315 2397 2398
2315 2398 2319
2399 2397 2315
2399 2315 2318
2323 2400 2340
2323 2340 2339
2324 2323 2339
2329 2324 2347
2329 2347 2346
2330 2329 2346
2330 2346 2334
2401 2399 2318
2401 2318 2351
2400 2401 2351
2400 2351 2340
2402 2403 2362
2402 2362 2320
2404 2309 2331
2404 2331 2314
2310 2359 2358
2310 2358 2307
2397 2206 2405
2397 2405 2398
2213 2228 2400
2213 2400 2323
2328 2327 2325
2328 2325 2332
2326 2328 2309
2326 2309 2308
2227 2207 2399
2227 2399 2401
2406 2407 2408
2406 2408 2409
2407 2410 2411
2407 2411 2408
2259 2262 2403
2259 2403 2402
2412 2413 2414
2412 2414 2415
2413 2416 2417
2413 2417 2414
2418 2419 2420
2418 2420 2421
2422 2418 2421
2422 2421 2423
2424 2297 1921
2424 1921 2425
2426 2424 2425
2426 2425 2427
2428 2426 2427
2428 2427 2429
2419 2428 2429
2419 2429 2420
2301 2300 2430
2301 2430 2431
2300 2305 2432
2300 2432 2430
2317 2316 2433
2316 2322 2434
2336 2335 2350
2336 2350 2337
2336 2304 2303
2336 2303 2333
2342 2341 2354
2342 2354 2343
2342 2345 2347
2342 2347 2339
2348 2345 2344
2348 2344 2349
2348 2335 2334
2348 2334 2346
2352 2317 2433
2352 2433 2353
2352 2341 2340
2352 2340 2351
2321 2363 2435
2298 2436 2437
2298 2437 1922
1799 2438 2439
1802 2440 2438
1802 2438 1799
1804 2441 2442
1804 2442 1805
1916 2275 2274
1916 2274 1821
1821 2274 2276
1821 2276 1818
1812 1818 2276
1812 2276 2443
1812 2443 2441
1812 2441 1804
1910 1909 2273
1910 2273 2278
1916 1910 2278
1916 2278 2275
2444 2445 2446
2444 2446 2447
2448 2449 2450
2448 2450 2451
2452 2453 2454
2452 2454 2455
2455 2454 2449
2455 2449 2448
2307 2456 2221
2307 2221 2308
2358 2457 2456
2358 2456 2307
2326 2220 2215
2326 2215 2214
2308 2221 2220
2308 2220 2326
2458 2459 2460
2355 2460 2461
2355 2461 2361
2462 1810 1904
2462 1904 1903
1868 1814 1908
1868 1908 1907
1809 1817 1912
1809 1912 1911
1850 1849 2444
1850 2444 2447
1849 1854 2451
1849 2451 2444
1858 1857 2452
1858 2452 2455
1853 1858 2455
1853 2455 2448
1862 1861 1915
1862 1915 1820
1866 1865 1819
1866 1819 1811
1857 1866 1811
1857 1811 2452
1861 1868 1907
1861 1907 1915
1862 1865 1864
1862 1864 1863
1885 2463 2464
1885 2464 1886
1882 1838 2463
1882 2463 1885
1876 2465 2466
1876 2466 1873
1881 1835 1838
1881 1838 1882
1886 2464 2465
1886 2465 1876
1873 2466 2467
1873 2467 1901
1902 2468 2469
1764 2470 2471
1764 2471 1766
1763 2472 2470
1763 2470 1764
1766 2471 2473
1766 2473 1782
1783 2474 2475
1925 1888 2472
1925 2472 1763
2476 2477 2478
2476 2478 2479
2479 2478 2480
2479 2480 2481
1921 1924 2482
2482 2483 2484
2482 2484 2485
2485 2484 2486
2485 2486 2487
2487 2486 2477
2487 2477 2476
2488 2489 2490
2488 2490 2491
2481 2480 2492
2481 2492 2493
2479 2494 2495
2479 2495 2476
2496 2497 2498
2496 2498 2499
2481 2500 2494
2481 2494 2479
2499 2498 2501
2499 2501 2502
2485 2487 2503
2485 2503 2504
1776 1777 2505
2476 2495 2503
2476 2503 2487
2505 1777 2497
2505 2497 2496
2506 2507 2508
2506 2508 2509
2490 2510 2511
2490 2511 2491
2509 2508 2512
2509 2512 2493
2502 2501 2513
2502 2513 2514
2314 2313 2515
2314 2515 2404
2314 2331 2330
2314 2330 2311
2409 2408 2392
2409 2392 2391
2408 2411 2395
2408 2395 2392
2516 2517 1806
2516 1806 1805
1805 2442 2518
1805 2518 2516
1890 1889 2519
1889 1880 1917
1889 1917 1919
1880 1879 2520
1880 2520 1917
1879 1883 2521
1879 2521 2520
1883 1884 1888
2372 2388 2387
2256 2522 2523
2256 2523 2261
2397 2399 2207
2397 2207 2206
2323 2325 2327
2401 2400 2228
2401 2228 2227
2332 2325 2324
2332 2324 2329
2328 2332 2331
2328 2331 2309
2212 2291 2218
2205 2204 2405
2205 2405 2206
2212 2211 2228
2212 2228 2213
2223 2291 2215
2223 2215 2220
2226 2208 2207
2226 2207 2227
2223 2222 2196
2223 2196 2219
2524 2525 2526
2524 2526 2527
2528 2529 2530
2528 2530 2531
2532 2533 2525
2532 2525 2524
2534 2535 2536
2534 2536 2537
2538 2539 2540
2538 2540 2541
2542 2543 2539
2542 2539 2538
2544 2545 2546
2544 2546 2547
1928 1931 2548
2546 2545 2549
1927 1931 1928
2263 2193 2267
2188 2193 2189
2550 2551 2552
2550 2552 2553
2554 2555 2556
2554 2556 2557
2558 2559 2560
2558 2560 2561
2562 2563 2564
2290 2295 2294
2562 1942 1944
2562 1944 2563
2552 2551 2559
2552 2559 2558
2288 2290 2294
2296 2295 2565
2566 2519 1918
2567 2568 2569
2570 2568 2571
2570 2571 2572
2573 2574 2575
2573 2575 2576
2577 2578 2579
2577 2579 2580
2575 2574 2578
2575 2578 2577
2581 2128 2582
2125 2124 2128
2125 2128 2581
2583 2584 2585
2583 2585 2586
2587 2588 2584
2587 2584 2583
2589 2590 2591
2589 2591 2592
2592 2591 2593
2592 2593 2594
2595 2596 2597
2595 2597 2598
2599 2600 2601
2599 2601 2602
2136 2603 2604
2357 2458 2355
2133 2132 2136
2133 2136 2604
2597 2596 2600
2597 2600 2599
2458 2460 2355
2357 2356 2605
2569 2570 2606
2569 2568 2570
2607 2608 2609
2607 2609 2610
2610 2609 2611
2610 2611 2612
2613 2614 2615
2613 2615 2616
2616 2615 2617
2618 2619 2614
2618 2614 2613
2620 2621 2622
2620 2622 2623
2624 2625 2621
2624 2621 2620
2626 2627 2628
2626 2628 2629
2630 2631 2632
2630 2632 2633
2633 2632 2627
2633 2627 2626
2629 2628 2634
2629 2634 2635
2636 2637 2638
2636 2638 2639
2640 2641 2642
2640 2642 2643
1800 1799 2439
2012 2644 2014
2638 2637 2641
2638 2641 2640
2013 2012 2014
2014 2644 2645
1798 1800 2646
2439 2438 2647
2648 2649 2650
2648 2650 2651
2652 2653 2654
2652 2654 2655
2656 2657 2653
2656 2653 2652
2658 2659 2657
2658 2657 2656
2660 2661 2659
2660 2659 2658
2265 2264 2662
2265 2662 2663
2270 2269 2664
2270 2664 2665
2269 2272 2666
2269 2666 2664
2276 2277 2667
2276 2667 2668
2277 2270 2665
2277 2665 2667
2264 2268 2669
2264 2669 2662
2549 2545 2670
2546 2549 2671
2672 2673 2674
2672 2674 2675
2676 2677 2678
2676 2678 2679
2680 2681 2682
2683 2684 2685
2683 2685 2686
2679 2678 2684
2679 2684 2683
2686 2685 2687
2686 2687 2688
2689 2690 2691
2689 2691 2692
2693 2694 2695
2693 2695 2696
2697 2698 2699
2697 2699 2700
2701 2702 2698
2701 2698 2697
2703 2704 2702
2703 2702 2701
2703 2705 2706
2703 2706 2704
2705 2707 2706
2708 2709 2710
2708 2710 2711
2712 2713 2714
2712 2714 2715
2037 2706 2038
2712 2715 2710
2712 2710 2709
2064 2063 2702
2064 2702 2704
2063 2065 2698
2063 2698 2702
2037 2064 2704
2037 2704 2706
2070 2069 2695
2070 2695 2694
2065 2072 2699
2065 2699 2698
1899 1902 2469
2469 2468 2716
1899 1898 1902
1826 1825 2026
1829 2031 2030
2674 2673 2717
2674 2717 2718
2718 2717 2719
2718 2719 2720
2721 2722 2723
2724 2725 2726
2724 2726 2727
2728 1834 1833
2728 1833 2729
1842 1841 2730
1842 2730 2731
1843 1842 2731
1843 2731 2732
2733 2734 2735
1846 2736 2735
1836 1835 1843
1836 1843 2732
1855 1854 1849
1855 1849 1848
1855 2025 2028
1855 2028 1852
2025 2027 2029
2025 2029 2028
2451 2450 2445
2451 2445 2444
2451 1854 1853
2451 1853 2448
2655 2654 2649
2655 2649 2648
1802 1801 2517
1802 2517 2516
2016 2015 2022
2016 2022 2021
2516 2518 2440
2516 2440 1802
2612 2611 2619
2612 2619 2618
2635 2634 2625
2635 2625 2624
1926 1929 1946
1926 1946 1945
2191 2190 2282
2191 2282 2281
2266 2265 2272
2266 2272 2271
2190 2266 2271
2190 2271 2282
2531 2530 2533
2531 2533 2532
2265 2663 2666
2265 2666 2272
2105 2104 2122
2105 2122 2121
2127 2126 2130
2127 2130 2129
2154 2153 2158
2154 2158 2157
2156 2155 2152
2156 2152 2151
2176 2175 2182
2176 2182 2181
2306 2305 2300
2306 2300 2299
2371 2370 2365
2371 2365 2364
2395 2394 2389
2395 2389 2392
2411 2410 2515
2411 2515 2313
2417 2416 2422
2417 2422 2423
2432 2305 2304
2432 2304 2338
2395 2411 2313
2395 2313 2312
1941 1940 1942
1941 1942 2562
1955 1954 1957
1955 1957 1956
1965 1964 1966
1965 1966 1969
1983 1982 1987
1983 1987 1986
1985 1984 1991
1985 1991 1990
2135 2134 2111
2135 2111 2110
2174 2173 2178
2174 2178 2177
2232 2231 2200
2232 2200 2199
2287 2286 2288
2287 2288 2294
2293 2287 2294
2293 2294 2296
2361 2360 2356
2361 2356 2355
2361 2461 2457
2361 2457 2358
2541 2540 2535
2541 2535 2534
2594 2593 2588
2594 2588 2587
1782 1781 1767
1782 1767 1766
1797 1796 1793
1797 1793 1792
1896 1895 1878
1896 1878 1877
1901 1900 1874
1901 1874 1873
2010 2009 1999
2010 1999 1998
2046 2045 2040
2046 2040 2039
2060 2059 2056
2060 2056 2055
2072 2071 2067
2072 2067 2070
2094 2093 2098
2094 2098 2097
2096 2095 2092
2096 2092 2091
1901 2467 2468
1901 2468 1902
1782 2473 2474
1782 2474 1783
2493 2492 2737
2493 2737 2509
2493 2512 2500
2493 2500 2481
2514 2513 2510
2514 2510 2490
2688 2687 2690
2688 2690 2689
2700 2699 2694
2700 2694 2693
2699 2072 2070
2699 2070 2694
1906 2273 1909
1830 1829 2030
1830 2030 2738
2738 2030 1838
2738 1838 1837
1844 1843 1835
1844 1835 1881
2036 2038 2739
2740 2741 2742
2740 2742 2743
2744 2745 2746
2744 2746 2747
2747 2746 2748
2747 2748 2749
2749 2748 2750
2749 2750 2751
2751 2750 2752
2751 2752 2753
2741 2740 2753
2741 2753 2752
2754 2755 2756
2754 2756 2757
2758 2759 2755
2758 2755 2754
2760 2761 2762
2760 2762 2763
2763 2762 2764
2763 2764 2765
2758 2766 2767
2758 2767 2759
2757 2756 2761
2757 2761 2760
1775 2521 1888
1775 1888 1925
1996 1995 2768
1996 2768 2004
1995 1999 2769
1995 2769 2768
1996 2001 2000
1996 2000 1997
2006 2008 2770
2009 2006 2005
2009 2005 2771
1999 2009 2771
1999 2771 2769
2739 2001 2003
1933 1932 2185
2117 1932 2107
1933 2185 1960
2185 2117 2772
2185 1932 2117
2002 2001 2739
2036 2739 2003
2019 2023 2020
2020 2023 2773
2660 2774 2661
2024 2775 2776
2024 2776 2023
2038 2706 2707
2777 2778 2779
2777 2779 2780
2781 2782 2783
2781 2783 2784
2785 2786 2787
2785 2787 2788
1780 1783 2475
2770 2007 2006
2779 2778 2782
2779 2782 2781
2475 2474 2789
1780 1779 1783
2005 2007 2790
2770 2008 2791
2792 2793 2794
2792 2794 1771
2795 2796 2496
2795 2496 2499
2797 2795 2499
2797 2499 2502
2798 2792 1771
2798 1771 1774
2799 2798 1774
2799 1774 1776
2800 2799 1776
2800 1776 2505
2796 2800 2505
2796 2505 2496
2801 2797 2502
2801 2502 2514
2489 2801 2514
2489 2514 2490
2737 2802 2506
2737 2506 2509
2803 2804 2805
1851 2722 1848
2722 2025 1855
2722 1855 1848
1827 1830 1856
1827 1856 1859
2028 1827 1859
2028 1859 1852
2728 2729 1807
2728 1807 2806
1863 1836 2732
1863 2732 1860
1864 1837 1836
1864 1836 1863
2738 1837 1864
2738 1864 1867
1830 2738 1867
1830 1867 1856
2731 2730 1813
2732 2807 1860
1822 2808 2809
2810 2735 1816
2810 1816 1808
1773 1772 1917
1773 1917 2520
2794 1918 1772
2794 1772 1771
1919 1918 2519
1775 1773 2520
1775 2520 2521
2437 2811 1923
2437 1923 1922
2812 2103 2813
2101 2103 2812
2814 2815 2816
2814 2816 2817
2818 2819 2820
2818 2820 2821
2821 2820 2822
2821 2822 2823
2823 2822 2824
2823 2824 2825
2826 2827 2828
2826 2828 2829
2816 2830 2831
2816 2831 2817
2830 2832 2833
2830 2833 2831
2834 2835 2836
2834 2836 2837
2838 2839 2840
2838 2840 2841
2838 2842 2843
2838 2843 2839
2843 2842 2844
2843 2844 2845
2846 2847 2848
2846 2848 2849
2850 2851 2852
2850 2852 2853
2854 2855 2856
2854 2856 2857
2858 2859 2855
2858 2855 2854
2853 2860 2861
2853 2861 2850
2862 2863 2864
2862 2864 2865
2825 2824 2827
2825 2827 2826
2833 2832 2834
2833 2834 2837
2845 2844 2847
2845 2847 2846
2857 2856 2852
2857 2852 2851
2814 2866 2867
2814 2867 2815
2819 2818 2868
2819 2868 2869
2841 2840 2870
2841 2870 2871
2860 2872 2873
2860 2873 2861
2867 2866 2874
2867 2874 2875
2869 2868 2876
2869 2876 2877
2870 2878 2879
2870 2879 2871
2872 2880 2881
2872 2881 2873
2427 2425 2482
2427 2482 2485
2723 2722 1851
1826 2026 2721
2026 2025 2722
2027 2026 1825
2721 2026 2722
2425 1921 2482
2117 2116 2772
2882 2883 2884
2185 2772 2186
2482 1924 2483
2793 2885 2566
2793 2566 2794
2261 2523 2886
2261 2886 2262
2262 2886 2887
2262 2887 2403
2403 2887 2888
2403 2888 2362
2362 2888 2889
2362 2889 2363
2889 2890 2891
2889 2891 2363
2372 2374 2388
2566 1918 2794
2453 2452 2892
2453 2892 2893
2324 2339 2347
2209 2218 2217
2239 2273 1906
2894 2895 2896
2895 2897 2896
2897 2736 2734
2213 2215 2212
2213 2327 2214
2323 2327 2213
2212 2215 2291
2806 1807 1810
2806 1810 2462
2733 1833 1832
2733 1832 1847
1914 1905 1904
1914 1904 1911
1832 2898 1847
2260 2204 2203
2260 2203 2257
2258 2241 2240
2258 2240 2279
2279 2240 1905
2279 1905 1914
2242 2241 2203
2242 2203 2202
2319 2322 2316
2319 2316 2315
2319 2398 2402
2319 2402 2320
2402 2398 2405
2402 2405 2259
2899 2322 2321
1911 1904 1810
1911 1810 1809
1770 2898 1768
2259 2405 2204
2259 2204 2260
2810 2729 1833
2810 1833 2733
1808 1807 2729
1808 2729 2810
1770 2900 2901
1769 1768 2519
1768 1920 1890
1920 1831 1890
1840 1831 1834
1840 1834 1841
1834 2728 2730
1834 2730 1841
2730 2728 2806
2730 2806 1813
1813 2806 2462
1813 2462 1814
1814 2462 1903
1814 1903 1908
2894 2896 1770
1770 2901 2894
1883 1888 2521
1777 1775 1925
1847 2734 2733
1823 2902 1817
2902 2903 1912
2902 1912 1817
1912 2903 2904
1912 2904 1913
1913 2904 2905
1913 2905 2280
2280 2905 2906
2280 2906 2255
2255 2906 2522
2255 2522 2256
2735 1822 1816
1823 1817 1816
2433 2316 2434
2434 2322 2899
2899 2321 2435
2435 2363 2891
2808 2736 2809
2736 2808 2735
2808 1822 2735
2733 2735 2810
1847 2898 2896
1815 1814 1868
2807 1813 1815
1813 2807 2731
2807 2732 2731
1860 2807 1815
1768 2898 1920
1768 1890 2519
2519 1889 1919
1890 1831 1840
1832 1920 2898
2896 2897 1847
1770 2896 2898
1770 1769 2900
1769 2519 2566
2907 2908 2909
2907 2909 2910
2911 2909 2908
2911 2908 2912
2913 2914 2915
2916 2917 2918
2916 2918 2919
2920 2918 2917
2920 2917 2921
2921 2922 2920
2923 2924 2925
2925 2926 2927
2925 2927 2928
2929 2930 2931
2929 2931 2932
2930 2933 2934
2930 2934 2931
2935 2929 2932
2935 2932 2936
2937 2938 2939
2937 2939 2940
2933 2941 2942
2933 2942 2934
2943 2944 2945
2946 2943 2945
2946 2945 2947
2948 2949 2950
2948 2950 2951
2952 2953 2954
2952 2954 2955
2956 2948 2951
2956 2951 2957
2958 2959 2960
2961 2953 2952
2961 2952 2962
2963 2964 2965
2963 2965 2966
2961 2967 2968
2969 2970 2971
2972 2973 2974
2972 2974 2975
2976 2977 2978
2976 2978 2979
2980 2981 2982
2980 2982 2983
2984 2985 2986
2984 2986 2987
2984 2988 2989
2984 2989 2985
2990 2991 2992
2993 2994 2995
2993 2995 2996
2997 2998 2999
2997 2999 3000
3001 3002 3003
3001 3003 3004
3002 2997 3000
3002 3000 3003
3005 3006 3007
3005 3007 3008
3009 3010 3011
3009 3011 3012
3011 3010 3001
3011 3001 3004
3005 3008 3013
3005 3013 2959
3014 3015 3016
3014 3016 3017
3018 3019 3020
3018 3020 3021
3022 3016 3015
3022 3015 3023
3024 3025 2988
3024 2988 3026
3027 3025 3024
3027 3024 3028
3029 3030 3027
3029 3027 3028
3031 3030 3029
3031 3029 3032
3017 3029 3033
3017 3033 3014
3034 2984 2987
3034 2987 3035
2988 2984 3034
2988 3034 3026
3036 3037 3038
3036 3038 3039
3039 3038 3040
3039 3040 3041
3020 3019 3031
3020 3031 3032
3042 3043 3044
3044 3045 3046
3044 3046 3047
3048 3049 3050
3048 3050 3051
3052 3053 3054
3052 3054 3055
3056 3057 3058
3056 3058 3059
2965 3007 3012
2965 3012 2966
2965 2964 3060
2965 3060 3061
3061 3060 3053
3061 3053 3052
2956 2957 2963
2956 2963 2966
3062 3063 3064
3062 3064 2919
2976 2979 3065
3066 3067 3068
3066 3068 3069
2910 3070 2922
2910 2922 2907
3049 3048 3055
3049 3055 3054
3071 3072 3073
3071 3073 3074
3074 3075 3076
3077 3078 3079
3077 3079 3080
3081 3082 3083
3081 3083 3084
3081 3084 3085
3081 3085 3086
3087 3088 3089
3090 3091 3082
3090 3082 3092
3093 3094 3095
3093 3095 3096
3094 3097 3098
3094 3098 3095
3097 3099 3100
3097 3100 3098
3101 3102 3103
3101 3103 3104
3082 3091 3105
3082 3105 3106
3080 3083 3082
3080 3082 3106
3079 3078 3107
3079 3107 3108
3108 3107 3109
3108 3109 3110
3111 3112 3113
3111 3113 3114
3115 3116 3117
3115 3117 3118
3119 3120 3121
3119 3121 3122
3115 3118 3123
3115 3123 3124
3119 3122 3125
3119 3125 3126
3123 3127 3128
3123 3128 3124
3125 3129 3130
3125 3130 3126
3131 3132 3133
3131 3133 3134
3135 3136 3137
3135 3137 3138
3139 3140 3141
3139 3141 3142
3139 3142 3143
3139 3143 3144
3145 3146 3147
3148 3149 3141
3148 3141 3147
3150 3151 3152
3153 3154 3155
3153 3155 3152
3156 3157 3158
3157 3159 3160
3157 3160 3161
3162 3163 3164
3162 3164 3165
3166 3162 3165
3166 3165 3167
3168 3169 3164
3170 3171 3172
3173 2972 2975
3173 2975 3174
2981 3175 3176
3177 3178 3179
3177 3179 3180
3181 3182 3183
3184 3185 3186
3184 3186 3187
3188 3189 3190
3188 3190 3191
3192 3193 3194
3192 3194 3195
3193 3196 3197
3193 3197 3194
3198 3192 3195
3198 3195 3199
3200 3201 3202
3200 3202 3203
3196 3204 3205
3196 3205 3197
3206 3207 3208
3206 3208 3209
3210 3211 3209
3210 3209 3208
3207 3206 3181
3207 3181 3183
3212 3213 3214
3212 3214 3215
3211 3210 3216
3211 3216 3217
3218 3219 3220
3218 3220 3221
3222 3223 3224
3222 3224 3225
3224 3223 3226
3224 3226 3227
3228 3218 3221
3228 3221 3229
3230 3231 3232
3230 3232 3233
3234 3235 3222
3234 3222 3225
3236 3220 3219
3236 3219 3237
3234 3238 3239
3234 3239 3235
3230 3240 3241
3230 3241 3231
3242 3243 3244
3242 3244 3245
3178 3177 3188
3178 3188 3191
3148 3181 3180
3148 3180 3179
3246 3247 3248
3248 3247 3249
3248 3249 3250
3251 3252 3253
3251 3253 3254
3255 3256 3257
3255 3257 3258
3259 3260 3261
3259 3261 3262
3263 3264 3265
3263 3265 3251
3266 3265 3264
3266 3264 3267
3268 3269 3270
3270 3271 3272
3270 3272 3273
3257 3256 3077
3257 3077 3254
3253 3252 3274
3253 3274 3275
3262 3251 3254
3276 3277 3278
3278 3279 3280
3278 3280 3281
3282 3283 3284
3282 3284 3285
3286 3287 3288
3286 3288 3289
3290 3291 3292
3290 3292 3293
3288 3294 3295
3288 3295 3289
3296 3290 3293
3296 3293 3297
3294 3298 3299
3294 3299 3295
3282 3300 3301
3282 3301 3283
3302 3303 3304
3302 3304 3305
3306 3307 3308
3306 3308 3309
3310 3311 3312
3310 3312 3313
3306 3314 3315
3306 3315 3307
3311 3316 3317
3311 3317 3312
3314 3318 3319
3314 3319 3315
3316 3320 3321
3316 3321 3317
3322 3323 3324
3322 3324 3325
3326 3327 3328
3326 3328 3329
3262 3261 3251
3261 3263 3251
3330 3331 3332
3330 3106 3105
3330 3105 3331
3333 3334 3335
3333 3335 3336
3337 3333 3338
3339 3340 3341
3339 3341 3342
3343 3344 3345
3343 3345 3346
3347 3348 3349
3347 3349 3350
3351 3348 3352
3351 3352 3353
3354 3355 3356
3354 3356 3357
3358 3359 3360
3361 3362 3363
3361 3363 3364
3365 3366 3367
3365 3367 3368
3369 3370 3352
3369 3352 3371
3372 3370 3356
3372 3356 3373
3374 3375 3376
3374 3376 3377
3378 3374 3377
3378 3377 3379
3380 3381 3382
3380 3382 3383
3384 3385 3386
3384 3386 3387
3388 3389 3390
3388 3390 3391
3392 3393 3394
3392 3394 3395
3396 3397 3398
3396 3398 3399
3400 3401 3402
3400 3402 3403
3404 3405 3406
3404 3406 3407
3408 3409 3410
3408 3410 3411
3412 3408 3411
3412 3411 3413
3380 3383 3414
3380 3414 3415
3416 3380 3415
3416 3415 3417
3049 3384 3387
3049 3387 3050
3399 3384 3418
3388 3391 3419
3388 3419 3420
3395 3388 3420
3395 3420 3421
3392 3395 3421
3392 3421 3422
3383 3392 3422
3383 3422 3414
3396 3399 3418
3396 3418 3423
3391 3396 3423
3391 3423 3419
3424 3425 3058
3424 3058 3057
3342 3382 3381
3342 3381 3339
3339 3381 3426
3339 3426 3427
3402 3401 3386
3402 3386 3350
3347 3385 3398
3347 3398 3371
3357 3390 3389
3357 3389 3354
3354 3389 3394
3354 3394 3364
3364 3394 3393
3364 3393 3361
3361 3393 3382
3361 3382 3342
3371 3398 3397
3371 3397 3369
3369 3397 3390
3369 3390 3357
3428 3340 3429
3428 3429 3430
3430 3429 3431
3430 3431 3432
3433 3434 3435
3344 3343 3368
3344 3368 3367
3340 3428 3367
3340 3367 3341
3362 3366 3436
3362 3436 3363
3340 3339 3437
3340 3437 3429
3348 3347 3371
3348 3371 3352
3355 3354 3363
3362 3361 3342
3362 3342 3341
3370 3369 3357
3370 3357 3356
3429 3437 3438
3429 3438 3431
3439 3440 3441
3406 3403 3402
3406 3402 3407
3335 3409 3408
3335 3408 3336
3336 3408 3338
3381 3380 3416
3381 3416 3426
3385 3384 3399
3385 3399 3398
3389 3388 3395
3389 3395 3394
3393 3392 3383
3393 3383 3382
3397 3396 3391
3397 3391 3390
3400 3425 3424
3400 3424 3401
3069 3442 3443
3069 3443 3066
3444 3445 3446
3444 3446 3447
3448 3449 3450
3448 3450 3451
3452 3453 3454
3452 3454 3455
3456 3457 3458
3456 3458 3459
3460 3461 3462
3460 3462 3463
3464 3465 3466
3464 3466 3467
3468 3469 3470
3471 3472 3473
3471 3473 3360
3474 3475 3476
3474 3476 3477
3478 3479 3480
3478 3480 3481
3482 3479 3451
3482 3451 3483
3484 3485 3486
3484 3486 3487
3488 3485 3489
3488 3489 3490
3491 3492 3489
3491 3489 3493
3494 3492 3480
3494 3480 3495
3496 3497 3462
3496 3462 3461
3498 3497 3486
3498 3486 3499
3500 3501 3502
3503 3504 3505
3503 3505 3506
3507 3465 3464
3507 3464 3508
3509 3510 3511
3509 3511 3512
3513 3514 3515
3513 3515 3516
3517 3518 3519
3520 3521 3522
3520 3522 3523
3521 3513 3516
3521 3516 3522
3524 3525 3526
3524 3526 3527
3525 3528 3529
3525 3529 3526
3528 3530 3531
3528 3531 3529
3530 3520 3523
3530 3523 3531
3532 3524 3527
3532 3527 3533
3534 3535 3536
3534 3536 3537
3538 3459 3539
3538 3539 3540
3456 3541 3481
3456 3481 3477
3459 3538 3541
3459 3541 3456
3542 3543 3460
3542 3460 3466
3544 3461 3460
3544 3460 3543
3468 3484 3487
3468 3487 3545
3470 3484 3468
3474 3491 3493
3474 3493 3470
3477 3481 3491
3477 3491 3474
3546 3496 3461
3546 3461 3544
3545 3487 3496
3545 3496 3546
3547 3465 3507
3547 3507 3548
3549 3457 3476
3549 3476 3454
3453 3452 3503
3453 3503 3506
3550 3351 3543
3550 3543 3542
3358 3468 3545
3358 3545 3373
3472 3475 3469
3472 3469 3473
3454 3472 3471
3454 3471 3455
3372 3546 3544
3372 3544 3353
3551 3552 3553
3551 3553 3554
3554 3553 3555
3554 3555 3556
3404 3547 3548
3404 3548 3405
3557 3558 3559
3557 3559 3560
3560 3559 3561
3560 3561 3562
3563 3564 3565
3563 3565 3566
3567 3568 3564
3567 3564 3563
3569 3570 3066
3569 3066 3443
3571 3572 3570
3571 3570 3569
3573 3574 3572
3573 3572 3571
3566 3565 3574
3566 3574 3573
3446 3575 3576
3446 3576 3447
3447 3576 3577
3447 3577 3450
3462 3578 3463
3463 3579 3467
3479 3482 3495
3479 3495 3480
3479 3478 3448
3479 3448 3451
3485 3488 3499
3485 3499 3486
3485 3484 3493
3485 3493 3489
3492 3494 3490
3492 3490 3489
3492 3491 3481
3492 3481 3480
3497 3498 3578
3497 3578 3462
3497 3496 3487
3497 3487 3486
3464 3580 3508
3581 3582 3442
3581 3442 3069
2945 3583 3584
2947 2945 3584
2947 3584 3585
2951 2950 3586
2951 3586 3587
3060 2964 3420
3060 3420 3419
2964 2963 3421
2964 3421 3420
3421 2963 2957
3421 2957 3588
2957 2951 3587
2957 3587 3588
3418 3054 3053
3418 3053 3423
3423 3053 3060
3423 3060 3419
3589 3590 3591
3589 3591 3592
3593 3594 3595
3593 3595 3596
3597 3598 3599
3597 3599 3600
3598 3593 3596
3598 3596 3599
3452 3455 3368
3452 3368 3601
3503 3452 3601
3503 3601 3602
3471 3360 3359
3471 3359 3365
3455 3471 3365
3455 3365 3368
3603 3604 3605
3500 3504 3606
3500 3606 3604
3607 3048 3051
3607 3051 2955
3013 3052 3055
3013 3055 2960
2952 3056 3059
2952 3059 2962
2995 3590 3589
2995 3589 2996
2996 3589 3594
2996 3594 2999
3003 3598 3597
3003 3597 3004
3000 3593 3598
3000 3598 3003
3007 2965 3061
3007 3061 3008
3011 2956 2966
3011 2966 3012
3004 3597 2956
3004 2956 3011
3008 3061 3052
3008 3052 3013
3007 3006 3009
3007 3009 3012
3030 3031 3608
3030 3608 3609
3027 3030 3609
3027 3609 2981
3019 3018 3610
3019 3610 3611
3025 3027 2981
3025 2981 2980
3031 3019 3611
3031 3611 3608
3018 3046 3612
3018 3612 3610
3045 3613 3614
2909 2911 3615
2909 3615 3616
2910 2909 3616
2910 3616 3617
2911 2927 3618
2911 3618 3615
2926 3619 3620
3070 2910 3617
3070 3617 3033
3621 3622 3623
3621 3623 3624
3622 3625 3626
3622 3626 3623
3066 3627 3067
3627 3628 3629
3627 3629 3630
3628 3631 3632
3628 3632 3629
3631 3621 3624
3631 3624 3632
3633 3634 3635
3633 3635 3636
3625 3637 3638
3625 3638 3626
3622 3621 3639
3622 3639 3640
3641 3642 3643
3641 3643 3644
3625 3622 3640
3625 3640 3645
3642 3646 3647
3642 3647 3643
3648 3631 3628
3648 3628 3649
2921 3650 2922
3621 3631 3648
3621 3648 3639
3650 3641 3644
3650 3644 2922
3651 3652 3653
3651 3653 3654
3635 3634 3655
3635 3655 3656
3652 3637 3657
3652 3657 3653
3646 3658 3659
3646 3659 3647
3457 3549 3660
3457 3660 3458
3457 3456 3477
3457 3477 3476
3552 3536 3535
3552 3535 3553
3553 3535 3539
3553 3539 3555
3661 2950 2949
3661 2949 3662
2950 3661 3663
2950 3663 3586
3035 3664 3034
3034 3063 3062
3034 3062 3026
3026 3062 3665
3026 3665 3024
3024 3665 3666
3024 3666 3028
3028 3033 3029
3517 3532 3533
3403 3406 3667
3403 3667 3668
3543 3351 3353
3543 3353 3544
3468 3473 3469
3546 3372 3373
3546 3373 3545
3475 3474 3470
3475 3470 3469
3476 3475 3472
3476 3472 3454
3355 3363 3436
3348 3351 3550
3348 3550 3349
3355 3358 3373
3355 3373 3356
3366 3365 3359
3366 3359 3436
3370 3372 3353
3370 3353 3352
3366 3362 3341
3366 3341 3367
3669 3670 3671
3669 3671 3672
3673 3674 3675
3673 3675 3676
3677 3669 3672
3677 3672 3678
3679 3680 3681
3679 3681 3682
3683 3684 3685
3683 3685 3686
3687 3683 3686
3687 3686 3688
3689 3690 3691
3689 3691 3692
3073 3693 3075
3691 3694 3692
3074 3073 3075
3408 3412 3338
3333 3336 3338
3695 3696 3697
3695 3697 3698
3699 3700 3701
3699 3701 3702
3703 3704 3705
3703 3705 3706
3707 3708 3709
3434 3439 3441
3707 3709 3088
3707 3088 3087
3697 3703 3706
3697 3706 3698
3433 3439 3434
3440 3710 3441
3711 3064 3664
3712 3713 3714
3715 3716 3717
3715 3717 3714
3718 3719 3720
3718 3720 3721
3722 3723 3724
3722 3724 3725
3720 3722 3725
3720 3725 3721
3726 3727 3271
3269 3726 3271
3269 3271 3270
3728 3729 3730
3728 3730 3731
3732 3728 3731
3732 3731 3733
3734 3735 3736
3734 3736 3737
3735 3738 3739
3735 3739 3736
3740 3741 3742
3740 3742 3743
3744 3745 3746
3744 3746 3747
3279 3748 3749
3501 3500 3603
3277 3748 3279
3277 3279 3278
3742 3744 3747
3742 3747 3743
3603 3500 3604
3501 3750 3502
3713 3751 3715
3713 3715 3714
3752 3753 3754
3752 3754 3755
3753 3756 3757
3753 3757 3754
3758 3759 3760
3758 3760 3761
3759 3762 3760
3763 3758 3761
3763 3761 3764
3765 3766 3767
3765 3767 3768
3769 3765 3768
3769 3768 3770
3771 3772 3773
3771 3773 3774
3775 3776 3777
3775 3777 3778
3776 3771 3774
3776 3774 3777
3772 3779 3780
3772 3780 3773
3781 3782 3783
3781 3783 3784
3785 3786 3787
3785 3787 3788
2944 3583 2945
3158 3161 3789
3783 3785 3788
3783 3788 3784
3157 3161 3158
3161 3790 3789
2943 3791 2944
3583 3792 3584
3793 3794 3795
3793 3795 3796
3797 3798 3799
3797 3799 3800
3801 3797 3800
3801 3800 3802
3803 3801 3802
3803 3802 3804
3805 3803 3804
3805 3804 3806
3410 3807 3808
3410 3808 3411
3414 3809 3810
3414 3810 3415
3415 3810 3811
3415 3811 3417
3421 3812 3813
3421 3813 3422
3422 3813 3809
3422 3809 3414
3411 3808 3814
3411 3814 3413
3694 3815 3692
3691 3816 3694
3817 3818 3819
3817 3819 3820
3821 3822 3823
3821 3823 3824
3825 3826 3827
3828 3829 3830
3828 3830 3831
3822 3828 3831
3822 3831 3823
3829 3832 3833
3829 3833 3830
3834 3835 3836
3834 3836 3837
3838 3839 3840
3838 3840 3841
3842 3843 3844
3842 3844 3845
3846 3842 3845
3846 3845 3847
3848 3846 3847
3848 3847 3849
3850 3851 3848
3850 3848 3849
3851 3850 3852
3853 3854 3855
3853 3855 3856
3857 3858 3859
3857 3859 3860
3183 3182 3850
3857 3856 3855
3857 3855 3858
3207 3849 3847
3207 3847 3208
3208 3847 3845
3208 3845 3210
3183 3850 3849
3183 3849 3207
3213 3841 3840
3213 3840 3214
3210 3845 3844
3210 3844 3216
3043 3613 3045
3613 3861 3614
3043 3045 3044
2970 3172 2971
2974 3176 3175
3819 3862 3863
3819 3863 3820
3862 3864 3865
3862 3865 3863
3866 3867 3868
3869 3870 3871
3869 3871 3872
2978 2977 3873
2978 3873 3874
2985 3875 3876
2985 3876 2986
2989 3877 3875
2989 3875 2985
3878 3879 2992
2992 3879 3880
2989 2980 2983
2989 2983 3877
2998 2993 2996
2998 2996 2999
2998 2997 3173
2998 3173 3170
3170 3173 3174
3170 3174 3171
3594 3589 3592
3594 3592 3595
3594 3593 3000
3594 3000 2999
3798 3793 3796
3798 3796 3799
2947 3661 3662
2947 3662 2946
3159 3166 3167
3159 3167 3160
3661 2947 3585
3661 3585 3663
3756 3763 3764
3756 3764 3757
3779 3769 3770
3779 3770 3780
3071 3090 3092
3071 3092 3072
3334 3427 3426
3334 3426 3335
3409 3416 3417
3409 3417 3410
3335 3426 3416
3335 3416 3409
3674 3677 3678
3674 3678 3675
3410 3417 3811
3410 3811 3807
3249 3266 3267
3249 3267 3250
3272 3275 3274
3272 3274 3273
3298 3302 3305
3298 3305 3299
3300 3296 3297
3300 3297 3301
3320 3326 3329
3320 3329 3321
3449 3444 3447
3449 3447 3450
3514 3509 3512
3514 3512 3515
3539 3535 3534
3539 3534 3540
3555 3458 3660
3555 3660 3556
3561 3568 3567
3561 3567 3562
3577 3483 3451
3577 3451 3450
3539 3459 3458
3539 3458 3555
3085 3707 3087
3085 3087 3086
3099 3101 3104
3099 3104 3100
3109 3112 3111
3109 3111 3110
3127 3131 3134
3127 3134 3128
3129 3135 3138
3129 3138 3130
3280 3255 3258
3280 3258 3281
3318 3322 3325
3318 3325 3319
3375 3346 3345
3375 3345 3376
3431 3439 3433
3431 3433 3432
3438 3440 3439
3438 3439 3431
3504 3500 3502
3504 3502 3505
3504 3503 3602
3504 3602 3606
3684 3679 3682
3684 3682 3685
3738 3732 3733
3738 3733 3739
2927 2911 2912
2927 2912 2928
2941 2937 2940
2941 2940 2942
3040 3022 3023
3040 3023 3041
3046 3018 3021
3046 3021 3047
3154 3144 3143
3154 3143 3155
3189 3184 3187
3189 3187 3190
3204 3200 3203
3204 3203 3205
3216 3213 3212
3216 3212 3217
3238 3242 3245
3238 3245 3239
3240 3236 3237
3240 3237 3241
3046 3045 3614
3046 3614 3612
2927 2926 3620
2927 3620 3618
3637 3652 3881
3637 3881 3638
3637 3625 3645
3637 3645 3657
3658 3635 3656
3658 3656 3659
3832 3834 3837
3832 3837 3833
3843 3838 3841
3843 3841 3844
3844 3841 3213
3844 3213 3216
3049 3054 3418
3176 2974 2973
3176 2973 3882
2981 3176 3882
2981 3882 2982
2980 2989 2988
2980 2988 3025
3181 3883 3182
3884 3885 3886
3884 3886 3887
3888 3889 3890
3888 3890 3891
3889 3892 3893
3889 3893 3890
3892 3894 3895
3892 3895 3893
3894 3896 3897
3894 3897 3895
3887 3897 3896
3887 3896 3884
3898 3899 3900
3898 3900 3901
3902 3898 3901
3902 3901 3903
3904 3905 3906
3904 3906 3907
3905 3908 3909
3905 3909 3906
3910 3911 3902
3910 3902 3903
3899 3904 3907
3899 3907 3900
2920 3070 3033
2920 3033 3666
3141 3149 3912
3141 3912 3142
3142 3912 3913
3142 3913 3143
3141 3140 3145
3141 3145 3147
3152 3914 3153
3155 3915 3150
3155 3150 3152
3143 3913 3915
3143 3915 3155
3883 3148 3147
3080 3330 3077
3262 3254 3077
3080 3106 3330
3330 3916 3262
3330 3262 3077
3146 3883 3147
3181 3148 3883
3164 3163 3168
3163 3917 3168
3805 3806 3918
3169 3168 3919
3169 3919 3920
3182 3852 3850
3921 3922 3923
3921 3923 3924
3925 3926 3927
3925 3927 3928
3929 3930 3931
3929 3931 3932
2924 3619 2926
3914 3152 3151
3923 3925 3928
3923 3928 3924
3619 3933 3620
2924 2926 2925
3150 3934 3151
3914 3935 3153
3936 2916 3937
3936 3937 3938
3939 3642 3641
3939 3641 3940
3941 3646 3642
3941 3642 3939
3942 2917 2916
3942 2916 3936
3943 2921 2917
3943 2917 3942
3944 3650 2921
3944 2921 3943
3940 3641 3650
3940 3650 3944
3945 3658 3646
3945 3646 3941
3636 3635 3658
3636 3658 3945
3881 3652 3651
3881 3651 3946
3947 3948 3949
2994 2993 3868
3868 2993 2998
3868 2998 3170
2972 3002 3001
2972 3001 2973
3173 2997 3002
3173 3002 2972
3873 3950 2954
3873 2954 3874
3877 2983 3006
3877 3006 3005
2983 2982 3009
2983 3009 3006
3882 3010 3009
3882 3009 2982
2973 3001 3010
2973 3010 3882
3875 2958 3876
3877 3005 3951
2968 3952 3953
3954 2953 2961
3954 2961 3879
2918 3665 3062
2918 3062 2919
2919 3064 3937
2919 3937 2916
3063 3664 3064
2920 3666 3665
2920 3665 2918
3581 3069 3068
3581 3068 3955
3956 3957 3247
3246 3956 3247
3958 3959 3960
3958 3960 3961
3962 3963 3964
3962 3964 3965
3963 3966 3967
3963 3967 3964
3966 3968 3969
3966 3969 3967
3970 3971 3972
3970 3972 3973
3960 3959 3974
3960 3974 3975
3975 3974 3976
3975 3976 3977
3978 3979 3980
3978 3980 3981
3982 3983 3984
3982 3984 3985
3982 3985 3986
3982 3986 3987
3986 3988 3989
3986 3989 3987
3990 3991 3992
3990 3992 3993
3994 3995 3996
3994 3996 3997
3998 3999 4000
3998 4000 4001
4002 3998 4001
4002 4001 4003
3995 3994 4004
3995 4004 4005
4006 4007 4008
4006 4008 4009
3968 3970 3973
3968 3973 3969
3976 3979 3978
3976 3978 3977
3988 3990 3993
3988 3993 3989
3999 3997 3996
3999 3996 4000
3958 3961 4010
3958 4010 4011
4012 3962 3965
4012 3965 4013
4014 3984 3983
4014 3983 4015
4005 4004 4016
4005 4016 4017
4018 4011 4010
4018 4010 4019
4020 4012 4013
4020 4013 4021
4014 4015 4022
4014 4022 4023
4017 4016 4024
4017 4024 4025
3572 3628 3627
3572 3627 3570
3867 2994 3868
2970 3866 3172
3172 3868 3170
3171 2971 3172
3866 3868 3172
3570 3627 3066
3262 3916 3259
4026 4027 4028
3330 3332 3916
3627 3630 3067
3711 4029 3938
3711 3938 3937
4030 3667 3406
4030 3406 3405
4031 4030 3405
4031 3405 3548
4032 4031 3548
4032 3548 3507
4033 4032 3507
4033 3507 3508
4033 3508 4034
4033 4034 4035
3517 3533 3518
3711 3937 3064
3600 4036 4037
3600 4037 3597
3470 3493 3484
3354 3364 3363
3384 3049 3418
4038 4039 4040
4040 4039 2990
2990 2992 3880
3358 3355 3359
3358 3360 3473
3468 3358 3473
3355 3436 3359
2955 2954 3950
2955 3950 3607
2979 2978 3878
2979 3878 2991
3051 3050 3057
3051 3057 3056
2979 2991 4041
3350 3349 3407
3350 3407 3402
3387 3386 3401
3387 3401 3424
3050 3387 3424
3050 3424 3057
3350 3386 3385
3350 3385 3347
3466 3460 3463
3466 3463 3467
3466 3465 3547
3466 3547 3542
3550 3542 3547
3550 3547 3404
4042 3464 3467
2955 3051 3056
2955 3056 2952
2914 2913 4041
3349 3550 3404
3349 3404 3407
2978 3874 3954
2978 3954 3878
3874 2954 2953
3874 2953 3954
2914 4043 4044
2915 3664 2913
2913 3035 3065
3065 3035 2976
2977 2976 2987
2977 2987 2986
2977 2986 3876
2977 3876 3873
3950 3873 3876
3950 3876 2958
3607 3950 2958
3607 2958 2960
3048 3607 2960
3048 2960 3055
4038 2914 4039
2914 4038 4043
3028 3666 3033
2922 3070 2920
2991 3878 2992
2967 2962 4045
4045 2962 3059
4045 3059 4046
4047 4046 3059
4047 3059 3058
4048 4047 3058
4048 3058 3425
4049 4048 3425
4049 3425 3400
3668 4049 3400
3668 3400 3403
3879 2961 2968
2967 2961 2962
3578 3579 3463
3579 4042 3467
4042 3580 3464
3580 4034 3508
3953 3952 3880
3880 3879 3953
3953 3879 2968
3878 3954 3879
2991 4039 4041
2959 3013 2960
3951 2959 2958
2958 3875 3951
3951 3875 3877
3005 2959 3951
2913 3065 4041
2913 3664 3035
3664 3063 3034
3035 2987 2976
2979 4041 3065
4050 2991 2990
2914 4041 4039
2914 4044 2915
2915 3711 3664
