byte offset: 0
first index: 0
index count: 19794
topology: trianglelist
format: DXGI_FORMAT_R16_UINT

0 1 2
3 4 5
3 5 6
7 3 6
7 6 8
9 7 8
9 8 10
11 9 10
11 10 12
11 12 13
11 13 14
15 16 5
15 5 4
17 18 19
17 19 20
21 22 23
21 23 24
24 23 25
24 25 26
26 25 27
26 27 28
28 27 29
28 29 30
31 30 29
31 29 32
21 19 18
21 18 22
33 34 35
33 35 36
37 38 39
37 39 40
41 42 43
41 43 44
38 45 46
38 46 39
47 48 49
50 51 52
50 52 53
54 44 55
56 57 58
59 60 61
59 61 62
62 61 63
62 63 64
64 63 65
64 65 66
66 65 67
66 67 68
69 70 71
43 55 44
72 73 55
72 55 43
48 47 74
49 48 73
49 73 72
75 76 77
75 77 78
79 80 81
79 81 82
83 84 85
83 85 86
87 88 89
90 91 92
93 94 95
96 97 98
87 89 94
99 87 93
99 93 100
100 101 99
102 103 83
102 83 86
104 105 103
104 103 102
106 107 108
109 110 111
109 111 112
112 111 113
112 113 114
114 113 115
114 115 116
116 115 117
116 117 118
119 118 117
119 117 120
109 121 122
109 122 110
123 124 125
123 125 126
127 128 129
127 129 130
131 127 130
131 130 132
133 131 132
133 132 134
135 133 134
135 134 136
135 136 137
135 137 138
126 125 129
126 129 128
139 140 141
139 141 142
143 144 145
143 145 146
147 148 149
147 149 150
151 143 146
151 146 152
151 152 153
151 153 154
155 156 50
155 50 53
157 158 159
157 159 160
161 147 55
161 55 73
162 161 73
162 73 48
163 164 165
163 165 166
167 168 164
167 164 163
169 170 171
169 171 172
173 174 175
90 176 177
90 177 178
95 179 93
180 181 182
180 182 183
173 184 185
173 185 174
174 185 186
174 186 187
187 186 188
101 188 189
190 177 176
190 176 191
174 93 179
187 100 93
187 93 174
192 101 189
187 101 100
184 173 181
193 194 195
193 195 196
197 198 199
197 199 200
201 202 203
201 203 204
205 206 88
205 88 87
207 205 87
207 87 99
207 99 208
208 101 209
101 192 209
88 206 202
210 211 212
210 212 213
214 215 216
214 216 217
218 216 215
218 215 70
219 220 75
219 75 78
221 222 223
221 223 224
225 226 16
225 16 15
227 122 121
227 121 228
198 229 230
198 230 231
165 139 142
165 142 166
214 232 233
234 51 50
234 50 235
97 236 237
238 239 240
238 240 241
204 203 238
242 0 243
242 243 244
106 108 245
180 183 246
180 246 247
248 249 250
248 250 251
50 156 252
50 252 235
253 254 255
253 255 256
257 258 61
257 61 60
258 259 63
258 63 61
63 259 260
63 260 65
65 260 261
65 261 67
261 262 263
261 263 67
264 257 60
264 60 265
266 267 181
266 181 268
269 270 185
269 185 184
270 271 186
270 186 185
271 272 188
271 188 186
188 272 273
188 273 189
273 274 192
273 192 189
267 269 184
267 184 181
275 276 277
275 277 278
202 279 280
205 281 282
205 282 206
207 283 281
207 281 205
208 284 283
208 283 207
285 284 208
285 208 209
192 274 285
192 285 209
206 282 279
206 279 202
144 286 287
144 287 212
143 288 286
143 286 144
151 289 288
151 288 143
290 289 151
290 151 154
263 262 290
263 290 154
212 287 291
212 291 213
292 264 293
213 291 294
213 294 295
296 297 298
296 298 299
300 301 302
300 302 303
304 305 306
307 308 309
310 311 307
310 307 309
312 313 311
312 311 310
314 315 313
314 313 312
316 317 315
316 315 314
318 319 317
318 317 316
318 304 306
318 306 319
320 321 322
323 320 322
323 322 324
325 323 324
325 324 326
327 325 326
327 326 328
329 330 327
329 327 328
331 332 330
331 330 329
332 331 333
153 263 154
74 162 48
148 230 229
211 145 144
211 144 212
229 149 148
334 335 213
42 41 336
42 336 337
263 68 67
54 55 150
147 150 55
338 46 45
338 45 339
340 74 47
341 342 343
341 343 344
344 343 345
344 345 346
345 347 348
345 348 346
347 349 350
347 350 348
349 351 352
349 352 350
351 353 354
351 354 352
339 355 356
339 356 338
354 353 357
354 357 358
359 277 276
40 360 361
40 361 37
361 360 224
361 224 223
56 337 336
56 336 362
60 59 363
60 363 265
363 364 265
365 222 221
358 357 359
358 359 276
213 335 210
198 231 199
80 79 168
80 168 167
77 76 82
77 82 81
175 182 173
201 89 88
174 179 175
87 94 93
187 188 101
208 99 101
181 173 182
88 202 201
193 196 105
193 105 104
366 367 195
366 195 194
172 171 367
172 367 366
368 369 156
368 156 155
156 369 370
156 370 252
371 372 373
371 373 374
375 190 191
375 191 376
375 376 377
375 377 378
157 160 372
157 372 371
379 370 369
379 369 380
369 368 381
369 381 380
90 92 382
90 382 383
90 178 91
214 217 232
214 233 374
214 374 373
384 385 386
387 384 386
218 70 69
96 98 383
96 383 382
387 386 51
387 51 234
51 386 385
51 385 52
69 71 388
97 237 98
389 390 201
389 201 204
390 89 201
390 391 89
391 94 89
391 392 94
94 392 393
94 393 95
393 394 179
393 179 95
394 395 179
395 175 179
395 396 175
396 182 175
182 396 397
182 397 183
183 397 398
183 398 246
399 400 197
399 197 401
402 403 229
402 229 198
403 149 229
403 404 149
404 405 150
405 54 150
405 406 54
406 407 54
407 44 54
407 408 44
408 409 41
409 336 41
336 409 410
336 410 362
362 410 411
362 411 412
85 84 413
85 413 414
204 238 241
204 241 389
415 416 417
415 417 418
253 296 299
253 299 254
33 414 413
33 413 34
149 404 150
408 41 44
36 35 220
36 220 219
58 57 415
58 415 418
412 411 240
412 240 239
298 297 419
420 244 243
242 1 0
293 421 292
256 255 365
256 365 221
2 1 422
293 265 364
293 264 265
1 242 423
1 423 226
242 17 20
242 20 423
420 424 244
202 280 203
280 279 425
426 427 425
427 280 425
1 226 225
419 297 428
417 203 429
416 203 417
248 141 140
248 140 249
401 197 200
401 200 430
401 430 247
401 247 246
251 250 170
251 170 169
275 278 301
275 301 300
303 302 431
303 431 432
246 398 399
246 399 401
198 197 400
198 400 402
227 108 107
245 108 433
159 158 434
378 377 435
203 416 238
416 415 239
416 239 238
415 57 412
415 412 239
412 57 56
412 56 362
436 180 247
436 247 437
437 247 430
437 430 438
430 200 439
430 439 438
200 199 440
200 440 439
199 231 440
107 441 227
213 295 334
442 227 228
432 431 443
432 443 444
268 181 180
124 123 108
124 108 442
108 227 442
268 445 266
433 108 446
237 236 447
388 71 448
449 450 451
449 451 452
453 454 455
453 455 456
449 452 454
449 454 453
457 458 459
457 459 460
459 461 462
459 462 460
463 462 461
463 461 464
465 466 467
468 469 458
461 459 469
461 469 470
470 471 464
470 464 461
472 467 464
460 453 456
460 456 457
449 453 460
449 460 462
450 449 462
450 462 463
473 458 457
468 458 473
474 475 476
477 478 479
477 479 480
481 482 483
481 483 484
485 486 478
483 482 480
483 480 479
487 488 489
487 489 490
490 491 492
490 492 487
491 493 476
491 476 492
494 486 485
495 488 496
487 492 497
487 497 496
476 475 497
476 497 492
490 489 484
490 484 483
483 479 491
483 491 490
479 478 493
479 493 491
489 488 498
495 499 498
500 501 502
503 504 505
503 505 506
507 456 455
507 455 508
509 510 511
504 503 507
504 507 508
512 513 514
512 514 457
513 512 515
513 515 516
516 515 517
516 517 502
514 513 518
519 518 513
519 513 516
501 519 516
501 516 502
457 456 507
457 507 512
503 515 512
503 512 507
506 517 515
506 515 503
473 457 514
520 521 473
522 523 524
522 524 525
484 526 527
484 527 481
526 522 525
526 525 527
489 528 529
489 529 530
531 530 529
531 529 532
533 531 532
533 532 534
535 524 523
528 536 537
538 532 529
538 529 537
534 532 538
534 538 539
540 541 542
530 526 484
530 484 489
530 531 522
530 522 526
531 533 523
531 523 522
489 498 528
536 528 498
543 544 545
546 544 543
546 543 547
548 549 550
548 550 551
551 550 552
551 552 553
551 553 554
554 553 555
554 555 556
556 555 557
556 557 558
559 558 557
559 557 560
561 559 560
561 560 562
544 561 562
544 562 545
563 564 565
563 565 566
567 568 569
567 569 570
570 569 571
570 571 572
572 571 573
572 573 574
574 573 575
574 575 576
577 576 575
577 575 578
579 577 578
579 578 580
564 579 580
564 580 565
581 582 583
581 583 584
585 586 587
585 587 588
588 587 589
588 589 590
590 589 591
590 591 592
593 592 591
593 591 594
595 593 594
595 594 596
582 595 596
582 596 583
566 565 544
566 544 546
568 548 551
568 551 569
569 551 554
569 554 571
571 554 556
571 556 573
573 556 558
573 558 575
578 575 558
578 558 559
580 578 559
580 559 561
565 580 561
565 561 544
584 583 564
584 564 563
586 567 570
586 570 587
587 570 572
587 572 589
589 572 574
589 574 591
591 574 576
594 591 576
596 594 577
596 577 579
583 596 579
583 579 564
597 582 581
597 585 588
597 588 590
597 590 592
597 592 593
597 593 595
597 595 582
598 599 600
600 599 601
601 599 602
602 599 603
603 599 604
604 599 605
605 599 606
606 599 607
607 599 608
608 599 598
467 472 465
466 451 450
474 486 494
472 464 471
474 476 486
485 478 477
466 450 467
468 473 521
495 498 488
520 473 514
536 498 499
500 502 511
509 506 505
535 523 542
540 534 539
509 511 506
540 542 534
500 511 510
535 542 541
514 518 520
528 537 529
458 469 459
496 488 487
594 576 577
464 467 463
467 450 463
478 486 493
486 476 493
542 523 533
534 542 533
511 502 517
506 511 517
609 610 611
609 611 612
613 614 610
613 610 609
615 616 617
615 617 618
619 617 616
619 616 620
621 622 623
621 623 624
625 626 627
625 627 628
629 630 631
632 633 634
632 634 635
636 622 621
636 621 637
632 631 638
632 638 633
639 640 641
642 643 641
642 641 644
643 642 645
643 645 646
647 648 649
647 649 650
651 652 653
651 653 654
655 656 657
655 657 658
659 660 661
659 661 662
657 656 663
657 663 664
665 666 667
665 667 668
669 665 670
671 669 670
671 670 672
673 667 666
673 666 674
675 676 677
675 677 678
679 680 681
679 681 682
683 684 685
683 685 686
687 688 689
687 689 690
691 692 693
691 693 694
695 690 689
695 689 696
697 698 640
697 640 639
699 660 692
699 692 700
701 702 703
702 692 660
702 660 704
633 638 705
704 660 659
631 632 706
692 702 693
612 611 707
700 615 618
700 618 699
634 625 628
634 628 635
647 650 653
647 653 652
681 678 677
681 677 682
613 619 620
613 620 614
626 636 637
626 637 627
646 645 649
646 649 648
675 673 674
675 674 676
641 640 644
670 665 668
708 709 710
711 712 713
711 713 714
715 716 712
715 712 711
717 718 716
717 716 715
719 720 718
719 718 717
719 721 722
719 722 720
723 714 713
723 713 724
725 726 727
725 727 728
729 730 731
729 731 732
730 733 734
730 734 731
733 735 736
733 736 734
735 737 738
735 738 736
739 740 738
739 738 737
729 732 728
729 728 727
741 742 743
741 743 744
745 746 747
745 747 748
749 750 751
749 751 752
748 747 753
748 753 754
755 756 757
758 759 760
758 760 761
762 763 752
764 765 766
767 768 769
767 769 770
768 771 772
768 772 769
771 773 774
771 774 772
773 775 776
773 776 774
777 778 779
749 752 763
780 749 763
780 763 781
757 782 755
756 780 781
756 781 757
783 784 785
783 785 786
787 788 789
787 789 790
791 792 793
791 793 794
795 796 797
798 799 800
801 802 803
804 805 806
795 803 796
807 808 801
807 801 795
808 807 809
791 810 811
791 811 792
812 811 810
812 810 813
814 815 816
817 818 819
817 819 820
818 821 822
818 822 819
821 823 824
821 824 822
823 825 826
823 826 824
827 828 826
827 826 825
817 820 829
817 829 830
831 832 833
831 833 834
835 836 837
835 837 838
839 840 836
839 836 835
841 842 840
841 840 839
843 844 842
843 842 841
843 845 846
843 846 844
832 838 837
832 837 833
847 848 849
847 849 850
851 852 853
851 853 854
855 856 857
855 857 858
854 853 859
854 859 860
861 860 859
861 859 862
863 759 758
863 758 864
865 866 867
865 867 868
869 781 763
869 763 857
870 757 781
870 781 869
871 872 873
871 873 874
875 873 872
875 872 876
877 878 879
877 879 880
881 882 883
798 884 885
798 885 886
802 801 887
888 889 890
888 890 891
881 883 892
881 892 893
883 894 895
883 895 892
894 896 895
809 897 896
898 899 886
898 886 885
883 887 801
894 883 801
894 801 808
900 897 809
894 808 809
893 889 881
901 902 903
901 903 904
905 906 907
905 907 908
909 910 911
909 911 912
797 913 914
797 914 795
795 914 915
795 915 807
915 916 807
916 917 809
809 917 900
797 912 913
918 919 920
918 920 921
922 923 924
922 924 925
926 779 925
926 925 924
783 927 928
783 928 784
929 930 931
929 931 932
933 723 724
933 724 934
935 936 830
935 830 829
937 938 906
937 906 939
871 874 848
871 848 847
922 940 941
942 943 758
942 758 761
806 944 945
946 947 948
946 948 949
910 948 911
950 708 951
950 951 952
814 953 815
890 954 955
890 955 891
956 957 958
956 958 959
758 943 960
758 960 864
961 962 963
961 963 964
965 770 769
965 769 966
966 769 772
966 772 967
772 774 968
772 968 967
774 776 969
774 969 968
969 776 970
969 970 971
972 973 770
972 770 965
974 975 889
974 889 976
977 893 892
977 892 978
978 892 895
978 895 979
979 895 896
979 896 980
896 897 981
896 981 980
981 897 900
981 900 982
976 889 893
976 893 977
983 984 985
983 985 986
912 987 988
914 913 989
914 989 990
915 914 990
915 990 991
916 915 991
916 991 992
993 917 916
993 916 992
900 917 993
900 993 982
913 912 988
913 988 989
852 920 994
852 994 995
853 852 995
853 995 996
859 853 996
859 996 997
998 862 859
998 859 997
970 862 998
970 998 971
920 919 999
920 999 994
1000 1001 972
919 1002 1003
919 1003 999
1004 1005 1006
1004 1006 1007
1008 1009 1010
1008 1010 1011
1012 1013 1014
1015 1016 1017
1018 1016 1015
1018 1015 1019
1020 1018 1019
1020 1019 1021
1022 1020 1021
1022 1021 1023
1024 1022 1023
1024 1023 1025
1026 1024 1025
1026 1025 1027
1026 1027 1013
1026 1013 1012
1028 1029 1030
1031 1032 1029
1031 1029 1028
1033 1034 1032
1033 1032 1031
1035 1036 1034
1035 1034 1033
1037 1036 1035
1037 1035 1038
1039 1037 1038
1039 1038 1040
1040 1041 1039
861 862 970
782 757 870
856 938 937
921 920 852
921 852 851
938 856 855
1042 919 1043
1044 751 750
1044 750 1045
970 776 775
762 858 763
857 763 858
1046 1047 754
1046 754 753
1048 755 782
1049 1050 1051
1049 1051 1052
1053 1049 1052
1053 1052 1054
1053 1054 1055
1053 1055 1056
1056 1055 1057
1056 1057 1058
1058 1057 1059
1058 1059 1060
1060 1059 1061
1060 1061 1062
1047 1046 1063
1047 1063 1064
1065 1062 1061
1065 1061 1066
1067 984 983
746 745 1068
746 1068 1069
932 1069 1068
932 1068 929
764 1070 1044
764 1044 1045
1071 767 770
1071 770 973
1071 973 1072
1073 931 930
1066 984 1067
1066 1067 1065
919 918 1043
906 905 939
876 789 788
876 788 875
790 786 785
790 785 787
882 881 888
909 797 796
883 882 887
795 801 803
894 809 896
916 809 807
889 888 881
797 909 912
813 902 901
813 901 812
903 1074 1075
903 1075 904
1074 877 880
1074 880 1075
1076 863 864
1076 864 1077
1078 1077 864
1078 864 960
1079 1080 1081
1079 1081 1082
899 898 1083
899 1083 1084
1083 1085 1086
1083 1086 1084
865 1079 1082
865 1082 866
1077 1078 1087
1077 1087 1088
1077 1088 1089
1077 1089 1076
798 1090 1091
798 1091 799
798 800 884
922 941 923
922 1081 1080
922 1080 940
1092 1093 1094
1095 1093 1092
926 777 779
804 1091 1090
804 1090 805
1095 942 761
1095 761 1093
1094 1093 761
1094 761 760
777 1096 778
806 805 944
1097 910 909
1097 909 1098
1098 909 796
1098 796 1099
1099 796 803
1099 803 1100
1101 1100 803
1101 803 802
1101 802 887
1101 887 1102
1102 887 1103
1103 887 882
1103 882 1104
1104 882 888
1105 1104 888
1105 888 891
1106 1105 891
1106 891 955
1107 1108 907
1107 907 1109
1110 906 938
1110 938 1111
1111 938 855
1111 855 1112
1112 858 1113
1113 858 762
1113 762 1114
1114 762 1115
1115 762 752
1115 752 1116
1116 751 1117
1117 751 1044
1118 1117 1044
1118 1044 1070
1119 1118 1070
1119 1070 1120
1121 794 793
1121 793 1122
949 948 910
949 910 1097
1123 1124 1125
1123 1125 1126
1007 1006 963
1007 963 962
1121 1122 743
1121 743 742
855 858 1112
1116 752 751
744 928 927
744 927 741
765 1124 1123
765 1123 766
1120 947 946
1120 946 1119
1004 1127 1005
1128 950 952
951 708 710
1001 1000 1129
1073 961 964
1073 964 931
709 1130 710
1001 1072 973
1001 973 972
710 934 1131
710 1131 951
951 1131 726
951 726 725
1128 952 1132
912 911 987
987 1133 988
1134 1133 1135
1135 1133 987
710 933 934
1127 1136 1005
1125 1137 911
1126 1125 911
850 849 958
850 958 957
908 907 1108
908 1108 1138
954 1138 1108
954 1108 955
959 879 878
959 878 956
985 1010 1009
985 1009 986
1011 1139 1140
1011 1140 1008
955 1108 1107
955 1107 1106
1109 907 906
1109 906 1110
935 816 815
953 1141 815
867 1142 868
1085 1143 1086
911 948 1126
1126 948 947
1126 947 1123
1123 947 1120
1123 1120 766
764 766 1120
764 1120 1070
954 890 1144
954 1144 1145
1138 954 1145
1138 1145 1146
1138 1146 1147
1138 1147 908
908 1147 1148
908 1148 905
905 1148 939
816 935 1149
919 1042 1002
1150 936 935
1151 1140 1139
1151 1139 1152
975 890 889
815 831 834
815 834 1150
815 1150 935
975 974 1153
1141 1154 815
944 1155 945
1096 1156 778
1157 1158 1159
1157 1159 1160
1161 1162 1163
1161 1163 1164
1157 1161 1164
1157 1164 1158
1165 1166 1167
1165 1167 1168
1167 1166 1169
1167 1169 1170
1171 1172 1170
1171 1170 1169
1173 1174 1175
1176 1168 1177
1170 1178 1177
1170 1177 1167
1178 1170 1172
1178 1172 1179
1180 1172 1174
1166 1165 1162
1166 1162 1161
1157 1169 1166
1157 1166 1161
1160 1171 1169
1160 1169 1157
1181 1165 1168
1176 1181 1168
1182 1183 1184
1185 1186 1187
1185 1187 1188
1189 1190 1191
1189 1191 1192
1193 1188 1194
1191 1187 1186
1191 1186 1192
1195 1196 1197
1195 1197 1198
1196 1195 1199
1196 1199 1200
1200 1199 1183
1200 1183 1201
1202 1193 1194
1203 1204 1198
1195 1204 1205
1195 1205 1199
1183 1199 1205
1183 1205 1184
1196 1191 1190
1196 1190 1197
1191 1196 1200
1191 1200 1187
1187 1200 1201
1187 1201 1188
1197 1206 1198
1203 1206 1207
1208 1209 1210
1211 1212 1213
1211 1213 1214
1215 1216 1163
1215 1163 1162
1217 1218 1219
1214 1216 1215
1214 1215 1211
1220 1165 1221
1220 1221 1222
1222 1223 1224
1222 1224 1220
1223 1209 1225
1223 1225 1224
1221 1226 1222
1227 1223 1222
1227 1222 1226
1210 1209 1223
1210 1223 1227
1165 1220 1215
1165 1215 1162
1211 1215 1220
1211 1220 1224
1212 1211 1224
1212 1224 1225
1181 1221 1165
1228 1181 1229
1230 1231 1232
1230 1232 1233
1190 1189 1234
1190 1234 1235
1235 1234 1231
1235 1231 1230
1197 1236 1237
1197 1237 1238
1239 1240 1237
1239 1237 1236
1241 1242 1240
1241 1240 1239
1243 1233 1232
1238 1244 1245
1246 1244 1237
1246 1237 1240
1242 1247 1246
1242 1246 1240
1248 1249 1250
1236 1197 1190
1236 1190 1235
1236 1235 1230
1236 1230 1239
1239 1230 1233
1239 1233 1241
1197 1238 1206
1245 1206 1238
1251 1252 1253
1254 1255 1251
1254 1251 1253
1256 1257 1258
1256 1258 1259
1257 1260 1258
1257 1261 1262
1257 1262 1260
1261 1263 1264
1261 1264 1262
1263 1265 1266
1263 1266 1264
1267 1268 1266
1267 1266 1265
1269 1270 1268
1269 1268 1267
1253 1252 1270
1253 1270 1269
1271 1272 1273
1271 1273 1274
1275 1276 1277
1275 1277 1278
1276 1279 1280
1276 1280 1277
1279 1281 1282
1279 1282 1280
1281 1283 1284
1281 1284 1282
1285 1286 1284
1285 1284 1283
1287 1288 1286
1287 1286 1285
1274 1273 1288
1274 1288 1287
1289 1290 1291
1289 1291 1292
1293 1294 1295
1293 1295 1296
1294 1297 1298
1294 1298 1295
1297 1299 1300
1297 1300 1298
1301 1302 1300
1301 1300 1299
1303 1304 1302
1303 1302 1301
1292 1291 1304
1292 1304 1303
1272 1254 1253
1272 1253 1273
1278 1277 1257
1278 1257 1256
1277 1280 1261
1277 1261 1257
1280 1282 1263
1280 1263 1261
1282 1284 1265
1282 1265 1263
1286 1267 1265
1286 1265 1284
1288 1269 1267
1288 1267 1286
1273 1253 1269
1273 1269 1288
1290 1271 1274
1290 1274 1291
1296 1295 1276
1296 1276 1275
1295 1298 1279
1295 1279 1276
1298 1300 1281
1298 1281 1279
1300 1283 1281
1302 1283 1300
1304 1287 1285
1304 1285 1302
1291 1274 1287
1291 1287 1304
1305 1289 1292
1305 1294 1293
1305 1297 1294
1305 1299 1297
1305 1301 1299
1305 1303 1301
1305 1292 1303
1306 1307 1308
1307 1309 1308
1309 1310 1308
1310 1311 1308
1311 1312 1308
1312 1313 1308
1313 1314 1308
1314 1315 1308
1315 1316 1308
1316 1306 1308
1174 1173 1180
1175 1160 1159
1182 1202 1194
1180 1179 1172
1182 1194 1183
1193 1185 1188
1175 1174 1160
1176 1229 1181
1203 1198 1206
1228 1221 1181
1245 1207 1206
1208 1218 1209
1217 1213 1212
1243 1249 1233
1248 1247 1242
1217 1212 1218
1248 1242 1249
1208 1219 1218
1243 1250 1249
1221 1228 1226
1238 1237 1244
1168 1167 1177
1204 1195 1198
1302 1285 1283
1172 1171 1174
1174 1171 1160
1188 1201 1194
1194 1201 1183
1249 1241 1233
1242 1241 1249
1218 1225 1209
1212 1225 1218
1317 1318 1319
1317 1319 1320
1321 1317 1320
1321 1320 1322
1323 1324 1325
1323 1325 1326
1324 1323 1327
1324 1327 1328
1329 1330 1331
1329 1331 1332
1333 1334 1335
1333 1335 1336
1337 1338 1339
1340 1341 1342
1340 1342 1343
1329 1332 1344
1329 1344 1345
1346 1338 1340
1346 1340 1343
1347 1348 1349
1348 1350 1351
1348 1351 1352
1350 1353 1354
1350 1354 1351
1355 1356 1357
1355 1357 1358
1359 1360 1361
1359 1361 1362
1363 1364 1365
1363 1365 1366
1367 1368 1369
1367 1369 1370
1371 1364 1363
1371 1363 1372
1373 1374 1375
1373 1375 1376
1377 1378 1375
1378 1377 1379
1378 1379 1380
1374 1373 1381
1374 1381 1382
1383 1384 1385
1383 1385 1386
1387 1388 1389
1387 1389 1390
1391 1392 1393
1391 1393 1394
1395 1396 1397
1395 1397 1398
1399 1400 1401
1399 1401 1402
1403 1404 1397
1403 1397 1396
1405 1347 1349
1405 1349 1406
1400 1368 1407
1400 1407 1408
1409 1410 1411
1368 1400 1411
1368 1411 1412
1343 1413 1346
1412 1369 1368
1338 1414 1340
1400 1399 1411
1318 1415 1319
1326 1325 1408
1326 1408 1407
1336 1335 1342
1336 1342 1341
1357 1360 1359
1357 1359 1358
1385 1384 1389
1385 1389 1388
1328 1327 1321
1328 1321 1322
1345 1344 1334
1345 1334 1333
1353 1356 1355
1353 1355 1354
1382 1381 1383
1382 1383 1386
1348 1352 1349
1378 1376 1375
1416 1417 1418
1416 1418 1419
1420 1421 1422
1420 1422 1423
1424 1425 1417
1423 1426 1427
1422 1421 1428
1429 1417 1430
1424 1417 1429
1431 1432 1433
1431 1433 1434
1435 1436 1437
1435 1437 1438
1439 1440 1441
1439 1441 1442
1443 1444 1445
1443 1445 1446
1446 1445 1447
1446 1447 1448
1449 1450 1451
1449 1451 1452
1453 1454 1455
1453 1455 1456
1452 1451 1440
1452 1440 1439
1456 1455 1450
1456 1450 1449
1457 1458 1459
1457 1459 1460
1461 1462 1463
1461 1463 1464
1465 1466 1432
1465 1432 1431
1467 1468 1469
1467 1469 1470
1470 1469 1466
1470 1466 1465
1471 1472 1473
1471 1473 1474
1474 1473 1475
1476 1477 1458
1476 1458 1457
1478 1479 1480
1478 1480 1481
1482 1416 1483
1481 1484 1485
1478 1486 1479
1487 1488 1416
1482 1487 1416
1489 1490 1491
1489 1491 1492
1493 1494 1495
1493 1495 1496
1497 1498 1499
1497 1499 1500
1501 1502 1503
1501 1503 1504
1502 1505 1506
1502 1506 1503
1507 1508 1509
1507 1509 1510
1511 1512 1513
1511 1513 1514
1508 1497 1500
1508 1500 1509
1512 1507 1510
1512 1510 1513
1515 1516 1517
1515 1517 1518
1519 1520 1521
1519 1521 1522
1523 1489 1492
1523 1492 1524
1525 1526 1527
1525 1527 1528
1526 1523 1524
1526 1524 1527
1529 1530 1531
1529 1531 1532
1530 1533 1534
1535 1515 1518
1535 1518 1536
1537 1538 1539
1537 1540 1541
1537 1541 1538
1540 1484 1427
1540 1427 1541
1481 1419 1418
1481 1418 1423
1484 1481 1423
1484 1423 1427
1430 1417 1416
1430 1416 1488
1542 1543 1544
1542 1430 1488
1542 1488 1543
1481 1480 1419
1420 1423 1418
1545 1546 1547
1547 1546 1548
1547 1548 1549
1550 1549 1548
1550 1548 1551
1552 1551 1553
1550 1554 1555
1550 1551 1552
1550 1552 1554
1556 1557 1552
1556 1552 1558
1554 1559 1560
1554 1560 1561
1561 1560 1562
1556 1558 1563
1564 1552 1557
1554 1565 1559
1565 1554 1552
1565 1552 1564
1566 1565 1564
1566 1564 1567
1568 1566 1567
1568 1567 1569
1566 1568 1570
1569 1567 1571
1572 1567 1573
1574 1567 1572
1571 1567 1574
1566 1570 1575
1566 1576 1577
1566 1575 1576
1568 1569 1578
1530 1534 1531
1474 1475 1579
1580 1581 1582
1580 1582 1583
1584 1585 1586
1584 1586 1587
1588 1589 1590
1588 1590 1591
1589 1592 1593
1589 1593 1590
1594 1595 1596
1594 1596 1597
1598 1599 1597
1598 1597 1596
1599 1600 1601
1599 1601 1602
1603 1604 1605
1603 1605 1606
1607 1608 1609
1607 1609 1610
1611 1612 1613
1611 1613 1614
1615 1616 1617
1615 1617 1618
1618 1617 1610
1618 1610 1609
1619 1620 1621
1619 1621 1622
1623 1624 1606
1625 1626 1627
1624 1628 1603
1624 1603 1606
1629 1630 1623
1593 1592 1595
1593 1595 1594
1587 1586 1588
1587 1588 1591
1600 1631 1604
1600 1604 1603
1601 1600 1603
1601 1603 1628
1616 1615 1611
1616 1611 1614
1632 1582 1584
1584 1587 1633
1584 1633 1632
1633 1587 1591
1633 1591 1634
1634 1591 1590
1634 1590 1635
1593 1636 1635
1593 1635 1590
1593 1594 1637
1593 1637 1636
1638 1637 1594
1638 1594 1597
1597 1599 1602
1597 1602 1638
1631 1600 1599
1631 1599 1598
1639 1640 1641
1639 1641 1642
1641 1640 1643
1641 1643 1644
1645 1646 1647
1645 1647 1648
1649 1650 1645
1649 1645 1648
1651 1652 1653
1651 1653 1654
1654 1653 1655
1654 1655 1656
1657 1658 1659
1657 1659 1660
1661 1662 1663
1661 1663 1664
1665 1666 1667
1665 1667 1668
1669 1670 1671
1669 1671 1672
1673 1674 1675
1673 1675 1676
1677 1678 1679
1677 1679 1680
1681 1682 1683
1681 1683 1684
1685 1686 1687
1685 1687 1688
1683 1682 1668
1683 1668 1667
1685 1671 1670
1685 1670 1686
1689 1690 1675
1689 1675 1674
1691 1692 1693
1691 1693 1694
1692 1695 1696
1692 1696 1693
1697 1698 1699
1697 1699 1700
1701 1702 1703
1701 1703 1704
1701 1705 1706
1701 1706 1702
1700 1699 1707
1700 1707 1708
1709 1698 1697
1709 1697 1710
1669 1672 1711
1669 1711 1712
1649 1652 1651
1649 1651 1650
1643 1647 1646
1643 1646 1644
1662 1713 1714
1662 1714 1663
1657 1708 1707
1657 1707 1658
1684 1715 1716
1684 1716 1681
1688 1687 1678
1688 1678 1677
1717 1718 1719
1717 1719 1720
1721 1722 1723
1721 1723 1724
1725 1726 1723
1725 1723 1722
1726 1725 1727
1726 1727 1728
1727 1729 1730
1727 1730 1728
1731 1732 1730
1731 1730 1729
1733 1734 1732
1733 1732 1731
1660 1659 1734
1660 1734 1733
1656 1655 1714
1656 1714 1713
1735 1580 1583
1735 1583 1736
1737 1738 1739
1737 1739 1740
1741 1717 1720
1741 1720 1742
1582 1581 1584
1737 1639 1642
1737 1642 1738
1724 1741 1742
1724 1742 1721
1743 1630 1744
1743 1744 1607
1665 1709 1710
1665 1710 1666
1745 1746 1747
1745 1747 1748
1746 1712 1711
1746 1711 1747
1607 1744 1608
1623 1630 1743
1664 1749 1750
1664 1750 1661
1751 1606 1605
1749 1706 1705
1749 1705 1750
1752 1753 1754
1752 1754 1755
1755 1754 1745
1755 1745 1748
1704 1703 1753
1704 1753 1752
1627 1626 1756
1751 1756 1757
1606 1757 1629
1751 1757 1606
1627 1756 1751
1623 1606 1629
1620 1613 1612
1620 1612 1621
1715 1673 1676
1715 1676 1716
1695 1680 1679
1695 1679 1696
1689 1691 1694
1689 1694 1690
1619 1622 1758
1584 1581 1585
1759 1760 1761
1759 1761 1762
1763 1764 1765
1763 1765 1766
1767 1768 1769
1767 1769 1770
1770 1769 1771
1770 1771 1772
1773 1774 1775
1773 1775 1776
1777 1775 1774
1777 1774 1778
1778 1779 1780
1778 1780 1781
1782 1783 1784
1782 1784 1785
1786 1787 1788
1786 1788 1789
1790 1791 1792
1790 1792 1793
1794 1795 1796
1794 1796 1797
1795 1788 1787
1795 1787 1796
1798 1799 1800
1798 1800 1801
1802 1783 1803
1804 1805 1806
1803 1783 1782
1803 1782 1807
1808 1802 1809
1771 1773 1776
1771 1776 1772
1764 1768 1767
1764 1767 1765
1781 1782 1785
1781 1785 1810
1780 1807 1782
1780 1782 1781
1797 1791 1790
1797 1790 1794
1811 1763 1759
1763 1811 1812
1763 1812 1764
1812 1813 1768
1812 1768 1764
1813 1814 1769
1813 1769 1768
1771 1769 1814
1771 1814 1815
1771 1815 1816
1771 1816 1773
1817 1774 1773
1817 1773 1816
1774 1817 1779
1774 1779 1778
1810 1777 1778
1810 1778 1781
1762 1761 1818
1762 1818 1819
1759 1763 1760
1820 1786 1821
1820 1821 1809
1786 1789 1821
1802 1820 1809
1822 1784 1783
1805 1823 1806
1822 1824 1823
1783 1808 1824
1822 1783 1824
1805 1822 1823
1802 1808 1783
1793 1792 1801
1793 1801 1800
1798 1825 1799
1763 1766 1760
1826 1827 1828
1826 1828 1829
1830 1831 1832
1830 1832 1833
1834 1835 1836
1834 1836 1837
1837 1836 1838
1837 1838 1839
1840 1841 1842
1840 1842 1843
1844 1842 1841
1844 1841 1845
1845 1846 1847
1845 1847 1848
1849 1850 1851
1849 1851 1852
1853 1854 1855
1853 1855 1856
1857 1858 1859
1857 1859 1860
1861 1862 1863
1861 1863 1864
1862 1855 1854
1862 1854 1863
1865 1866 1867
1865 1867 1868
1869 1850 1870
1871 1872 1873
1870 1850 1849
1870 1849 1874
1875 1869 1876
1838 1840 1843
1838 1843 1839
1831 1835 1834
1831 1834 1832
1848 1849 1852
1848 1852 1877
1847 1874 1849
1847 1849 1848
1864 1858 1857
1864 1857 1861
1878 1830 1826
1830 1878 1879
1830 1879 1831
1879 1880 1835
1879 1835 1831
1880 1881 1836
1880 1836 1835
1838 1836 1881
1838 1881 1882
1838 1882 1883
1838 1883 1840
1884 1841 1840
1884 1840 1883
1841 1884 1846
1841 1846 1845
1877 1844 1845
1877 1845 1848
1885 1886 1887
1885 1887 1888
1887 1889 1890
1887 1890 1888
1891 1892 1893
1891 1893 1894
1895 1892 1891
1895 1891 1896
1897 1898 1899
1897 1899 1900
1898 1901 1902
1898 1902 1899
1903 1904 1905
1903 1905 1906
1907 1908 1909
1907 1909 1910
1911 1912 1913
1911 1913 1914
1915 1916 1917
1915 1917 1918
1919 1920 1921
1919 1921 1922
1923 1924 1925
1923 1925 1926
1927 1928 1929
1927 1929 1930
1931 1932 1933
1931 1933 1934
1929 1913 1912
1929 1912 1930
1931 1934 1918
1931 1918 1917
1935 1920 1919
1935 1919 1936
1937 1938 1939
1937 1939 1940
1938 1937 1941
1938 1941 1942
1943 1944 1945
1943 1945 1946
1947 1948 1949
1947 1949 1950
1947 1950 1951
1947 1951 1952
1944 1953 1954
1944 1954 1945
1943 1946 1955
1943 1955 1956
1915 1957 1958
1915 1958 1916
1895 1896 1897
1895 1897 1900
1890 1889 1894
1890 1894 1893
1910 1909 1959
1910 1959 1960
1903 1906 1954
1903 1954 1953
1928 1927 1961
1928 1961 1962
1932 1925 1924
1932 1924 1933
1963 1964 1965
1963 1965 1966
1967 1968 1969
1967 1969 1970
1971 1970 1969
1971 1969 1972
1972 1973 1974
1972 1974 1971
1974 1973 1975
1974 1975 1976
1977 1976 1975
1977 1975 1978
1979 1977 1978
1979 1978 1980
1904 1979 1980
1904 1980 1905
1901 1960 1959
1901 1959 1902
1829 1828 1981
1829 1981 1982
1983 1984 1985
1983 1985 1986
1966 1965 1987
1966 1987 1988
1826 1830 1827
1886 1885 1983
1886 1983 1986
1988 1987 1968
1988 1968 1967
1989 1853 1990
1989 1990 1876
1956 1955 1911
1956 1911 1914
1991 1992 1993
1991 1993 1994
1958 1957 1992
1958 1992 1991
1853 1856 1990
1869 1989 1876
1995 1996 1908
1995 1908 1907
1997 1851 1850
1952 1951 1996
1952 1996 1995
1998 1999 2000
1998 2000 2001
1999 1994 1993
1999 1993 2000
1948 1998 2001
1948 2001 1949
1872 2002 1873
1997 2003 2002
1850 1875 2003
1997 1850 2003
1872 1997 2002
1869 1875 1850
1860 1859 1868
1860 1868 1867
1922 1921 1962
1922 1962 1961
1923 1926 1942
1923 1942 1941
1940 1939 1935
1940 1935 1936
1865 2004 1866
1830 1833 1827
2005 2006 2007
2005 2007 2008
2009 2010 2011
2009 2011 2012
2013 2014 2015
2013 2015 2016
2014 2017 2018
2014 2018 2015
2019 2020 2021
2019 2021 2022
2023 2024 2022
2023 2022 2021
2024 2025 2026
2024 2026 2027
2028 2029 2030
2028 2030 2031
2032 2033 2034
2032 2034 2035
2036 2037 2038
2036 2038 2039
2040 2041 2042
2040 2042 2043
2043 2042 2035
2043 2035 2034
2044 2045 2046
2044 2046 2047
2048 2049 2031
2050 2051 2052
2049 2053 2028
2049 2028 2031
2054 2055 2048
2018 2017 2020
2018 2020 2019
2012 2011 2013
2012 2013 2016
2025 2056 2029
2025 2029 2028
2026 2025 2028
2026 2028 2053
2041 2040 2036
2041 2036 2039
2057 2007 2009
2009 2012 2058
2009 2058 2057
2058 2012 2016
2058 2016 2059
2059 2016 2015
2059 2015 2060
2018 2061 2060
2018 2060 2015
2018 2019 2062
2018 2062 2061
2063 2062 2019
2063 2019 2022
2022 2024 2027
2022 2027 2063
2056 2025 2024
2056 2024 2023
2064 2005 2008
2064 2008 2065
2007 2006 2009
2066 2055 2067
2066 2067 2032
2032 2067 2033
2048 2055 2066
2068 2031 2030
2052 2051 2069
2068 2069 2070
2031 2070 2054
2068 2070 2031
2052 2069 2068
2048 2031 2054
2045 2038 2037
2045 2037 2046
2044 2047 2071
2009 2006 2010
2072 2073 2074
2072 2074 2075
2076 2077 2072
2076 2072 2075
2078 2079 2080
2078 2080 2081
2078 2074 2073
2078 2073 2079
2082 2083 2084
2082 2084 2085
2086 2087 2088
2089 2090 2091
2089 2091 2092
2084 2083 2090
2084 2090 2089
2093 2094 2095
2093 2095 2096
2095 2077 2076
2095 2076 2096
2097 2098 2099
2097 2099 2100
2099 2098 2094
2099 2094 2093
2091 2101 2092
2100 2081 2080
2100 2080 2097
2102 2103 2104
2102 2104 2105
2106 2107 2103
2106 2103 2102
2088 2087 2107
2088 2107 2106
2108 2109 2110
2108 2110 2111
2112 2108 2111
2112 2111 2113
2114 2115 2116
2114 2116 2117
2118 2114 2117
2118 2117 2119
2109 2120 2119
2109 2119 2110
2111 2110 2121
2111 2121 2122
2111 2122 2123
2113 2111 2123
2113 2123 2124
2113 2124 2125
2117 2116 2126
2117 2126 2127
2117 2127 2128
2119 2117 2128
2119 2128 2129
2119 2129 2130
2110 2119 2130
2110 2130 2131
2110 2131 2121
2122 2121 2132
2122 2132 2133
2123 2122 2133
2123 2133 2134
2124 2123 2134
2124 2134 2135
2125 2124 2135
2125 2135 2136
2127 2126 2137
2127 2137 2138
2128 2127 2138
2128 2138 2139
2129 2128 2139
2129 2139 2140
2130 2129 2140
2130 2140 2141
2131 2130 2141
2131 2141 2142
2121 2131 2142
2121 2142 2132
2133 2132 2143
2133 2143 2144
2134 2133 2144
2134 2144 2145
2135 2134 2145
2135 2145 2146
2136 2135 2146
2136 2146 2147
2138 2137 2148
2138 2148 2149
2139 2138 2149
2139 2149 2150
2140 2139 2150
2140 2150 2151
2141 2140 2151
2141 2151 2152
2142 2141 2152
2142 2152 2153
2132 2142 2153
2132 2153 2143
2144 2143 2154
2144 2154 2155
2145 2144 2155
2145 2155 2156
2146 2145 2156
2146 2156 2157
2147 2146 2157
2147 2157 2158
2149 2148 2159
2149 2159 2160
2150 2149 2160
2150 2160 2161
2151 2150 2161
2151 2161 2162
2152 2151 2162
2152 2162 2163
2153 2152 2163
2153 2163 2164
2143 2153 2164
2143 2164 2154
2155 2154 2165
2155 2165 2166
2156 2155 2166
2157 2156 2166
2157 2166 2167
2158 2157 2167
2160 2159 2168
2160 2168 2169
2161 2160 2169
2162 2161 2169
2162 2169 2170
2163 2162 2170
2164 2163 2170
2164 2170 2165
2154 2164 2165
2166 2165 2171
2166 2171 2172
2167 2166 2172
2167 2172 2173
2169 2168 2174
2169 2174 2175
2170 2169 2175
2170 2175 2176
2165 2170 2176
2165 2176 2171
2108 2177 2109
2112 2177 2108
2114 2178 2115
2118 2178 2114
2109 2177 2120
2179 2180 2181
2179 2181 2182
2180 2183 2184
2180 2184 2181
2185 2186 2187
2185 2187 2188
2186 2189 2190
2186 2190 2187
2189 2179 2182
2189 2182 2190
2191 2192 2193
2191 2193 2194
2195 2192 2191
2195 2191 2196
2197 2198 2199
2197 2199 2200
2197 2200 2194
2197 2194 2193
2201 2202 2203
2201 2203 2204
2205 2206 2207
2208 2209 2210
2208 2210 2211
2209 2204 2203
2209 2203 2210
2212 2213 2214
2212 2214 2215
2214 2213 2195
2214 2195 2196
2216 2217 2218
2216 2218 2219
2218 2212 2215
2218 2215 2219
2208 2211 2220
2199 2198 2217
2199 2217 2216
2221 2222 2223
2221 2223 2224
2222 2225 2226
2222 2226 2223
2225 2207 2206
2225 2206 2226
2227 2228 2229
2227 2229 2230
2231 2232 2228
2231 2228 2227
2233 2234 2235
2233 2235 2236
2237 2238 2234
2237 2234 2233
2230 2229 2238
2230 2238 2239
2228 2240 2241
2228 2241 2229
2228 2242 2240
2232 2243 2242
2232 2242 2228
2232 2244 2243
2234 2245 2246
2234 2246 2235
2234 2247 2245
2238 2248 2247
2238 2247 2234
2238 2249 2248
2229 2250 2249
2229 2249 2238
2229 2241 2250
2240 2251 2252
2240 2252 2241
2242 2253 2251
2242 2251 2240
2243 2254 2253
2243 2253 2242
2244 2255 2254
2244 2254 2243
2245 2256 2257
2245 2257 2246
2247 2258 2256
2247 2256 2245
2248 2259 2258
2248 2258 2247
2249 2260 2259
2249 2259 2248
2250 2261 2260
2250 2260 2249
2241 2252 2261
2241 2261 2250
2251 2262 2263
2251 2263 2252
2253 2264 2262
2253 2262 2251
2254 2265 2264
2254 2264 2253
2255 2266 2265
2255 2265 2254
2256 2267 2268
2256 2268 2257
2258 2269 2267
2258 2267 2256
2259 2270 2269
2259 2269 2258
2260 2271 2270
2260 2270 2259
2261 2272 2271
2261 2271 2260
2252 2263 2272
2252 2272 2261
2262 2273 2274
2262 2274 2263
2264 2275 2273
2264 2273 2262
2265 2276 2275
2265 2275 2264
2266 2277 2276
2266 2276 2265
2267 2278 2279
2267 2279 2268
2269 2280 2278
2269 2278 2267
2270 2281 2280
2270 2280 2269
2271 2282 2281
2271 2281 2270
2272 2283 2282
2272 2282 2271
2263 2274 2283
2263 2283 2272
2273 2284 2285
2273 2285 2274
2275 2284 2273
2276 2286 2284
2276 2284 2275
2277 2286 2276
2278 2287 2288
2278 2288 2279
2280 2287 2278
2281 2289 2287
2281 2287 2280
2282 2289 2281
2283 2285 2289
2283 2289 2282
2274 2285 2283
2284 2290 2291
2284 2291 2285
2286 2292 2290
2286 2290 2284
2287 2293 2294
2287 2294 2288
2289 2295 2293
2289 2293 2287
2285 2291 2295
2285 2295 2289
2227 2230 2296
2231 2227 2296
2233 2236 2297
2237 2233 2297
2230 2239 2296
2298 2299 2300
2298 2300 2301
2302 2303 2299
2302 2299 2298
2304 2305 2306
2304 2306 2307
2308 2309 2305
2308 2305 2304
2301 2300 2309
2301 2309 2308
631 630 638
703 702 704
1339 1338 1346
1411 1410 1412
2310 2311 2312
2310 2312 2313
2314 2315 2316
2317 2318 2311
2317 2311 2310
2319 2320 2321
2322 2323 2324
2322 2324 2325
2326 2327 2328
2326 2328 2329
2330 2331 2332
2333 2334 2335
2333 2335 2336
2332 2331 2337
2332 2337 2338
2339 2340 2341
2339 2341 2342
2323 2322 2343
2323 2343 2344
2342 2341 2345
2342 2345 2346
2347 2338 2337
2347 2337 2348
2339 2344 2343
2339 2343 2340
2316 2315 2313
2316 2313 2312
2321 2318 2317
2329 2349 2326
2350 2351 2352
2350 2352 2353
2351 2354 2355
2351 2355 2352
2355 2354 2345
2340 2356 2357
2358 2356 2343
2359 2358 2343
2359 2343 2322
2322 2328 2327
2322 2327 2359
2322 2325 2328
2317 2360 2361
2317 2361 2319
2317 2310 2362
2317 2362 2360
2362 2310 2313
2362 2313 2363
2313 2315 2364
2313 2364 2363
2314 2364 2315
2334 2333 2365
2366 2320 2319
2366 2319 2325
2367 2368 2338
2369 2370 2347
2335 2334 2357
2371 2330 2332
2372 2373 2374
2375 2376 2377
2375 2377 2378
2379 2380 2381
2379 2381 2382
2383 2384 2385
2379 2386 2387
2379 2387 2380
2388 2389 2390
2388 2390 2387
2391 2392 2393
2391 2393 2394
2395 2396 2397
2398 2399 2400
2401 2402 2403
2401 2403 2396
2404 2405 2406
2396 2395 2407
2377 2408 2409
2377 2409 2378
2410 2411 2412
2410 2412 2413
2407 2376 2375
2407 2375 2414
2403 2402 2415
2403 2415 2416
2395 2397 2410
2395 2410 2413
2381 2384 2383
2381 2383 2382
2387 2386 2388
2392 2391 2417
2411 2394 2393
2418 2419 2420
2418 2420 2421
2422 2423 2424
2422 2424 2425
2426 2427 2428
2426 2428 2429
2430 2431 2432
2430 2432 2433
2426 2429 2434
2426 2434 2435
2436 2437 2438
2436 2438 2439
2440 2441 2442
2440 2442 2443
2444 2445 2446
2444 2446 2447
2448 2449 2450
2448 2450 2451
2452 2453 2454
2452 2454 2455
2456 2457 2458
2456 2458 2459
2460 2461 2455
2460 2455 2454
2462 2463 2464
2462 2464 2465
2423 2422 2418
2423 2418 2421
2466 2467 2468
2466 2468 2469
2425 2424 2464
2425 2464 2463
2461 2460 2470
2461 2470 2471
2468 2462 2465
2468 2465 2469
2431 2428 2427
2431 2427 2432
2434 2436 2439
2434 2439 2435
2472 2473 2447
2472 2447 2446
2474 2448 2451
2474 2451 2475
2476 2420 2419
2476 2419 2477
2457 2478 2479
2457 2479 2458
2480 2481 2482
2480 2482 2483
2481 2480 2484
2481 2484 2485
2486 2487 2485
2486 2485 2484
2445 2444 2487
2445 2487 2486
2488 2489 2490
2488 2490 2491
2492 2493 2494
2492 2494 2495
2494 2493 2496
2494 2496 2497
2498 2499 2497
2498 2497 2496
2500 2501 2499
2500 2499 2498
2502 2503 2501
2502 2501 2500
2504 2505 2506
2504 2506 2507
2476 2477 2506
2476 2506 2505
2504 2507 2508
2504 2508 2509
2508 2510 2511
2508 2511 2509
2510 2479 2478
2510 2478 2511
2441 2440 2438
2441 2438 2437
2512 2513 2514
2512 2514 2515
2516 2517 2518
2516 2518 2519
2517 2516 2520
2517 2520 2521
2512 2515 2522
2512 2522 2523
2335 2347 2348
2335 2348 2336
2338 2347 2370
2338 2370 2367
2416 2415 2405
2416 2405 2404
2471 2470 2456
2471 2456 2459
2519 2518 2524
2519 2524 2525
2514 2513 2525
2514 2525 2524
2332 2338 2368
2332 2368 2371
2335 2357 2369
2526 2393 2390
2526 2390 2389
2369 2347 2335
2345 2341 2365
2345 2365 2527
2334 2365 2341
2334 2341 2357
2466 2443 2442
2466 2442 2467
2325 2324 2366
2361 2328 2325
2361 2325 2319
2343 2356 2340
2319 2321 2317
2528 2393 2526
2412 2411 2393
2412 2393 2528
2350 2353 2529
2345 2354 2346
2355 2345 2527
2357 2341 2340
2396 2407 2414
2396 2414 2401
2399 2406 2405
2399 2405 2400
2372 2374 2409
2372 2409 2408
2530 2531 2532
2530 2532 2533
2534 2535 2536
2537 2538 2539
2537 2539 2540
2541 2542 2543
2544 2545 2546
2544 2546 2547
2548 2549 2531
2550 2551 2552
2553 2544 2547
2553 2547 2554
2545 2555 2550
2545 2550 2546
2534 2537 2540
2534 2540 2535
2538 2541 2543
2538 2543 2539
2556 2548 2530
2544 2553 2557
2544 2557 2558
2555 2545 2559
2555 2559 2560
2561 2539 2543
2561 2543 2562
2563 2540 2539
2563 2539 2561
2564 2535 2540
2564 2540 2563
2535 2564 2536
2545 2544 2558
2545 2558 2559
2562 2543 2565
2542 2566 2567
2557 2553 2548
2557 2548 2556
2553 2554 2549
2553 2549 2548
2568 2551 2555
2568 2555 2569
2570 2571 2572
2568 2571 2567
2566 2552 2551
2571 2570 2565
2573 2574 2575
2573 2575 2576
2577 2578 2579
2580 2581 2582
2583 2584 2585
2586 2587 2588
2586 2588 2589
2590 2575 2574
2590 2574 2591
2592 2593 2594
2586 2589 2595
2592 2596 2588
2592 2588 2587
2579 2597 2582
2579 2582 2577
2583 2585 2581
2583 2581 2580
2589 2598 2599
2596 2600 2601
2602 2603 2583
2602 2583 2580
2588 2604 2598
2588 2598 2589
2605 2606 2584
2605 2584 2583
2599 2590 2591
2599 2591 2595
2594 2596 2592
2594 2607 2600
2594 2593 2606
2594 2606 2605
2603 2608 2583
2609 2610 2611
2609 2611 2612
2613 2614 2615
2613 2615 2616
2617 2618 2619
2617 2619 2620
2621 2622 2623
2621 2623 2624
2625 2626 2627
2625 2627 2628
2616 2615 2618
2616 2618 2617
2619 2622 2621
2619 2621 2620
2629 2630 2631
2629 2631 2632
2611 2633 2634
2611 2634 2612
2631 2635 2636
2631 2636 2632
2637 2638 2639
2637 2639 2640
2641 2642 2643
2641 2643 2644
2645 2646 2647
2645 2647 2648
2648 2647 2649
2648 2649 2650
2650 2649 2651
2650 2651 2652
2651 2653 2654
2651 2654 2652
2640 2639 2643
2640 2643 2642
2623 2655 2656
2623 2656 2624
2636 2635 2638
2636 2638 2637
2657 2658 2659
2657 2659 2660
2658 2661 2662
2658 2662 2659
2655 2626 2625
2655 2625 2656
2663 2664 2665
2663 2665 2666
2627 2667 2668
2627 2668 2628
2667 2669 2670
2667 2670 2668
2669 2671 2672
2669 2672 2670
2671 2673 2674
2671 2674 2672
2674 2673 2610
2674 2610 2609
2675 2572 2571
2675 2571 2568
2666 2662 2661
2666 2661 2663
2565 2676 2562
2645 2665 2664
2645 2664 2646
2565 2567 2571
2565 2570 2676
2542 2567 2543
2566 2551 2567
2565 2543 2567
2568 2567 2551
2660 2641 2644
2660 2644 2657
2555 2560 2569
2568 2569 2675
2555 2551 2550
2605 2677 2678
2605 2608 2677
2583 2608 2605
2594 2678 2607
2605 2678 2594
2596 2601 2604
2596 2604 2588
2595 2589 2599
2580 2582 2597
2580 2597 2602
2548 2531 2530
2594 2600 2596
2679 2680 2681
2682 2683 2684
2682 2684 2685
2680 2686 2687
2680 2687 2681
2687 2686 2682
2685 2684 2688
2685 2688 2689
2690 2691 2692
2690 2692 2693
2694 2695 2691
2694 2691 2690
2689 2688 2696
2689 2696 2697
2697 2696 2695
2697 2695 2694
2698 2699 2686
2698 2686 2680
2699 2700 2686
2701 2684 2683
2701 2683 2702
2684 2701 2703
2684 2703 2688
2688 2703 2704
2688 2704 2696
2696 2704 2705
2696 2705 2695
2698 2680 2679
2706 2692 2707
2691 2708 2707
2691 2707 2692
2706 2693 2692
2708 2691 2695
2708 2695 2705
2709 2710 2711
2712 2713 2714
2712 2714 2715
2711 2710 2716
2711 2716 2717
2712 2715 2718
2713 2719 2720
2713 2720 2714
2721 2722 2723
2721 2723 2724
2725 2721 2724
2725 2724 2726
2719 2727 2728
2719 2728 2720
2727 2725 2726
2727 2726 2728
2729 2723 2722
2730 2731 2732
2730 2732 2733
2734 2735 2736
2734 2736 2737
2738 2739 2730
2738 2730 2733
2737 2736 2739
2737 2739 2738
2740 2741 2735
2740 2735 2734
2742 2743 2744
2742 2744 2745
2744 2743 2746
2744 2746 2747
2748 2749 2741
2748 2741 2740
2747 2746 2749
2747 2749 2748
2750 2751 2752
2750 2752 2753
2752 2751 2754
2752 2754 2755
2756 2757 2758
2756 2758 2759
2759 2758 2760
2759 2760 2761
2760 2762 2763
2760 2763 2761
2762 2764 2765
2762 2765 2763
2766 2767 2750
2766 2750 2753
2768 2769 2770
2768 2770 2771
2772 2773 2768
2772 2768 2771
2774 2775 2742
2774 2742 2745
2765 2764 2773
2765 2773 2772
2756 2755 2754
2756 2754 2757
2686 2700 2683
2683 2700 2702
2682 2686 2683
2716 2712 2718
2716 2718 2717
2776 2777 2778
2776 2778 2779
2780 2781 2782
2783 2776 2779
2783 2779 2784
2785 2786 2787
2788 2789 2790
2788 2790 2791
2792 2793 2794
2792 2794 2795
2796 2797 2798
2799 2800 2801
2799 2801 2802
2797 2803 2804
2797 2804 2798
2805 2806 2807
2805 2807 2808
2791 2809 2810
2791 2810 2788
2806 2811 2812
2806 2812 2807
2813 2814 2804
2813 2804 2803
2805 2808 2810
2805 2810 2809
2781 2778 2777
2781 2777 2782
2786 2783 2784
2793 2792 2815
2816 2817 2818
2816 2818 2819
2819 2818 2820
2819 2820 2821
2820 2812 2821
2808 2822 2823
2824 2810 2823
2825 2788 2810
2825 2810 2824
2788 2825 2795
2788 2795 2794
2788 2794 2789
2783 2785 2826
2783 2826 2827
2783 2827 2828
2783 2828 2776
2828 2829 2777
2828 2777 2776
2777 2829 2830
2777 2830 2782
2780 2782 2830
2802 2831 2799
2832 2789 2785
2832 2785 2787
2833 2803 2834
2835 2813 2836
2801 2822 2802
2837 2797 2796
2838 2839 2840
2841 2842 2843
2841 2843 2844
2845 2846 2847
2845 2847 2848
2849 2850 2851
2845 2848 2852
2845 2852 2853
2854 2852 2855
2854 2855 2856
2857 2858 2859
2857 2859 2860
2861 2862 2863
2864 2865 2866
2867 2863 2868
2867 2868 2869
2870 2871 2872
2863 2873 2861
2843 2842 2874
2843 2874 2875
2876 2877 2878
2876 2878 2879
2873 2880 2841
2873 2841 2844
2868 2881 2882
2868 2882 2869
2861 2877 2876
2861 2876 2862
2847 2846 2849
2847 2849 2851
2852 2854 2853
2860 2883 2857
2879 2859 2858
2884 2885 2886
2884 2886 2887
2888 2889 2890
2888 2890 2891
2892 2893 2894
2892 2894 2895
2896 2897 2898
2896 2898 2899
2892 2900 2901
2892 2901 2893
2902 2903 2904
2902 2904 2905
2906 2907 2908
2906 2908 2909
2910 2911 2912
2910 2912 2913
2914 2915 2916
2914 2916 2917
2918 2919 2920
2918 2920 2921
2922 2923 2924
2922 2924 2925
2926 2920 2919
2926 2919 2927
2928 2929 2930
2928 2930 2931
2891 2885 2884
2891 2884 2888
2932 2933 2934
2932 2934 2935
2889 2931 2930
2889 2930 2890
2927 2936 2937
2927 2937 2926
2934 2933 2929
2934 2929 2928
2899 2898 2895
2899 2895 2894
2901 2900 2903
2901 2903 2902
2938 2912 2911
2938 2911 2939
2940 2941 2915
2940 2915 2914
2942 2943 2887
2942 2887 2886
2925 2924 2944
2925 2944 2945
2946 2947 2948
2946 2948 2949
2949 2950 2951
2949 2951 2946
2952 2951 2950
2952 2950 2953
2913 2952 2953
2913 2953 2910
2954 2955 2956
2954 2956 2957
2958 2959 2960
2958 2960 2961
2960 2962 2963
2960 2963 2961
2964 2963 2962
2964 2962 2965
2966 2964 2965
2966 2965 2967
2968 2966 2967
2968 2967 2969
2970 2971 2972
2970 2972 2973
2942 2973 2972
2942 2972 2943
2970 2974 2975
2970 2975 2971
2975 2974 2976
2975 2976 2977
2977 2976 2945
2977 2945 2944
2909 2905 2904
2909 2904 2906
2978 2979 2980
2978 2980 2981
2982 2983 2984
2982 2984 2985
2985 2986 2987
2985 2987 2982
2978 2988 2989
2978 2989 2979
2801 2800 2814
2801 2814 2813
2803 2833 2836
2803 2836 2813
2881 2870 2872
2881 2872 2882
2936 2923 2922
2936 2922 2937
2983 2990 2991
2983 2991 2984
2980 2991 2990
2980 2990 2981
2797 2837 2834
2797 2834 2803
2801 2835 2822
2992 2856 2855
2992 2855 2859
2835 2801 2813
2812 2993 2831
2812 2831 2807
2802 2807 2831
2802 2822 2807
2932 2935 2908
2932 2908 2907
2789 2832 2790
2826 2785 2789
2826 2789 2794
2810 2808 2823
2785 2783 2786
2994 2992 2859
2878 2994 2859
2878 2859 2879
2816 2995 2817
2812 2811 2821
2820 2993 2812
2822 2808 2807
2863 2880 2873
2863 2867 2880
2866 2865 2872
2866 2872 2871
2838 2875 2874
2838 2874 2839
2996 2997 2998
2996 2998 2999
3000 3001 3002
3003 3004 3005
3003 3005 3006
3007 3008 3009
3010 3011 3012
3010 3012 3013
3014 2999 3015
3016 3017 3018
3019 3020 3011
3019 3011 3010
3013 3012 3016
3013 3016 3021
3000 3002 3004
3000 3004 3003
3006 3005 3008
3006 3008 3007
3022 2996 3014
3010 3023 3024
3010 3024 3019
3021 3025 3026
3021 3026 3013
3027 3028 3008
3027 3008 3005
3029 3027 3005
3029 3005 3004
3030 3029 3004
3030 3004 3002
3002 3001 3030
3013 3026 3023
3013 3023 3010
3028 3031 3008
3009 3032 3033
3024 3022 3014
3024 3014 3019
3019 3014 3015
3019 3015 3020
3034 3021 3018
3034 3035 3021
3036 3037 3038
3034 3032 3038
3033 3018 3017
3038 3031 3036
3039 3040 3041
3039 3041 3042
3043 3044 3045
3046 3047 3048
3049 3050 3051
3052 3053 3054
3052 3054 3055
3056 3057 3042
3056 3042 3041
3058 3059 3060
3052 3061 3053
3058 3055 3054
3058 3054 3062
3044 3043 3047
3044 3047 3063
3049 3046 3048
3049 3048 3050
3053 3064 3065
3062 3066 3067
3068 3046 3049
3068 3049 3069
3054 3053 3065
3054 3065 3070
3071 3049 3051
3071 3051 3072
3064 3061 3057
3064 3057 3056
3059 3058 3062
3059 3067 3073
3059 3071 3072
3059 3072 3060
3069 3049 3074
3075 3076 3077
3075 3077 3078
3079 3080 3081
3079 3081 3082
3083 3084 3085
3083 3085 3086
3087 3088 3089
3087 3089 3090
3091 3092 3093
3091 3093 3094
3080 3083 3086
3080 3086 3081
3085 3084 3087
3085 3087 3090
3095 3096 3097
3095 3097 3098
3077 3076 3099
3077 3099 3100
3097 3096 3101
3097 3101 3102
3103 3104 3105
3103 3105 3106
3107 3108 3109
3107 3109 3110
3111 3112 3113
3111 3113 3114
3112 3115 3116
3112 3116 3113
3115 3117 3118
3115 3118 3116
3118 3117 3119
3118 3119 3120
3104 3110 3109
3104 3109 3105
3089 3088 3121
3089 3121 3122
3101 3103 3106
3101 3106 3102
3123 3124 3125
3123 3125 3126
3126 3125 3127
3126 3127 3128
3122 3121 3091
3122 3091 3094
3129 3130 3131
3129 3131 3132
3093 3092 3133
3093 3133 3134
3134 3133 3135
3134 3135 3136
3136 3135 3137
3136 3137 3138
3138 3137 3139
3138 3139 3140
3139 3075 3078
3139 3078 3140
3141 3034 3038
3141 3038 3037
3130 3129 3128
3130 3128 3127
3031 3028 3142
3111 3114 3132
3111 3132 3131
3031 3038 3032
3031 3142 3036
3009 3008 3032
3033 3032 3018
3031 3032 3008
3034 3018 3032
3124 3123 3108
3124 3108 3107
3021 3035 3025
3034 3141 3035
3021 3016 3018
3071 3143 3144
3071 3144 3074
3049 3071 3074
3059 3073 3143
3071 3059 3143
3062 3054 3070
3062 3070 3066
3061 3064 3053
3046 3063 3047
3046 3068 3063
3014 2996 2999
3059 3062 3067
3145 3146 3147
3148 3149 3150
3148 3150 3151
3147 3146 3152
3147 3152 3153
3152 3148 3153
3149 3154 3155
3149 3155 3150
3156 3157 3158
3156 3158 3159
3160 3156 3159
3160 3159 3161
3154 3162 3163
3154 3163 3155
3162 3160 3161
3162 3161 3163
3164 3147 3153
3164 3153 3165
3165 3153 3166
3167 3168 3151
3167 3151 3150
3150 3155 3169
3150 3169 3167
3155 3163 3170
3155 3170 3169
3163 3161 3171
3163 3171 3170
3164 3145 3147
3172 3173 3158
3159 3158 3173
3159 3173 3174
3172 3158 3157
3174 3171 3161
3174 3161 3159
3175 3176 3177
3178 3179 3180
3178 3180 3181
3176 3182 3183
3176 3183 3177
3178 3184 3179
3181 3180 3185
3181 3185 3186
3187 3188 3189
3187 3189 3190
3191 3192 3188
3191 3188 3187
3186 3185 3193
3186 3193 3194
3194 3193 3192
3194 3192 3191
3195 3190 3189
3196 3197 3198
3196 3198 3199
3200 3201 3202
3200 3202 3203
3204 3197 3196
3204 3196 3205
3201 3204 3205
3201 3205 3202
3206 3200 3203
3206 3203 3207
3208 3209 3210
3208 3210 3211
3210 3212 3213
3210 3213 3211
3214 3206 3207
3214 3207 3215
3212 3214 3215
3212 3215 3213
3216 3217 3218
3216 3218 3219
3218 3220 3221
3218 3221 3219
3222 3223 3224
3222 3224 3225
3223 3226 3227
3223 3227 3224
3227 3226 3228
3227 3228 3229
3229 3228 3230
3229 3230 3231
3232 3217 3216
3232 3216 3233
3234 3235 3236
3234 3236 3237
3238 3235 3234
3238 3234 3239
3240 3209 3208
3240 3208 3241
3230 3238 3239
3230 3239 3231
3222 3225 3221
3222 3221 3220
3153 3151 3166
3151 3168 3166
3148 3151 3153
3183 3182 3184
3183 3184 3178
3242 3243 3244
3242 3244 3245
3246 3247 3248
3246 3248 3249
3250 3251 3247
3250 3247 3246
3252 3253 3254
3255 3256 3257
3255 3257 3258
3244 3249 3248
3244 3248 3245
3259 3251 3260
3259 3260 3261
3258 3257 3262
3258 3262 3263
3264 3265 3266
3267 3268 3269
3267 3269 3270
3271 3268 3267
3271 3267 3272
3273 3274 3275
3273 3275 3276
3277 3278 3273
3279 3277 3280
3279 3280 3281
3282 3283 3284
3282 3284 3285
3286 3287 3283
3286 3283 3282
3288 3289 3287
3288 3287 3286
3290 3291 3292
3290 3292 3293
3294 3295 3293
3294 3293 3292
3294 3296 3295
3297 3298 3299
3297 3299 3300
3298 3297 3301
3302 3303 3304
3302 3304 3305
3306 3307 3308
3306 3308 3309
3310 3311 3312
3310 3312 3313
3289 3288 3314
3289 3314 3315
3243 3242 3316
3243 3316 3314
3288 3243 3314
3286 3244 3243
3286 3243 3288
3282 3249 3244
3282 3244 3286
3285 3246 3249
3285 3249 3282
3281 3317 3279
3318 3319 3320
3321 3322 3323
3321 3323 3324
3325 3326 3327
3325 3327 3328
3329 3325 3328
3329 3328 3330
3331 3332 3333
3331 3333 3334
3335 3336 3337
3335 3337 3338
3326 3323 3322
3326 3322 3327
3339 3329 3332
3340 3338 3337
3340 3337 3341
3342 3343 3344
3345 3346 3347
3348 3346 3349
3348 3349 3350
3351 3352 3349
3352 3353 3354
3352 3354 3355
3353 3356 3357
3353 3357 3354
3356 3358 3359
3356 3359 3357
3360 3359 3358
3360 3358 3361
3359 3360 3324
3359 3324 3323
3357 3359 3323
3357 3323 3326
3354 3357 3326
3354 3326 3325
3362 3354 3325
3362 3325 3363
3364 3365 3366
3364 3366 3367
3368 3364 3367
3368 3367 3369
3370 3371 3372
3370 3372 3373
3374 3375 3376
3374 3376 3377
3378 3379 3380
3381 3382 3383
3384 3337 3336
3385 3360 3361
3385 3361 3386
3360 3385 3324
3387 3321 3324
3387 3324 3385
3388 3389 3390
3388 3390 3347
3389 3391 3392
3389 3392 3390
3393 3394 3395
3393 3395 3396
3397 3398 3399
3397 3399 3400
3401 3397 3400
3401 3400 3402
3403 3404 3405
3403 3405 3254
3406 3407 3408
3406 3408 3409
3398 3393 3396
3398 3396 3399
3405 3401 3254
3407 3404 3403
3407 3403 3408
3406 3409 3410
3406 3410 3411
3412 3413 3414
3412 3414 3415
3416 3417 3418
3416 3418 3419
3420 3421 3422
3420 3422 3423
3423 3422 3424
3423 3424 3425
3425 3424 3426
3425 3426 3427
3427 3426 3428
3427 3428 3429
3429 3428 3430
3429 3430 3431
3431 3430 3432
3431 3432 3433
3433 3432 3434
3433 3434 3435
3412 3436 3437
3412 3437 3413
3438 3439 3440
3438 3440 3441
3442 3443 3444
3442 3444 3445
3435 3434 3446
3435 3446 3447
3394 3448 3449
3394 3449 3395
3334 3450 3451
3334 3451 3331
3452 3453 3454
3455 3456 3457
3455 3457 3458
3266 3265 3256
3266 3256 3255
3344 3343 3336
3344 3336 3335
3411 3410 3459
3460 3454 3453
3460 3453 3461
3307 3306 3462
3307 3462 3463
3463 3462 3261
3463 3261 3260
3254 3401 3402
3258 3464 3255
3465 3466 3467
3468 3469 3470
3468 3470 3471
3472 3473 3474
3458 3457 3475
3458 3475 3476
3472 3474 3477
3308 3302 3305
3308 3305 3309
3464 3477 3474
3464 3474 3255
3252 3478 3253
3253 3478 3479
3253 3479 3480
3480 3479 3481
3480 3481 3482
3481 3483 3484
3481 3484 3482
3485 3486 3487
3485 3487 3488
3489 3490 3491
3489 3491 3492
3490 3493 3494
3490 3494 3491
3495 3493 3496
3495 3496 3497
3497 3496 3498
3497 3498 3499
3498 3500 3499
3492 3501 3502
3492 3502 3489
3483 3503 3504
3483 3504 3484
3505 3506 3507
3505 3507 3508
3509 3510 3511
3509 3511 3512
3513 3514 3515
3516 3517 3518
3488 3519 3485
3520 3467 3466
3520 3466 3521
3472 3522 3523
3524 3525 3526
3527 3528 3471
3529 3528 3530
3529 3530 3531
3530 3250 3531
3247 3251 3259
3532 3533 3534
3534 3533 3535
3534 3535 3536
3536 3535 3537
3536 3537 3538
3539 3540 3541
3469 3542 3526
3469 3526 3470
3543 3544 3545
3516 3518 3546
3516 3546 3547
3515 3514 3548
3549 3544 3543
3472 3523 3473
3509 3550 3551
3509 3551 3510
3552 3553 3551
3552 3551 3550
3554 3555 3556
3554 3556 3557
3558 3559 3560
3558 3560 3561
3562 3563 3564
3565 3566 3567
3565 3567 3568
3251 3250 3569
3251 3569 3570
3570 3569 3571
3570 3571 3572
3572 3571 3573
3572 3573 3574
3538 3537 3575
3538 3575 3576
3577 3578 3579
3580 3576 3575
3580 3575 3581
3494 3493 3495
3574 3582 3583
3582 3579 3578
3582 3578 3584
3579 3582 3585
3579 3585 3586
3582 3574 3573
3582 3573 3585
3587 3580 3581
3577 3579 3586
3572 3574 3588
3583 3582 3584
3574 3583 3588
3589 3590 3591
3589 3592 3593
3589 3593 3590
3544 3593 3592
3544 3592 3565
3544 3565 3568
3544 3568 3545
3594 3595 3596
3594 3596 3597
3597 3596 3598
3595 3594 3599
3600 3601 3602
3600 3602 3603
3602 3604 3605
3602 3605 3603
3606 3607 3608
3606 3608 3609
3608 3607 3610
3608 3610 3611
3610 3612 3611
3604 3613 3614
3604 3614 3605
3615 3616 3617
3615 3617 3618
3320 3319 3619
3320 3619 3620
3620 3619 3621
3620 3621 3622
3623 3624 3625
3623 3625 3626
3627 3628 3629
3630 3631 3632
3630 3632 3633
3313 3312 3634
3313 3634 3635
3636 3637 3631
3636 3631 3630
3638 3639 3629
3638 3629 3628
3636 3640 3641
3636 3641 3637
3642 3643 3639
3642 3639 3638
3644 3645 3646
3644 3646 3647
3563 3623 3564
3290 3317 3281
3290 3281 3291
3279 3317 3285
3246 3285 3317
3246 3317 3250
3317 3531 3250
3648 3649 3650
3650 3649 3651
3650 3651 3652
3653 3654 3655
3653 3655 3656
3656 3655 3622
3656 3622 3621
3657 3658 3659
3657 3659 3660
3658 3531 3659
3317 3661 3531
3662 3663 3664
3652 3651 3665
3666 3667 3654
3666 3654 3653
3651 3668 3665
3668 3669 3670
3668 3670 3665
3670 3669 3664
3670 3664 3663
3660 3671 3672
3660 3672 3673
3673 3672 3674
3673 3674 3675
3674 3676 3675
3677 3667 3666
3678 3679 3676
3671 3660 3659
3671 3659 3680
3660 3673 3681
3660 3681 3657
3681 3673 3675
3681 3675 3682
3675 3676 3679
3675 3679 3682
3659 3531 3661
3659 3661 3680
3471 3470 3683
3471 3683 3527
3470 3526 3525
3470 3525 3683
3684 3591 3685
3524 3526 3686
3686 3526 3542
3471 3529 3468
3528 3529 3471
3687 3688 3689
3687 3689 3690
3691 3692 3689
3691 3689 3688
3692 3691 3623
3692 3623 3563
3539 3541 3693
3694 3444 3443
3694 3443 3695
3623 3626 3564
3696 3697 3698
3699 3700 3270
3699 3270 3269
3701 3702 3703
3701 3703 3704
3703 3702 3705
3703 3705 3706
3705 3707 3706
3708 3709 3710
3708 3710 3711
3711 3710 3712
3711 3712 3713
3712 3714 3715
3712 3715 3713
3716 3717 3718
3716 3718 3719
3718 3720 3721
3718 3721 3719
3716 3722 3723
3716 3723 3717
3724 3725 3726
3724 3726 3727
3728 3729 3730
3728 3730 3731
3732 3273 3278
3732 3278 3733
3734 3730 3729
3735 3736 3737
3735 3737 3738
3739 3740 3741
3624 3300 3742
3624 3742 3743
3299 3742 3300
3744 3745 3746
3747 3741 3748
3747 3748 3749
3624 3743 3625
3750 3751 3752
3696 3753 3754
3299 3755 3742
3742 3755 3756
3757 3758 3759
3760 3758 3757
3741 3740 3748
3277 3273 3280
3280 3273 3276
3761 3418 3417
3761 3417 3762
3763 3764 3765
3766 3767 3768
3766 3768 3769
3768 3767 3728
3768 3728 3731
3770 3771 3772
3770 3772 3773
3416 3419 3421
3416 3421 3420
3774 3775 3776
3774 3776 3777
3769 3765 3764
3769 3764 3766
3775 3774 3778
3775 3778 3779
3773 3772 3780
3773 3780 3781
3782 3771 3770
3783 3779 3778
3781 3780 3784
3781 3784 3785
3785 3784 3786
3785 3786 3787
3777 3776 3788
3777 3788 3789
3733 3789 3788
3733 3788 3732
3790 3791 3792
3792 3791 3793
3792 3793 3794
3795 3794 3793
3795 3793 3796
3795 3796 3797
3795 3797 3798
3798 3797 3799
3800 3759 3758
3800 3758 3801
3802 3803 3804
3805 3806 3807
3805 3807 3808
3800 3801 3806
3800 3806 3805
3809 3633 3632
3271 3272 3275
3271 3275 3274
3704 3709 3708
3704 3708 3701
3295 3296 3310
3310 3296 3311
3349 3346 3810
3811 3812 3813
3811 3813 3814
3815 3814 3813
3815 3813 3816
3815 3816 3817
3815 3817 3818
3376 3375 3819
3415 3414 3820
3821 3377 3376
3821 3376 3822
3822 3823 3824
3822 3824 3825
3818 3817 3376
3818 3376 3819
3825 3824 3826
3825 3826 3345
3345 3826 3810
3345 3810 3346
3816 3824 3823
3816 3823 3817
3376 3823 3822
3824 3816 3813
3824 3813 3826
3826 3813 3812
3826 3812 3810
3376 3817 3823
3351 3812 3811
3351 3349 3810
3351 3810 3812
3392 3391 3827
3828 3829 3821
3740 3830 3748
3831 3832 3833
3834 3379 3378
3834 3378 3833
3345 3347 3828
3345 3828 3825
3833 3832 3834
3377 3821 3829
3736 3835 3737
3836 3758 3760
3837 3838 3839
3696 3698 3753
3825 3828 3821
3825 3821 3822
3840 3841 3842
3840 3842 3843
3831 3833 3844
3845 3827 3846
3847 3848 3849
3849 3848 3850
3849 3850 3851
3850 3852 3853
3850 3853 3851
3348 3388 3347
3854 3362 3363
3854 3363 3855
3856 3854 3855
3856 3855 3857
3369 3853 3852
3369 3852 3368
3858 3859 3860
3858 3860 3861
3861 3860 3862
3861 3862 3863
3864 3366 3365
3865 3859 3858
3347 3346 3348
3349 3355 3350
3349 3352 3355
3857 3863 3862
3857 3862 3856
3866 3867 3868
3866 3868 3869
3372 3866 3869
3372 3869 3373
3870 3871 3872
3870 3872 3873
3872 3371 3874
3867 3875 3868
3876 3871 3870
3877 3827 3845
3878 3827 3879
3392 3827 3877
3332 3880 3881
3332 3881 3339
3881 3880 3882
3881 3882 3883
3884 3885 3886
3887 3888 3889
3887 3889 3890
3888 3891 3892
3341 3893 3340
3254 3402 3252
3894 3263 3262
3827 3878 3846
3888 3887 3891
3891 3887 3895
3886 3885 3878
3886 3878 3879
3878 3896 3846
3897 3898 3899
3900 3901 3902
3900 3902 3903
3902 3904 3903
3905 3906 3907
3906 3908 3909
3906 3909 3907
3910 3911 3912
3910 3912 3913
3874 3371 3370
3872 3874 3873
3882 3904 3883
3895 3903 3882
3900 3903 3895
3900 3895 3887
3882 3903 3904
3914 3915 3916
3916 3915 3917
3916 3917 3918
3918 3917 3383
3918 3383 3382
3332 3329 3330
3332 3330 3333
3279 3285 3284
3919 3384 3920
3921 3922 3923
3924 3925 3926
3924 3926 3451
3925 3927 3926
3928 3929 3930
3928 3930 3931
3932 3919 3933
3933 3919 3934
3919 3935 3934
3919 3920 3935
3936 3937 3938
3936 3938 3939
3940 3941 3942
3942 3943 3921
3942 3921 3891
3944 3945 3946
3947 3948 3949
3947 3949 3950
3951 3952 3953
3951 3953 3954
3384 3919 3936
3384 3936 3939
3384 3939 3450
3384 3450 3337
3337 3450 3334
3337 3334 3341
3334 3333 3893
3334 3893 3341
3333 3330 3955
3333 3955 3893
3330 3328 3956
3330 3956 3955
3328 3327 3957
3328 3957 3956
3327 3322 3957
3924 3450 3958
3924 3451 3450
3959 3960 3947
3959 3947 3950
3958 3939 3938
3958 3450 3939
3942 3941 3943
3961 3946 3945
3961 3945 3962
3963 3964 3960
3963 3960 3959
3891 3921 3923
3891 3923 3892
3511 3965 3966
3511 3966 3512
3740 3967 3830
3968 3787 3786
3598 3596 3969
3589 3591 3684
3899 3898 3970
3971 3972 3973
3971 3973 3974
3975 3973 3972
3975 3972 3976
3977 3971 3974
3977 3974 3978
3977 3978 3979
3920 3384 3336
3980 3981 3982
3983 3984 3985
3983 3985 3986
3987 3988 3989
3987 3989 3990
3991 3981 3980
3991 3980 3992
3988 3993 3994
3988 3994 3989
3995 3996 3984
3995 3984 3983
3992 3997 3998
3992 3998 3991
3993 3999 4000
3993 4000 3994
4001 4002 3996
4001 3996 3995
4003 4004 3998
4003 3998 3997
3999 4005 4006
3999 4006 4000
4007 4008 4002
4007 4002 4001
4009 4004 4003
4009 4003 4010
4011 4012 4006
4013 4014 4008
4013 4008 4007
4015 4016 4009
4015 4009 4010
4017 4018 4014
4017 4014 4013
4019 4020 4021
4019 4021 4022
4023 4024 4012
4023 4012 4011
4011 4006 4005
4025 4026 4027
4028 4027 4029
4028 4029 4030
4031 4032 4033
4031 4033 4034
4035 4036 4032
4035 4032 4031
4037 4038 4036
4037 4036 4035
4030 4029 4038
4030 4038 4037
4025 4028 4039
4025 4027 4028
3982 3981 4040
3980 3982 4041
4042 4043 4044
4042 4044 4045
4046 4047 4048
4046 4048 4049
4050 4046 4049
4050 4049 4051
4052 4053 4054
4055 4056 4057
4055 4057 4058
4048 4047 4044
4048 4044 4043
4059 4051 4060
4059 4060 4061
4056 4062 4063
4056 4063 4057
4064 4065 4066
4067 4068 4069
4067 4069 4070
4071 4072 4069
4071 4069 4068
4073 4074 4075
4073 4075 4076
4077 4073 4078
4079 4080 4081
4079 4081 4077
4082 4083 4084
4082 4084 4085
4086 4082 4085
4086 4085 4087
4088 4086 4087
4088 4087 4089
4090 4091 4092
4090 4092 4093
4093 4094 4095
4093 4095 4090
4095 4094 4096
4097 4098 4099
4097 4099 4100
4098 4101 4099
4102 4103 4104
4102 4104 4105
4106 4107 4108
4106 4108 4109
4110 4111 4112
4110 4112 4113
4089 4114 4115
4089 4115 4088
4045 4115 4116
4045 4116 4042
4088 4115 4045
4086 4088 4045
4086 4045 4044
4082 4086 4044
4082 4044 4047
4083 4082 4047
4083 4047 4046
4080 4079 4117
4118 4119 4120
4121 4122 4123
4121 4123 4124
4125 4126 4127
4125 4127 4128
4129 4130 4126
4129 4126 4125
4131 4132 4133
4131 4133 4134
4135 4136 4137
4135 4137 4138
4128 4127 4124
4128 4124 4123
4139 4134 4129
4137 4136 4140
4137 4140 4141
4142 4143 4144
4145 4146 4147
4148 4147 4149
4148 4149 4150
4151 4148 4152
4152 4153 4154
4152 4154 4155
4155 4154 4156
4155 4156 4157
4157 4156 4158
4157 4158 4159
4160 4161 4159
4160 4159 4158
4122 4160 4158
4122 4158 4123
4123 4158 4156
4123 4156 4128
4128 4156 4154
4128 4154 4125
4125 4154 4162
4125 4162 4163
4164 4165 4166
4164 4166 4167
4167 4166 4168
4167 4168 4169
4170 4171 4172
4170 4172 4173
4174 4175 4176
4174 4176 4177
4178 4179 4180
4181 4182 4183
4184 4138 4137
4185 4186 4161
4185 4161 4160
4160 4122 4185
4187 4185 4122
4187 4122 4121
4188 4146 4189
4188 4189 4190
4190 4189 4191
4190 4191 4192
4193 4194 4195
4193 4195 4196
4197 4198 4199
4197 4199 4200
4201 4202 4198
4201 4198 4197
4203 4204 4205
4203 4205 4053
4206 4207 4208
4206 4208 4209
4200 4199 4194
4200 4194 4193
4203 4053 4201
4209 4208 4205
4209 4205 4204
4206 4210 4211
4206 4211 4207
4212 4213 4214
4212 4214 4215
4216 4217 4218
4216 4218 4219
4220 4221 4222
4220 4222 4223
4221 4224 4225
4221 4225 4222
4224 4226 4227
4224 4227 4225
4226 4228 4229
4226 4229 4227
4228 4230 4231
4228 4231 4229
4230 4232 4233
4230 4233 4231
4232 4234 4235
4232 4235 4233
4212 4215 4236
4212 4236 4237
4238 4239 4240
4238 4240 4241
4242 4243 4244
4242 4244 4245
4234 4246 4247
4234 4247 4235
4196 4195 4248
4196 4248 4249
4132 4131 4250
4132 4250 4251
4252 4253 4254
4255 4256 4257
4255 4257 4258
4065 4055 4058
4065 4058 4066
4143 4135 4138
4143 4138 4144
4210 4259 4211
4254 4253 4260
4254 4260 4261
4262 4108 4107
4262 4107 4263
4061 4262 4263
4061 4263 4059
4053 4202 4201
4056 4055 4264
4265 4266 4267
4268 4269 4270
4268 4270 4271
4272 4273 4274
4256 4275 4276
4256 4276 4257
4272 4277 4273
4106 4109 4105
4106 4105 4104
4273 4277 4264
4273 4264 4055
4052 4054 4278
4279 4278 4054
4279 4054 4280
4281 4279 4280
4281 4280 4282
4281 4282 4283
4281 4283 4284
4285 4286 4287
4285 4287 4288
4289 4290 4291
4289 4291 4292
4292 4291 4293
4292 4293 4294
4295 4294 4296
4295 4296 4297
4298 4295 4297
4298 4297 4299
4298 4299 4300
4301 4302 4290
4301 4290 4289
4303 4304 4284
4303 4284 4283
4305 4306 4307
4305 4307 4308
4309 4310 4311
4309 4311 4312
4313 4314 4315
4316 4317 4318
4286 4285 4319
4320 4321 4267
4320 4267 4266
4272 4322 4323
4324 4325 4326
4327 4269 4328
4329 4328 4330
4329 4330 4331
4329 4331 4050
4049 4060 4051
4332 4333 4334
4335 4334 4333
4335 4333 4336
4337 4335 4336
4337 4336 4338
4339 4340 4341
4271 4270 4325
4271 4325 4342
4343 4344 4345
4316 4346 4347
4316 4347 4317
4314 4348 4315
4349 4343 4345
4272 4274 4322
4350 4351 4309
4350 4309 4312
4352 4351 4350
4352 4350 4353
4354 4355 4356
4354 4356 4357
4358 4359 4360
4358 4360 4361
4362 4363 4364
4365 4366 4367
4365 4367 4368
4369 4050 4051
4369 4051 4370
4371 4369 4370
4371 4370 4372
4373 4371 4372
4373 4372 4374
4338 4375 4376
4338 4376 4337
4377 4378 4379
4380 4381 4376
4380 4376 4375
4293 4296 4294
4374 4382 4383
4383 4384 4379
4383 4379 4378
4378 4385 4386
4378 4386 4383
4383 4386 4373
4383 4373 4374
4387 4381 4380
4377 4385 4378
4372 4388 4374
4382 4384 4383
4374 4388 4382
4389 4390 4391
4392 4393 4389
4392 4389 4391
4345 4365 4393
4345 4393 4392
4345 4344 4366
4345 4366 4365
4394 4395 4396
4394 4396 4397
4397 4398 4394
4395 4399 4396
4400 4401 4402
4400 4402 4403
4402 4401 4404
4402 4404 4405
4406 4407 4408
4406 4408 4409
4410 4409 4408
4410 4408 4411
4410 4411 4412
4413 4414 4405
4413 4405 4404
4415 4416 4417
4415 4417 4418
4419 4120 4119
4419 4119 4420
4421 4419 4420
4421 4420 4422
4423 4424 4425
4423 4425 4426
4427 4428 4429
4430 4431 4432
4430 4432 4433
4113 4434 4435
4113 4435 4110
4436 4432 4431
4436 4431 4437
4438 4429 4428
4438 4428 4439
4440 4441 4436
4440 4436 4437
4442 4438 4439
4442 4439 4443
4444 4445 4446
4444 4446 4447
4364 4363 4423
4092 4091 4080
4092 4080 4117
4079 4083 4117
4117 4083 4046
4117 4046 4050
4117 4050 4331
4448 4449 4450
4451 4450 4449
4451 4449 4452
4453 4454 4455
4453 4455 4456
4422 4453 4456
4422 4456 4421
4457 4458 4459
4457 4459 4460
4460 4459 4331
4117 4331 4461
4462 4463 4464
4452 4465 4451
4466 4455 4454
4466 4454 4467
4451 4465 4468
4468 4465 4469
4468 4469 4470
4463 4470 4469
4463 4469 4464
4471 4472 4458
4471 4458 4473
4474 4471 4473
4474 4473 4475
4474 4475 4476
4477 4466 4467
4478 4476 4479
4459 4458 4472
4459 4472 4480
4458 4457 4481
4458 4481 4473
4475 4473 4481
4475 4481 4482
4475 4479 4476
4475 4482 4479
4459 4461 4331
4459 4480 4461
4269 4327 4483
4269 4483 4270
4270 4483 4326
4270 4326 4325
4484 4485 4390
4324 4486 4325
4486 4342 4325
4269 4268 4330
4328 4269 4330
4487 4488 4489
4487 4489 4490
4487 4491 4492
4487 4492 4488
4491 4364 4423
4491 4423 4492
4339 4493 4340
4245 4244 4494
4245 4494 4495
4423 4363 4424
4496 4497 4498
4070 4499 4500
4070 4500 4067
4501 4502 4503
4501 4503 4504
4505 4504 4503
4505 4503 4506
4505 4506 4507
4508 4509 4510
4508 4510 4511
4512 4510 4509
4512 4509 4513
4512 4513 4514
4512 4514 4515
4516 4517 4518
4516 4518 4519
4516 4519 4520
4516 4520 4521
4522 4523 4518
4522 4518 4517
4524 4525 4526
4524 4526 4527
4528 4529 4530
4528 4530 4531
4532 4533 4078
4532 4078 4073
4534 4531 4530
4535 4536 4537
4535 4537 4538
4539 4540 4541
4542 4100 4426
4542 4426 4543
4097 4100 4542
4544 4545 4546
4547 4540 4548
4547 4548 4549
4426 4425 4543
4550 4551 4552
4496 4553 4554
4097 4542 4555
4542 4556 4555
4557 4558 4559
4560 4557 4559
4540 4547 4541
4077 4081 4073
4081 4074 4073
4219 4218 4561
4219 4561 4562
4563 4564 4565
4566 4567 4568
4566 4568 4569
4528 4569 4568
4528 4568 4529
4570 4571 4572
4570 4572 4573
4223 4217 4216
4223 4216 4220
4574 4575 4576
4574 4576 4577
4567 4566 4565
4567 4565 4564
4578 4576 4575
4578 4575 4579
4580 4572 4571
4580 4571 4581
4582 4570 4573
4583 4578 4579
4584 4580 4581
4584 4581 4585
4585 4586 4587
4585 4587 4584
4588 4574 4577
4588 4577 4589
4588 4589 4533
4588 4533 4532
4590 4591 4592
4591 4593 4594
4591 4594 4592
4595 4596 4594
4595 4594 4593
4595 4597 4598
4595 4598 4596
4597 4599 4598
4600 4601 4559
4600 4559 4558
4602 4603 4604
4605 4606 4607
4605 4607 4608
4600 4605 4608
4600 4608 4601
4609 4430 4433
4071 4076 4075
4071 4075 4072
4508 4511 4502
4508 4502 4501
4094 4112 4096
4112 4111 4096
4148 4610 4147
4611 4612 4613
4611 4613 4614
4613 4612 4615
4613 4615 4616
4615 4617 4618
4615 4618 4616
4176 4619 4177
4213 4620 4214
4176 4175 4621
4176 4621 4622
4622 4623 4624
4622 4624 4625
4617 4619 4176
4617 4176 4618
4626 4624 4623
4626 4623 4145
4610 4626 4145
4610 4145 4147
4625 4624 4616
4625 4616 4618
4176 4622 4625
4613 4616 4624
4613 4624 4626
4614 4613 4626
4614 4626 4610
4176 4625 4618
4151 4611 4614
4610 4148 4151
4610 4151 4614
4191 4627 4192
4628 4621 4629
4541 4547 4630
4631 4632 4633
4634 4632 4178
4634 4178 4180
4628 4146 4145
4628 4145 4623
4632 4634 4633
4175 4629 4621
4538 4537 4635
4636 4560 4559
4637 4638 4639
4496 4554 4497
4621 4628 4623
4621 4623 4622
4640 4641 4642
4640 4642 4643
4631 4644 4632
4645 4646 4627
4647 4648 4649
4650 4649 4648
4650 4648 4651
4650 4651 4652
4650 4652 4653
4149 4146 4188
4654 4655 4163
4654 4163 4162
4656 4657 4655
4656 4655 4654
4169 4168 4653
4169 4653 4652
4658 4659 4660
4658 4660 4661
4662 4658 4661
4662 4661 4663
4664 4165 4164
4665 4660 4659
4146 4149 4147
4148 4150 4153
4148 4153 4152
4657 4656 4662
4657 4662 4663
4666 4667 4668
4666 4668 4669
4172 4171 4667
4172 4667 4666
4670 4671 4672
4670 4672 4673
4670 4674 4173
4669 4668 4675
4676 4672 4671
4677 4645 4627
4678 4679 4627
4191 4677 4627
4134 4139 4680
4134 4680 4681
4682 4681 4680
4682 4680 4683
4684 4685 4686
4687 4688 4689
4687 4689 4690
4690 4691 4692
4141 4140 4693
4053 4052 4202
4694 4063 4062
4627 4646 4678
4690 4692 4687
4692 4695 4687
4678 4686 4685
4678 4685 4679
4678 4646 4696
4697 4698 4699
4700 4701 4702
4700 4702 4703
4700 4703 4704
4705 4706 4707
4707 4706 4708
4707 4708 4709
4710 4711 4712
4710 4712 4713
4674 4170 4173
4670 4673 4674
4682 4683 4704
4695 4682 4703
4702 4687 4695
4702 4695 4703
4682 4704 4703
4714 4715 4716
4717 4716 4715
4717 4715 4718
4182 4717 4718
4182 4718 4183
4134 4133 4130
4134 4130 4129
4079 4084 4083
4719 4720 4184
4721 4722 4723
4724 4250 4725
4724 4725 4726
4726 4725 4727
4728 4729 4730
4728 4730 4731
4732 4733 4719
4733 4734 4719
4719 4734 4735
4719 4735 4720
4736 4737 4738
4736 4738 4739
4740 4741 4742
4721 4743 4741
4721 4741 4692
4744 4745 4746
4747 4748 4749
4747 4749 4750
4751 4752 4753
4751 4753 4754
4738 4719 4184
4738 4184 4739
4251 4739 4184
4251 4184 4137
4132 4251 4137
4132 4137 4141
4132 4141 4693
4132 4693 4133
4133 4693 4755
4133 4755 4130
4130 4755 4756
4130 4756 4126
4126 4756 4757
4126 4757 4127
4127 4757 4124
4724 4758 4251
4724 4251 4250
4759 4748 4747
4759 4747 4760
4758 4736 4739
4758 4739 4251
4741 4743 4742
4746 4745 4761
4746 4761 4762
4763 4759 4760
4763 4760 4764
4722 4721 4692
4722 4692 4691
4765 4766 4311
4765 4311 4310
4541 4630 4767
4768 4587 4586
4398 4769 4394
4389 4484 4390
4698 4770 4699
4771 4772 4773
4771 4773 4774
4774 4773 4775
4774 4775 4776
4772 4771 4777
4772 4777 4778
4777 4779 4778
4720 4138 4184
4780 4781 4782
4783 4784 4785
4783 4785 4786
4787 4788 4789
4787 4789 4790
4791 4792 4780
4791 4780 4782
4793 4794 4788
4793 4788 4787
4795 4783 4786
4795 4786 4796
4797 4798 4792
4797 4792 4791
4799 4800 4794
4799 4794 4793
4801 4795 4796
4801 4796 4802
4797 4803 4804
4797 4804 4798
4805 4806 4800
4805 4800 4799
4807 4801 4802
4807 4802 4808
4809 4810 4804
4809 4804 4803
4811 4805 4812
4813 4807 4808
4813 4808 4814
4809 4815 4816
4809 4816 4810
4817 4813 4814
4817 4814 4818
4819 4820 4821
4819 4821 4822
4812 4823 4824
4812 4824 4811
4811 4806 4805
4825 4826 4827
4828 4829 4830
4828 4830 4826
4831 4832 4833
4831 4833 4834
4835 4831 4834
4835 4834 4836
4837 4835 4836
4837 4836 4838
4829 4837 4838
4829 4838 4830
4825 4839 4828
4825 4828 4826
4781 4840 4782
4780 4841 4781
4842 4843 4844
4845 4846 4847
4845 4847 4848
4849 4850 4843
4849 4843 4842
4851 4852 4853
4854 4855 4856
4854 4856 4857
4858 4859 4860
4848 4847 4861
4848 4861 4862
4855 4854 4863
4855 4863 4864
4850 4849 4865
4850 4865 4866
4867 4862 4868
4863 4869 4864
4856 4870 4871
4856 4871 4857
4866 4865 4851
4866 4851 4853
4869 4872 4873
4869 4873 4874
4846 4875 4870
4846 4870 4856
4846 4856 4855
4846 4855 4847
4864 4861 4847
4864 4847 4855
4868 4861 4876
4876 4874 4877
4853 4874 4873
4853 4873 4866
4866 4873 4860
4878 4843 4850
4878 4850 4860
4871 4879 4857
4857 4880 4854
4881 4863 4854
4881 4854 4880
4869 4863 4881
4869 4881 4882
4869 4882 4883
4869 4883 4872
4884 4885 4886
4884 4886 4859
4858 4860 4873
4885 4844 4886
4887 4872 4883
4887 4883 4888
4889 4890 4891
4889 4891 4892
4893 4894 4895
4893 4895 4896
4897 4898 4889
4897 4889 4892
4899 4900 4901
4899 4901 4902
4903 4904 4905
4903 4905 4906
4907 4908 4909
4907 4909 4910
4911 4912 4913
4911 4913 4914
4915 4916 4898
4915 4898 4897
4917 4918 4919
4917 4919 4920
4921 4922 4923
4921 4923 4924
4925 4926 4927
4925 4927 4928
4929 4930 4931
4929 4931 4932
4900 4899 4916
4900 4916 4915
4933 4934 4935
4933 4935 4936
4919 4918 4937
4905 4904 4938
4905 4938 4939
4940 4941 4942
4940 4942 4943
4942 4941 4944
4942 4944 4945
4945 4944 4946
4945 4946 4947
4948 4949 4947
4948 4947 4946
4949 4948 4950
4949 4950 4951
4910 4952 4953
4910 4953 4907
4954 4955 4956
4954 4956 4957
4958 4959 4957
4958 4957 4956
4960 4961 4962
4960 4962 4963
4964 4962 4961
4964 4961 4965
4966 4951 4950
4966 4950 4967
4846 4845 4875
4857 4879 4880
4853 4852 4877
4868 4862 4861
4876 4861 4864
4876 4864 4874
4937 4918 4968
4877 4874 4853
4858 4873 4872
4858 4872 4887
4878 4860 4859
4878 4859 4886
4844 4843 4878
4886 4844 4878
4969 4970 4971
4972 4973 4970
4972 4970 4969
4974 4975 4976
4974 4976 4977
4978 4979 4975
4978 4975 4974
4980 4981 4982
4980 4982 4983
4984 4981 4980
4984 4980 4985
4986 4987 4988
4986 4988 4989
4990 4991 4986
4990 4986 4989
4992 4977 4976
4992 4976 4993
4987 4994 4995
4987 4995 4988
4996 4973 4972
4996 4972 4997
4992 4993 4998
4994 4999 5000
4996 4997 4979
4996 4979 4978
4991 4990 4984
4993 4995 5000
4993 5000 4998
4993 4976 4988
4993 4988 4995
4988 4976 4975
4988 4975 4989
4979 4990 4989
4979 4989 4975
4979 4997 5001
4979 5001 4990
4997 4972 4981
4997 4981 5001
5002 4999 4994
5003 5002 4994
5003 4994 4987
5004 5003 4987
5004 4987 4986
5005 5004 4991
5006 5005 4991
5006 4991 5007
5008 4985 4980
4981 4972 4969
4981 4969 4982
4984 5009 5007
5010 4983 4971
5009 5011 5006
5009 5006 5007
5012 5013 5014
5012 5014 5015
5014 5016 5017
5014 5017 5015
5018 5019 5020
5018 5020 5021
5021 5022 5023
5021 5023 5018
5024 5025 5026
5024 5026 5027
5020 5019 5028
5020 5028 5029
5016 5030 5031
5016 5031 5017
5032 5029 5028
5032 5028 5033
5034 5035 5036
5034 5036 5037
5022 5031 5030
5022 5030 5023
5038 5032 5033
5038 5033 5039
5040 5036 5035
5040 5035 5041
5040 5041 5042
5040 5042 5043
5044 5043 5042
5044 5042 5045
5046 5044 5045
5046 5045 5047
5047 5048 5049
5047 5049 5046
5050 5051 5025
5050 5025 5024
5050 5052 5053
5050 5053 5051
5054 5053 5052
5054 5052 5055
5056 5057 5058
5056 5058 5059
5058 5057 5060
5058 5060 5061
5062 5049 5048
5062 5048 5063
5010 5008 4980
5010 4980 4983
4969 4971 4982
4971 4983 4982
4984 5001 4981
4984 4990 5001
4991 4984 5007
5064 5065 5066
5064 5066 5067
5068 5069 5070
5068 5070 5071
5072 5067 5073
5072 5073 5074
5075 5076 5077
5075 5077 5078
5079 5080 5081
5079 5081 5082
5083 5084 5085
5083 5085 5086
5078 5077 5087
5078 5087 5088
5089 5090 5091
5089 5091 5092
5093 5082 5081
5093 5081 5094
5090 5089 5095
5096 5097 5088
5096 5088 5087
5098 5099 5100
5080 5079 5101
5080 5101 5102
5080 5102 5100
5080 5100 5099
5091 5094 5081
5091 5081 5103
5104 5088 5097
5088 5105 5070
5088 5070 5078
5078 5070 5069
5078 5069 5075
5073 5085 5084
5073 5084 5106
5107 5101 5079
5108 5096 5087
5108 5087 5109
5077 5110 5109
5077 5109 5087
5111 5086 5112
5111 5112 5113
5114 5113 5112
5067 5072 5064
5114 5065 5115
5114 5115 5116
5117 5118 5119
5117 5119 5076
5077 5076 5120
5121 5122 5123
5124 5125 5126
5124 5126 5127
5128 5129 5126
5128 5126 5125
5130 5124 5127
5130 5127 5131
5130 5131 5132
5130 5132 5133
5134 5135 5136
5134 5136 5137
5138 5139 5140
5138 5140 5141
5142 5143 5144
5142 5144 5145
5146 5147 5148
5146 5148 5149
5150 5151 5140
5150 5140 5139
5151 5150 5152
5151 5152 5153
5154 5155 5156
5154 5156 5157
5152 5158 5159
5152 5159 5153
5160 5161 5162
5163 5164 5132
5165 5166 5156
5165 5156 5155
5167 5166 5165
5167 5165 5168
5169 5167 5168
5169 5168 5170
5171 5172 5173
5171 5173 5174
5172 5175 5176
5172 5176 5173
5177 5178 5136
5177 5136 5135
5179 5180 5181
5179 5181 5182
5183 5184 5179
5183 5179 5182
5185 5186 5187
5185 5187 5188
5189 5190 5191
5192 5193 5194
5192 5194 5195
5195 5196 5197
5195 5197 5192
5198 5199 5200
5198 5200 5201
5202 5203 5204
5202 5204 5205
5206 5207 5208
5206 5208 5209
5210 5206 5209
5210 5209 5211
5176 5175 5212
5176 5212 5213
5084 5083 5214
5084 5214 5215
5083 5216 5214
5075 5069 5106
5075 5106 5084
5069 5068 5217
5069 5217 5106
5071 5070 5105
5076 5075 5215
5084 5215 5075
5076 5215 5117
5080 5099 5103
5080 5103 5081
5218 5103 5099
5218 5099 5098
5077 5120 5110
5110 5120 5219
5220 5142 5145
5132 5164 5133
5104 5090 5095
5105 5088 5104
5095 5089 5221
5104 5097 5090
5222 5082 5093
5222 5093 5223
5082 5222 5107
5082 5107 5079
5103 5218 5092
5103 5092 5091
5093 5094 5097
5093 5097 5096
5094 5091 5090
5094 5090 5097
5147 5138 5141
5147 5141 5148
5169 5170 5171
5169 5171 5174
5223 5093 5096
5223 5096 5108
5224 5225 5226
5227 5228 5229
5227 5229 5230
5231 5232 5233
5231 5233 5234
5235 5236 5237
5235 5237 5238
5239 5240 5241
5239 5241 5242
5243 5244 5245
5243 5245 5246
5241 5240 5227
5241 5227 5230
5236 5243 5246
5236 5246 5237
5242 5247 5248
5242 5248 5239
5245 5244 5249
5245 5249 5250
5250 5247 5242
5250 5242 5245
5242 5241 5246
5242 5246 5245
5241 5230 5237
5241 5237 5246
5230 5229 5238
5230 5238 5237
5238 5229 5251
5238 5251 5233
5252 5249 5244
5252 5244 5253
5254 5253 5244
5254 5244 5243
5255 5254 5243
5255 5243 5236
5256 5255 5236
5256 5236 5235
5257 5231 5234
5233 5251 5225
5232 5238 5233
5238 5232 5235
5258 5225 5224
5233 5225 5234
5235 5259 5260
5235 5260 5256
5261 5262 5263
5261 5263 5264
5265 5264 5263
5265 5263 5266
5267 5268 5269
5267 5269 5270
5271 5272 5273
5271 5273 5274
5275 5276 5277
5275 5277 5278
5265 5266 5268
5265 5268 5267
5269 5277 5276
5269 5276 5270
5278 5279 5280
5278 5280 5275
5280 5279 5281
5280 5281 5282
5283 5284 5285
5283 5285 5286
5287 5288 5289
5287 5289 5290
5291 5292 5285
5291 5285 5284
5293 5292 5291
5293 5291 5294
5294 5295 5296
5294 5296 5293
5295 5297 5298
5295 5298 5296
5299 5298 5297
5299 5297 5300
5272 5301 5302
5272 5302 5273
5303 5304 5305
5303 5305 5306
5305 5307 5308
5305 5308 5306
5309 5310 5311
5309 5311 5312
5309 5312 5313
5309 5313 5314
5315 5316 5299
5315 5299 5300
5235 5232 5259
5317 5251 5229
5317 5229 5228
5317 5226 5225
5317 5225 5251
5225 5258 5257
5225 5257 5234
5064 5318 5115
5064 5115 5065
5114 5112 5065
5112 5066 5065
4994 5000 4995
5116 5115 5319
5122 5186 5185
5122 5185 5123
5190 5184 5183
5190 5183 5191
5115 5318 5319
4866 4860 4850
4864 4869 4874
4991 5004 4986
5106 5217 5074
5106 5074 5073
5066 5112 5086
5066 5086 5085
5067 5066 5085
5067 5085 5073
5216 5083 5086
5216 5086 5111
5188 5187 5129
5188 5129 5128
5180 5320 5321
5180 5321 5181
5322 5323 5324
5325 5326 5327
5325 5327 5328
5329 5322 5324
5329 5324 5330
5331 5332 5333
5334 5335 5336
5334 5336 5337
5338 5339 5340
5326 5341 5342
5326 5342 5327
5337 5343 5344
5337 5344 5334
5330 5345 5346
5330 5346 5329
5347 5348 5341
5344 5343 5349
5350 5351 5336
5350 5336 5335
5331 5346 5345
5331 5345 5332
5349 5352 5353
5349 5353 5354
5328 5336 5351
5328 5351 5355
5328 5327 5337
5328 5337 5336
5343 5337 5327
5343 5327 5342
5348 5356 5342
5356 5357 5352
5332 5345 5353
5332 5353 5352
5345 5339 5353
5358 5339 5330
5358 5330 5324
5350 5335 5359
5335 5334 5360
5361 5360 5334
5361 5334 5344
5349 5362 5361
5349 5361 5344
5349 5354 5363
5349 5363 5362
5364 5340 5365
5364 5365 5366
5338 5353 5339
5366 5365 5323
5367 5368 5363
5367 5363 5354
5369 5370 5371
5369 5371 5372
5373 5374 5375
5373 5375 5376
5377 5370 5369
5377 5369 5378
5379 5380 5381
5379 5381 5382
5383 5384 5385
5383 5385 5386
5387 5388 5389
5387 5389 5390
5391 5374 5373
5391 5373 5392
5393 5377 5378
5393 5378 5394
5395 5396 5397
5395 5397 5398
5399 5391 5392
5399 5392 5400
5375 5401 5402
5375 5402 5376
5403 5404 5405
5403 5405 5406
5382 5393 5394
5382 5394 5379
5402 5401 5407
5402 5407 5408
5397 5409 5398
5385 5410 5411
5385 5411 5386
5412 5413 5414
5412 5414 5415
5414 5416 5417
5414 5417 5415
5416 5418 5419
5416 5419 5417
5420 5419 5418
5420 5418 5421
5421 5422 5423
5421 5423 5420
5388 5387 5424
5388 5424 5425
5426 5427 5428
5426 5428 5429
5430 5428 5427
5430 5427 5431
5432 5433 5434
5432 5434 5435
5436 5437 5435
5436 5435 5434
5438 5439 5423
5438 5423 5422
5328 5355 5325
5335 5360 5359
5332 5357 5333
5348 5342 5341
5356 5343 5342
5356 5352 5343
5409 5440 5398
5357 5332 5352
5338 5354 5353
5338 5367 5354
5358 5365 5340
5358 5340 5339
5323 5358 5324
5365 5358 5323
5441 5442 5443
5444 5441 5443
5444 5443 5445
5446 5447 5448
5446 5448 5449
5450 5446 5449
5450 5449 5451
5452 5453 5454
5452 5454 5455
5456 5457 5452
5456 5452 5455
5458 5459 5460
5458 5460 5461
5462 5459 5458
5462 5458 5463
5464 5465 5448
5464 5448 5447
5461 5460 5466
5461 5466 5467
5468 5469 5444
5468 5444 5445
5464 5470 5465
5467 5471 5472
5468 5450 5451
5468 5451 5469
5463 5456 5462
5465 5470 5471
5465 5471 5466
5465 5466 5460
5465 5460 5448
5460 5459 5449
5460 5449 5448
5451 5449 5459
5451 5459 5462
5451 5462 5473
5451 5473 5469
5469 5473 5455
5469 5455 5444
5474 5467 5472
5475 5461 5467
5475 5467 5474
5476 5458 5461
5476 5461 5475
5477 5463 5476
5478 5479 5463
5478 5463 5477
5480 5452 5457
5455 5454 5441
5455 5441 5444
5456 5479 5481
5482 5442 5453
5481 5479 5478
5481 5478 5483
5484 5485 5486
5484 5486 5487
5486 5485 5488
5486 5488 5489
5490 5491 5492
5490 5492 5493
5491 5490 5494
5491 5494 5495
5496 5497 5498
5496 5498 5499
5492 5500 5501
5492 5501 5493
5489 5488 5502
5489 5502 5503
5504 5505 5501
5504 5501 5500
5506 5507 5508
5506 5508 5509
5495 5494 5503
5495 5503 5502
5510 5511 5505
5510 5505 5504
5512 5513 5509
5512 5509 5508
5512 5514 5515
5512 5515 5513
5516 5517 5515
5516 5515 5514
5518 5519 5517
5518 5517 5516
5519 5518 5520
5519 5520 5521
5522 5496 5499
5522 5499 5523
5522 5523 5524
5522 5524 5525
5526 5527 5525
5526 5525 5524
5528 5529 5530
5528 5530 5531
5528 5532 5533
5528 5533 5529
5534 5535 5521
5534 5521 5520
5482 5453 5452
5482 5452 5480
5441 5454 5442
5442 5454 5453
5456 5455 5473
5456 5473 5462
5463 5479 5456
5536 5537 5538
5536 5538 5539
5540 5541 5542
5540 5542 5543
5544 5545 5546
5544 5546 5537
5547 5548 5549
5547 5549 5550
5551 5552 5553
5551 5553 5554
5555 5556 5557
5555 5557 5558
5559 5547 5550
5559 5550 5560
5561 5562 5563
5561 5563 5564
5553 5552 5565
5553 5565 5566
5564 5567 5561
5568 5559 5560
5568 5560 5569
5570 5571 5572
5554 5573 5574
5554 5574 5551
5554 5572 5571
5554 5571 5573
5563 5575 5553
5563 5553 5566
5576 5569 5560
5542 5577 5560
5542 5560 5550
5550 5549 5543
5550 5543 5542
5546 5578 5558
5546 5558 5557
5579 5551 5574
5580 5581 5559
5580 5559 5568
5581 5582 5547
5581 5547 5559
5583 5584 5585
5583 5585 5556
5586 5585 5584
5537 5536 5544
5586 5587 5588
5586 5588 5539
5589 5548 5590
5589 5590 5591
5547 5592 5548
5593 5594 5595
5596 5597 5598
5596 5598 5599
5600 5599 5598
5600 5598 5601
5602 5603 5597
5602 5597 5596
5602 5604 5605
5602 5605 5603
5606 5607 5608
5606 5608 5609
5610 5611 5612
5610 5612 5613
5614 5615 5616
5614 5616 5617
5618 5619 5620
5618 5620 5621
5622 5613 5612
5622 5612 5623
5623 5624 5625
5623 5625 5622
5626 5627 5628
5626 5628 5629
5625 5624 5630
5625 5630 5631
5632 5633 5634
5635 5605 5636
5637 5629 5628
5637 5628 5638
5639 5640 5637
5639 5637 5638
5641 5642 5640
5641 5640 5639
5643 5644 5645
5643 5645 5646
5646 5645 5647
5646 5647 5648
5649 5609 5608
5649 5608 5650
5651 5652 5653
5651 5653 5654
5655 5652 5651
5655 5651 5656
5657 5658 5659
5657 5659 5660
5661 5662 5663
5664 5665 5666
5664 5666 5667
5665 5664 5668
5665 5668 5669
5670 5671 5672
5670 5672 5673
5674 5675 5676
5674 5676 5677
5678 5679 5680
5678 5680 5681
5682 5683 5679
5682 5679 5678
5647 5684 5685
5647 5685 5648
5558 5686 5687
5558 5687 5555
5555 5687 5688
5549 5558 5578
5549 5578 5543
5543 5578 5689
5543 5689 5540
5541 5577 5542
5548 5686 5549
5558 5549 5686
5548 5589 5686
5554 5553 5575
5554 5575 5572
5572 5575 5690
5572 5690 5570
5547 5582 5592
5582 5691 5592
5692 5615 5614
5605 5604 5693
5576 5567 5564
5577 5576 5560
5567 5694 5561
5576 5564 5569
5695 5696 5565
5695 5565 5552
5579 5695 5552
5579 5552 5551
5562 5690 5575
5562 5575 5563
5565 5568 5569
5565 5569 5566
5566 5569 5564
5566 5564 5563
5621 5620 5611
5621 5611 5610
5641 5644 5643
5641 5643 5642
5696 5580 5568
5696 5568 5565
5697 5698 5699
5700 5701 5702
5700 5702 5703
5704 5705 5706
5704 5706 5707
5708 5709 5710
5708 5710 5711
5712 5713 5714
5712 5714 5715
5716 5717 5718
5716 5718 5719
5714 5701 5700
5714 5700 5715
5711 5710 5717
5711 5717 5716
5713 5712 5720
5713 5720 5721
5718 5722 5723
5718 5723 5719
5722 5718 5713
5722 5713 5721
5713 5718 5717
5713 5717 5714
5714 5717 5710
5714 5710 5701
5701 5710 5709
5701 5709 5702
5709 5706 5724
5709 5724 5702
5725 5726 5719
5725 5719 5723
5727 5716 5719
5727 5719 5726
5728 5711 5716
5728 5716 5727
5729 5708 5711
5729 5711 5728
5730 5705 5704
5706 5699 5724
5707 5706 5709
5709 5708 5707
5731 5697 5699
5706 5705 5699
5732 5733 5708
5732 5708 5729
5734 5735 5736
5734 5736 5737
5738 5739 5736
5738 5736 5735
5740 5741 5742
5740 5742 5743
5744 5745 5746
5744 5746 5747
5748 5749 5750
5748 5750 5751
5738 5740 5743
5738 5743 5739
5742 5741 5751
5742 5751 5750
5749 5748 5752
5749 5752 5753
5752 5754 5755
5752 5755 5753
5756 5757 5758
5756 5758 5759
5760 5761 5762
5760 5762 5763
5764 5759 5758
5764 5758 5765
5766 5767 5764
5766 5764 5765
5767 5766 5768
5767 5768 5769
5769 5768 5770
5769 5770 5771
5772 5773 5771
5772 5771 5770
5747 5746 5774
5747 5774 5775
5776 5777 5778
5776 5778 5779
5778 5777 5780
5778 5780 5781
5782 5783 5784
5782 5784 5785
5782 5786 5787
5782 5787 5783
5788 5773 5772
5788 5772 5789
5708 5733 5707
5790 5703 5702
5790 5702 5724
5790 5724 5699
5790 5699 5698
5699 5705 5730
5699 5730 5731
5536 5539 5588
5536 5588 5791
5586 5539 5585
5585 5539 5538
5467 5466 5471
5587 5792 5588
5595 5594 5657
5595 5657 5660
5663 5662 5655
5663 5655 5656
5588 5792 5791
5345 5330 5339
5343 5352 5349
5463 5458 5476
5578 5546 5545
5578 5545 5689
5538 5557 5556
5538 5556 5585
5537 5546 5557
5537 5557 5538
5688 5583 5556
5688 5556 5555
5658 5600 5601
5658 5601 5659
5654 5653 5793
5654 5793 5794
5795 5796 5797
5795 5797 5798
5799 5800 5801
5802 5801 5803
5804 5805 5803
5804 5803 5806
5807 5808 5806
5809 5810 5807
5809 5811 5812
5809 5812 5813
5814 5815 5816
5817 5818 5819
5820 5821 5822
5820 5822 5817
5823 5824 5821
5823 5821 5820
5823 5796 5795
5823 5795 5824
5825 5826 5815
5825 5815 5812
5827 5811 5828
5806 5829 5807
5829 5806 5803
5829 5803 5830
5801 5831 5803
5832 5831 5801
5800 5797 5833
5800 5833 5832
5834 5835 5796
5834 5796 5823
5836 5834 5823
5836 5823 5820
5820 5817 5819
5820 5819 5836
5815 5826 5816
5818 5817 5822
5837 5838 5839
5837 5839 5840
5841 5842 5843
5841 5843 5844
5845 5846 5843
5845 5843 5842
5847 5848 5849
5848 5850 5851
5852 5853 5854
5852 5854 5855
5856 5857 5858
5859 5860 5861
5860 5862 5863
5860 5863 5861
5862 5864 5865
5862 5865 5863
5864 5840 5839
5864 5839 5865
5866 5867 5868
5866 5868 5869
5870 5871 5872
5870 5872 5873
5874 5875 5876
5874 5876 5877
5878 5879 5874
5878 5874 5877
5880 5881 5882
5880 5882 5883
5884 5885 5886
5884 5886 5887
5888 5885 5884
5888 5884 5889
5890 5891 5892
5890 5892 5893
5894 5895 5896
5894 5896 5897
5897 5898 5899
5897 5899 5894
5867 5866 5899
5867 5899 5898
5900 5901 5902
5900 5902 5903
5904 5900 5903
5904 5903 5905
5906 5904 5905
5906 5905 5907
5908 5909 5910
5908 5910 5911
5911 5912 5913
5911 5913 5908
5914 5915 5916
5914 5916 5917
5917 5918 5919
5917 5919 5914
5920 5919 5918
5920 5918 5921
5892 5891 5920
5892 5920 5921
5922 5923 5924
5922 5924 5925
5896 5895 5926
5896 5926 5927
5807 5829 5828
5799 5801 5802
5832 5801 5800
5797 5800 5799
5797 5799 5798
5797 5796 5835
5797 5835 5833
5838 5837 5841
5838 5841 5844
5868 5871 5870
5868 5870 5869
5916 5915 5913
5916 5913 5912
5803 5805 5802
5830 5803 5831
5845 5847 5849
5845 5849 5846
5876 5875 5873
5876 5873 5872
5910 5909 5906
5910 5906 5907
5928 5929 5930
5931 5928 5932
5931 5932 5933
5934 5935 5936
5937 5935 5934
5937 5934 5938
5939 5937 5938
5939 5938 5940
5941 5939 5942
5941 5942 5943
5944 5941 5945
5946 5944 5947
5948 5946 5949
5950 5948 5949
5951 5948 5950
5951 5950 5952
5953 5951 5952
5954 5955 5953
5956 5955 5954
5929 5956 5957
5958 5959 5929
5958 5929 5928
5960 5958 5928
5960 5928 5931
5961 5962 5935
5961 5935 5937
5963 5961 5937
5963 5937 5939
5941 5964 5963
5941 5963 5939
5944 5964 5941
5965 5966 5951
5955 5965 5951
5959 5955 5956
5967 5968 5969
5967 5969 5970
5971 5967 5970
5971 5970 5972
5973 5974 5975
5973 5975 5976
5977 5973 5976
5977 5976 5978
5979 5977 5978
5979 5978 5980
5981 5979 5980
5981 5980 5982
5983 5981 5982
5983 5982 5984
5985 5983 5984
5985 5984 5965
5986 5985 5965
5986 5965 5987
5968 5986 5987
5968 5987 5969
5988 5989 5959
5988 5959 5958
5960 5990 5988
5960 5988 5958
5991 5992 5962
5991 5962 5961
5963 5993 5991
5963 5991 5961
5994 5993 5963
5995 5996 5997
5995 5997 5998
5966 5999 5948
5989 5955 5959
5970 5969 5989
5970 5989 5988
5972 5970 5988
5972 5988 5990
5976 5975 5992
5976 5992 5991
5978 5976 6000
6001 6002 6003
6004 6005 6001
6004 6001 6003
6006 6005 6004
6006 6004 6007
5984 5982 5999
5984 5999 5966
5965 5984 5966
5969 5987 5955
5969 5955 5989
6008 6009 6010
6008 6010 6011
6012 6009 6008
6012 6008 6013
6014 6015 6016
6014 6016 6017
6018 6014 6017
6018 6017 6019
6020 6018 6019
6020 6019 6021
6022 6023 6024
6022 6024 6025
6026 6023 6022
6026 6022 6027
6028 6026 6027
6028 6027 6029
6030 6028 6029
6030 6029 6031
6032 6030 6031
6032 6031 6033
6034 6032 6033
6034 6033 6035
6036 6034 6035
6036 6035 6037
6038 6039 6036
6038 6036 6037
6040 6041 6039
6040 6039 6038
6042 6043 6041
6042 6041 6040
6044 6045 6043
6044 6043 6042
6046 6047 6048
6046 6048 6049
6050 6006 6007
5948 5999 5998
6025 6024 6020
6025 6020 6021
5939 6051 5942
6051 5939 5940
5991 5993 6000
5993 5994 5997
6000 6052 5978
5978 6052 6053
5978 6053 5980
6053 6054 5980
6054 5999 5982
6049 6011 6010
6049 6010 6046
5928 5930 5932
5930 5929 6055
6044 6048 6047
6044 6047 6045
5929 6056 6055
6056 5929 5957
5963 5964 5994
5994 5964 5944
5994 5944 5946
5956 5954 6057
5959 5956 5929
6000 5976 5991
5945 5941 5943
5947 5944 5945
5949 5946 5947
5946 5998 5997
5946 5997 5994
6058 5993 5997
6058 5997 5996
6000 5993 6058
5998 5999 5995
5948 5998 5946
5980 6054 5982
5987 5965 5955
5957 5956 6057
5951 5966 5948
5953 5955 5951
5809 5807 5811
5813 5812 5815
5813 5815 5814
5827 5825 5812
5827 5812 5811
5855 5854 5856
5855 5856 5858
5887 5886 5882
5887 5882 5881
5924 5902 5901
5924 5901 5925
5828 5811 5807
5851 5853 5852
5878 5880 5883
5878 5883 5879
5807 5810 5808
5851 5850 5853
5849 5848 5851
5806 5808 5804
6059 6060 6061
6059 6061 6062
6063 6064 6065
6066 6067 6064
6068 6069 6067
6068 6067 6070
6071 6069 6072
6073 6071 6074
6075 6076 6073
6075 6073 6077
6078 6079 6080
6081 6082 6083
6084 6081 6085
6084 6085 6086
6087 6084 6086
6087 6086 6088
6087 6088 6059
6087 6059 6062
6080 6089 6090
6080 6090 6075
6091 6092 6076
6069 6071 6093
6093 6094 6067
6093 6067 6069
6064 6067 6095
6096 6064 6095
6065 6096 6097
6065 6097 6061
6098 6087 6062
6098 6062 6099
6100 6084 6087
6100 6087 6098
6084 6100 6082
6084 6082 6081
6080 6079 6089
6083 6085 6081
6101 6102 6103
6101 6103 6104
6105 6106 6107
6105 6107 6108
6109 6108 6107
6109 6107 6110
6111 6112 6113
6113 6114 6115
6116 6117 6118
6116 6118 6119
6120 6121 6122
6123 6124 6125
6125 6124 6126
6125 6126 6127
6127 6126 6128
6127 6128 6129
6129 6128 6103
6129 6103 6102
6130 6131 6132
6130 6132 6133
6134 6135 6136
6134 6136 6137
6138 6139 6140
6138 6140 6141
6142 6139 6138
6142 6138 6143
6144 6145 6146
6144 6146 6147
6148 6149 6150
6148 6150 6151
6152 6153 6148
6152 6148 6151
6154 6155 6156
6154 6156 6157
6158 6159 6160
6158 6160 6161
6159 6158 6162
6159 6162 6163
6133 6163 6162
6133 6162 6130
6164 6165 6166
6164 6166 6167
6168 6169 6165
6168 6165 6164
6170 6171 6169
6170 6169 6168
6172 6173 6174
6172 6174 6175
6173 6172 6176
6173 6176 6177
6178 6179 6180
6178 6180 6181
6179 6178 6182
6179 6182 6183
6184 6185 6183
6184 6183 6182
6156 6185 6184
6156 6184 6157
6186 6187 6188
6186 6188 6189
6160 6190 6191
6160 6191 6161
6071 6092 6093
6063 6066 6064
6096 6065 6064
6061 6060 6063
6061 6063 6065
6061 6097 6099
6061 6099 6062
6104 6106 6105
6104 6105 6101
6132 6131 6134
6132 6134 6137
6180 6177 6176
6180 6176 6181
6067 6066 6070
6094 6095 6067
6109 6110 6112
6109 6112 6111
6140 6136 6135
6140 6135 6141
6174 6171 6170
6174 6170 6175
6192 6193 6194
6195 6196 6197
6195 6197 6192
6198 6199 6200
6201 6202 6198
6201 6198 6200
6203 6204 6202
6203 6202 6201
6205 6206 6207
6205 6207 6203
6208 6209 6205
6210 6211 6208
6212 6213 6210
6214 6213 6212
6215 6216 6214
6215 6214 6212
6217 6216 6215
6218 6217 6219
6220 6218 6219
6194 6221 6220
6222 6192 6194
6222 6194 6223
6224 6195 6192
6224 6192 6222
6225 6201 6200
6225 6200 6226
6227 6203 6201
6227 6201 6225
6205 6203 6227
6205 6227 6228
6208 6205 6228
6229 6215 6230
6219 6215 6229
6223 6220 6219
6231 6232 6233
6231 6233 6234
6235 6236 6232
6235 6232 6231
6237 6238 6239
6237 6239 6240
6241 6242 6238
6241 6238 6237
6243 6244 6242
6243 6242 6241
6245 6246 6244
6245 6244 6243
6247 6248 6246
6247 6246 6245
6249 6229 6248
6249 6248 6247
6250 6251 6229
6250 6229 6249
6234 6233 6251
6234 6251 6250
6252 6222 6223
6252 6223 6253
6224 6222 6252
6224 6252 6254
6255 6225 6226
6255 6226 6256
6227 6225 6255
6227 6255 6257
6258 6227 6257
6259 6260 6261
6259 6261 6262
6230 6212 6263
6253 6223 6219
6232 6252 6253
6232 6253 6233
6236 6254 6252
6236 6252 6232
6238 6255 6256
6238 6256 6239
6242 6264 6238
6265 6266 6267
6268 6266 6265
6268 6265 6269
6270 6271 6268
6270 6268 6269
6248 6230 6263
6248 6263 6246
6229 6230 6248
6233 6253 6219
6233 6219 6251
6272 6273 6274
6272 6274 6275
6276 6277 6272
6276 6272 6275
6278 6279 6280
6278 6280 6281
6282 6283 6279
6282 6279 6278
6284 6285 6283
6284 6283 6282
6286 6287 6288
6286 6288 6289
6290 6291 6286
6290 6286 6289
6292 6293 6291
6292 6291 6290
6294 6295 6293
6294 6293 6292
6296 6297 6295
6296 6295 6294
6298 6299 6297
6298 6297 6296
6300 6301 6299
6300 6299 6298
6302 6301 6300
6302 6300 6303
6304 6302 6303
6304 6303 6305
6306 6304 6305
6306 6305 6307
6308 6306 6307
6308 6307 6309
6310 6311 6312
6310 6312 6313
6314 6271 6270
6212 6260 6263
6287 6285 6284
6287 6284 6288
6203 6207 6315
6315 6204 6203
6255 6264 6257
6257 6261 6258
6264 6242 6316
6242 6244 6317
6242 6317 6316
6317 6244 6318
6318 6246 6263
6311 6310 6274
6311 6274 6273
6192 6197 6193
6193 6319 6194
6308 6309 6313
6308 6313 6312
6194 6319 6320
6320 6221 6194
6227 6258 6228
6258 6210 6208
6258 6208 6228
6220 6321 6218
6223 6194 6220
6264 6255 6238
6209 6206 6205
6211 6209 6208
6213 6211 6210
6210 6258 6261
6210 6261 6260
6322 6262 6261
6322 6261 6257
6264 6322 6257
6260 6259 6263
6212 6210 6260
6244 6246 6318
6251 6219 6229
6221 6321 6220
6215 6212 6230
6217 6215 6219
6073 6076 6071
6077 6078 6080
6077 6080 6075
6075 6090 6091
6075 6091 6076
6119 6121 6120
6119 6120 6116
6149 6145 6144
6149 6144 6150
6167 6166 6188
6167 6188 6187
6092 6071 6076
6114 6118 6117
6147 6146 6142
6147 6142 6143
6071 6072 6074
6114 6117 6115
6112 6114 6113
6069 6068 6072
