byte offset: 0
first index: 76431
index count: 10116
topology: trianglelist
format: DXGI_FORMAT_R16_UINT

24659 24660 24661
24660 24659 24662
24663 24662 24664
24662 24663 24660
24662 24665 24664
24665 24666 24664
24665 24659 24667
24659 24665 24662
24665 24667 24668
24668 24666 24665
24666 24668 24669
24666 24669 24670
24670 24671 24666
24671 24670 24672
24666 24673 24664
24673 24666 24671
24671 24672 24674
24671 24675 24673
24675 24671 24674
24673 24675 24676
24676 24675 24677
24678 24679 24680
24681 24682 24683
24684 24685 24686
24687 24688 24689
24690 24691 24692
24693 24694 24695
24689 24688 24696
24697 24698 24699
24698 24697 24700
24701 24699 24698
24699 24701 24702
24699 24702 24703
24703 24702 24704
24703 24697 24699
24697 24703 24705
24703 24706 24705
24706 24704 24707
24704 24706 24703
24704 24708 24707
24708 24709 24710
24709 24708 24704
24704 24711 24709
24711 24704 24702
24709 24712 24710
24709 24713 24712
24713 24709 24711
24711 24714 24713
24714 24715 24713
24716 24717 24718
24719 24720 24721
24722 24723 24724
24725 24726 24727
24728 24729 24730
24731 24732 24733
24726 24734 24727
24735 24736 24737
24738 24739 24740
24741 24742 24743
24742 24741 24744
24742 24745 24743
24743 24745 24746
24743 24746 24747
24748 24749 24750
24751 24749 24752
24749 24751 24753
24754 24752 24755
24752 24754 24751
24756 24755 24757
24755 24756 24754
24758 24757 24759
24757 24758 24756
24753 24750 24749
24750 24753 24760
24758 24744 24741
24744 24758 24759
24761 24762 24763
24761 24764 24762
24764 24761 24765
24766 24767 24768
24767 24766 24769
24770 24771 24772
24771 24770 24773
24774 24770 24775
24776 24777 24774
24778 24776 24779
24776 24778 24780
24781 24779 24782
24779 24781 24778
24782 24783 24781
24783 24782 24784
24785 24783 24784
24763 24786 24787
24788 24765 24789
24766 24790 24791
24790 24766 24768
24792 24791 24790
24788 24791 24793
24791 24788 24789
24773 24794 24771
24794 24773 24795
24796 24790 24794
24790 24796 24797
24798 24794 24795
24794 24798 24796
24773 24799 24795
24799 24773 24777
24800 24795 24799
24795 24800 24798
24799 24777 24780
24801 24799 24780
24799 24801 24800
24780 24802 24801
24802 24780 24778
24778 24803 24802
24803 24778 24781
24781 24804 24803
24804 24781 24783
24783 24805 24804
24785 24806 24783
24790 24797 24792
24787 24765 24761
24765 24787 24789
24791 24787 24766
24787 24791 24789
24792 24793 24791
24807 24808 24809
24808 24807 24810
24776 24780 24777
24786 24811 24769
24812 24769 24811
24769 24812 24767
24813 24770 24772
24770 24813 24775
24774 24777 24770
24777 24773 24770
24786 24769 24766
24787 24761 24763
24762 24814 24763
24815 24809 24816
24809 24815 24807
24768 24794 24790
24794 24768 24771
24768 24772 24771
24772 24768 24767
24813 24767 24812
24767 24813 24772
24786 24766 24787
24817 24818 24819
24818 24817 24820
24821 24817 24819
24817 24821 24822
24783 24806 24805
24823 24824 24825
24824 24823 24826
24826 24827 24824
24827 24826 24828
24828 24829 24827
24829 24828 24830
24830 24831 24829
24831 24830 24832
24832 24833 24831
24833 24832 24834
24834 24835 24833
24835 24834 24836
24836 24837 24835
24837 24836 24838
24838 24839 24837
24839 24838 24840
24840 24841 24839
24841 24840 24842
24842 24843 24841
24843 24842 24844
24844 24845 24843
24845 24844 24846
24846 24847 24845
24847 24846 24848
24849 24847 24848
24847 24849 24850
24851 24852 24853
24852 24851 24854
24852 24854 24855
24854 24856 24855
24854 24857 24856
24858 24859 24860
24861 24860 24862
24860 24861 24863
24864 24863 24861
24863 24864 24865
24866 24865 24864
24865 24866 24867
24868 24867 24866
24867 24868 24869
24862 24859 24870
24859 24862 24860
24868 24853 24869
24853 24868 24851
24871 24872 24873
24871 24874 24875
24874 24871 24873
24876 24877 24878
24877 24876 24879
24880 24881 24882
24881 24880 24883
24884 24885 24880
24886 24884 24887
24888 24886 24889
24886 24888 24890
24891 24890 24888
24890 24891 24892
24892 24893 24894
24893 24892 24891
24895 24894 24893
24872 24896 24897
24898 24899 24875
24876 24900 24879
24900 24876 24901
24902 24900 24901
24898 24901 24899
24901 24898 24903
24882 24904 24905
24904 24882 24881
24906 24900 24907
24900 24906 24904
24908 24904 24906
24904 24908 24905
24882 24909 24887
24909 24882 24905
24910 24905 24908
24905 24910 24909
24909 24889 24887
24911 24909 24910
24909 24911 24889
24889 24912 24888
24912 24889 24911
24888 24913 24891
24913 24888 24912
24891 24914 24893
24914 24891 24913
24893 24914 24915
24895 24893 24916
24900 24902 24907
24896 24875 24899
24875 24896 24871
24901 24896 24899
24896 24901 24876
24902 24901 24903
24917 24918 24919
24918 24917 24920
24886 24887 24889
24897 24878 24921
24922 24878 24877
24878 24922 24921
24923 24880 24885
24880 24923 24883
24884 24880 24887
24887 24880 24882
24897 24876 24878
24896 24872 24871
24873 24872 24924
24925 24920 24917
24920 24925 24926
24879 24904 24881
24904 24879 24900
24879 24883 24877
24883 24879 24881
24923 24877 24883
24877 24923 24922
24897 24896 24876
24927 24928 24929
24928 24927 24930
24931 24927 24932
24927 24931 24930
24893 24915 24916
24933 24934 24935
24934 24933 24936
24935 24937 24938
24937 24935 24934
24938 24939 24940
24939 24938 24937
24940 24941 24942
24941 24940 24939
24942 24943 24944
24943 24942 24941
24944 24945 24946
24945 24944 24943
24946 24947 24948
24947 24946 24945
24948 24949 24950
24949 24948 24947
24950 24951 24952
24951 24950 24949
24952 24953 24954
24953 24952 24951
24954 24955 24956
24955 24954 24953
24956 24957 24958
24957 24956 24955
24959 24957 24960
24957 24959 24958
24961 24962 24963
24962 24961 24964
24965 24964 24961
24964 24965 24966
24967 24965 24968
24965 24967 24966
24969 24970 24971
24970 24972 24971
24972 24970 24973
24974 24972 24973
24975 24976 24974
24976 24975 24977
24977 24978 24976
24978 24977 24979
24979 24968 24978
24968 24979 24967
24980 24962 24964
24962 24980 24981
24982 24964 24966
24964 24982 24980
24983 24966 24967
24967 24984 24983
24984 24967 24979
24985 24975 24986
24975 24985 24977
24987 24988 24989
24988 24987 24990
24991 24990 24992
24990 24991 24988
24992 24993 24991
24993 24992 24994
24995 24996 24997
24996 24995 24998
24999 25000 25001
24970 25002 24973
25002 24970 25003
25002 24975 24973
25003 24996 25004
25005 25001 25000
25001 25005 25006
25007 25008 25009
25007 25010 25008
25011 25012 25013
25012 25011 25014
25015 25013 25016
25013 25015 25011
25017 25016 25018
25016 25017 25015
25019 25018 25020
25018 25019 25017
25021 25020 25022
25020 25021 25019
25023 25022 25024
25022 25023 25021
25024 25025 25023
25025 25024 25026
25027 25026 25028
25026 25027 25025
25003 25004 25029
25030 25031 25032
25031 25030 25033
25034 25029 25004
24986 25035 24985
25036 25034 25037
25037 25038 25039
25035 25040 25041
25042 25043 25034
25038 25034 25043
25034 25038 25037
25035 24984 24985
24984 25035 25044
25035 25039 25040
25039 25035 25037
25035 25041 25044
24984 25045 24983
25045 24984 25044
24983 25045 24982
25046 25045 25041
25047 25048 25049
25050 25051 25052
25052 25053 25050
25049 25050 25047
25050 25049 25051
25047 25046 25048
25046 25047 25045
25054 25032 25055
25032 25054 25030
25056 25055 25057
25055 25056 25054
25058 25057 25059
25057 25058 25056
25060 25059 25061
25059 25060 25058
25062 25061 25063
25061 25062 25060
25064 25065 25066
25065 25064 25067
25068 25066 25069
25066 25068 25064
25070 25069 25071
25069 25070 25068
25072 25071 25073
25071 25072 25070
25073 25074 25072
25074 25073 25075
25076 25075 25077
25075 25076 25074
25078 25079 25080
25001 25006 25080
25004 24996 24998
25034 25036 25002
24975 25002 25036
24975 25036 24986
25035 25036 25037
25036 25035 24986
25081 25077 25082
25077 25081 25076
25083 24987 24989
25008 25010 25084
24982 25047 25050
24981 25050 25053
25050 24981 24980
25053 25085 24981
25086 25087 25088
25087 25086 25089
25090 25091 25092
25091 25090 25093
25094 25095 25096
25091 25097 25092
25098 25096 25095
25096 25098 25099
25100 25101 25102
25101 25100 25103
25102 25104 25100
25104 25102 25105
25106 25104 25105
25104 25106 25107
25098 25106 25099
25106 25098 25107
25108 25109 25110
25109 25108 25111
25110 25112 25108
25112 25110 25113
25113 25114 25112
25114 25113 25115
25115 25116 25114
25116 25115 25117
25117 25118 25116
25118 25117 25119
25119 25120 25118
25120 25119 25121
25121 25122 25120
25122 25121 25123
25124 25125 25126
25125 25124 25109
25109 25111 25125
25127 25128 25129
25128 25127 25130
25130 25131 25132
25131 25130 25127
25132 25133 25134
25133 25132 25131
25134 25135 25136
25135 25134 25133
25136 25137 25138
25137 25136 25135
25138 25139 25140
25139 25138 25137
25140 25141 25142
25141 25140 25139
25143 25144 25145
25145 25128 25143
25128 25145 25129
25146 25147 25148
25147 25146 25149
25149 25150 25151
25150 25149 25146
25150 25152 25151
25153 25154 25155
25156 25153 25155
25157 25153 25156
25155 25154 25158
25159 25154 25160
25154 25159 25158
25160 25147 25159
25147 25160 25148
25161 25162 25163
25164 25165 25166
25165 25164 25167
25164 25168 25167
25168 25164 25169
25170 25171 25172
25173 25174 25175
25170 25176 25171
25177 25174 25173
25174 25177 25178
25176 25179 25180
25179 25176 25181
25182 25178 25177
25178 25182 25183
25184 25179 25181
25179 25184 25185
25186 25183 25182
25183 25186 25187
25187 25188 25189
25188 25187 25186
25190 25189 25188
25189 25190 25191
25192 25193 25194
25193 25192 25195
25196 25195 25197
25195 25196 25198
25199 25200 25201
25200 25199 25202
25203 25202 25199
25202 25203 25204
25205 25195 25192
25195 25205 25197
25201 25206 25207
25206 25201 25200
25208 25197 25205
25197 25208 25209
25210 25211 25212
25211 25210 25213
25214 25212 25215
25212 25214 25210
25213 25216 25211
25216 25213 25217
25209 25218 25219
25220 25221 25222
25223 25224 25225
25223 25226 25227
25227 25228 25229
25228 25227 25230
25231 25232 25233
25228 25234 25229
25234 25228 25235
25236 25237 25238
25237 25236 25239
25238 25240 25236
25240 25238 25241
25241 25242 25240
25242 25241 25243
25244 25245 25221
25246 25247 25248
25247 25246 25249
25250 25247 25249
25247 25250 25203
25251 25252 25253
25194 25254 25255
25254 25194 25193
25251 25256 25257
25256 25251 25253
25258 25259 25220
25259 25258 25260
25261 25262 25260
25263 25262 25261
25262 25259 25260
25253 25264 25265
25266 25253 25267
25253 25266 25268
25269 25270 25271
25270 25269 25272
25272 25273 25270
25273 25272 25274
25275 25246 25248
25246 25275 25276
25255 25254 25245
25255 25245 25244
25245 25254 25251
25277 25278 25279
25220 25222 25280
25221 25245 25222
25281 25166 25165
25204 25203 25250
25190 25169 25191
25169 25190 25168
25185 25282 25283
25282 25185 25184
25284 25285 25286
25287 25288 25289
25288 25287 25290
25283 25290 25287
25290 25283 25282
25289 25284 25286
25284 25289 25288
25171 25176 25180
25275 25243 25276
25243 25275 25242
25223 25225 25226
25227 25226 25230
25291 25292 25293
25292 25291 25294
25295 25234 25235
25234 25295 25296
25297 25298 25299
25298 25297 25300
25293 25300 25297
25300 25293 25292
25299 25296 25295
25296 25299 25298
25294 25291 25301
25170 25172 25302
25303 25304 25305
25304 25303 25306
25307 25308 25309
25308 25307 25310
25311 25308 25312
25308 25311 25309
25303 25311 25312
25311 25303 25305
25313 25314 25315
25314 25313 25316
25317 25316 25318
25316 25317 25314
25319 25318 25320
25318 25319 25317
25321 25320 25322
25320 25321 25319
25323 25324 25325
25324 25323 25326
25327 25324 25328
25324 25327 25325
25329 25328 25330
25328 25329 25327
25331 25330 25332
25330 25331 25329
25333 25334 25332
25335 25333 25336
25333 25335 25334
25337 25338 25339
25340 25334 25335
25334 25340 25341
25337 25342 25343
25332 25334 25331
25331 25334 25341
25339 25335 25337
25335 25339 25340
25335 25342 25337
25342 25335 25336
25344 25345 25346
25345 25344 25347
25348 25347 25344
25347 25348 25349
25349 25350 25351
25350 25349 25348
25088 25352 25353
25352 25088 25087
25354 25089 25086
25089 25354 25355
25356 25355 25354
25355 25356 25357
25358 25357 25359
25360 25358 25359
25358 25360 25361
25362 25359 25363
25359 25362 25360
25364 25337 25343
25357 25356 25359
25356 25363 25359
25360 25365 25337
25365 25360 25362
25364 25360 25337
25360 25364 25361
25353 25366 25367
25366 25353 25352
25368 25310 25307
25310 25368 25369
25323 25370 25326
25370 25323 25371
25372 25373 25374
25375 25373 25372
25376 25377 25378
25258 25220 25379
25380 25381 25382
25279 25267 25277
25267 25279 25266
25253 25252 25267
25251 25254 25252
25383 25384 25160
25163 25385 25161
25385 25163 25386
25384 25148 25160
25386 25206 25385
25206 25386 25207
25208 25218 25209
25220 25280 25379
25094 25090 25095
25090 25094 25093
25387 25388 25389
25388 25387 25390
25375 25372 25391
25273 25216 25392
25216 25273 25274
25216 25217 25392
25393 25394 25395
25393 25395 25396
25397 25398 25399
25400 25401 25397
25402 25403 25404
25403 25402 25405
25406 25404 25403
25404 25406 25407
25408 25400 25409
25400 25408 25401
25410 25407 25406
25407 25410 25411
25411 25412 25413
25412 25411 25410
25414 25415 25416
25417 25265 25264
25265 25417 25418
25269 25419 25420
25419 25269 25271
25421 25264 25422
25264 25421 25417
25422 25253 25268
25253 25422 25264
25398 25401 25423
25401 25398 25397
25423 25408 25424
25408 25423 25401
25425 25424 25414
25426 25427 25428
25393 25214 25215
25214 25393 25396
25409 25414 25408
25414 25409 25415
25391 25376 25375
25376 25391 25377
25417 25429 25418
25430 25431 25432
25433 25166 25281
25433 25281 25434
25315 25218 25313
25218 25315 25219
25346 25389 25388
25389 25346 25345
25387 25256 25390
25256 25387 25257
25257 25245 25251
25254 25435 25252
25435 25254 25193
25435 25195 25198
25195 25435 25193
25209 25196 25197
25277 25252 25435
25252 25277 25267
25435 25278 25277
25278 25435 25198
25198 25436 25278
25436 25198 25196
25436 25209 25437
25209 25436 25196
25219 25437 25209
25337 25365 25338
25438 25439 25440
25439 25438 25441
25442 25440 25443
25440 25442 25438
25444 25442 25443
25442 25444 25445
25446 25447 25448
25448 25449 25450
25449 25448 25447
25451 25452 25450
25452 25453 25454
25453 25452 25451
25454 25455 25456
25455 25454 25453
25456 25445 25444
25445 25456 25455
25457 25439 25458
25439 25457 25440
25459 25440 25457
25440 25459 25443
25460 25443 25459
25444 25461 25456
25461 25444 25460
25454 25461 25462
25461 25454 25456
25463 25464 25465
25464 25463 25466
25467 25465 25464
25465 25467 25468
25468 25469 25470
25469 25468 25467
25471 25472 25473
25472 25471 25474
25475 25476 25477
25478 25479 25480
25479 25478 25448
25448 25481 25479
25481 25448 25450
25481 25450 25452
25479 25482 25480
25483 25476 25484
25476 25483 25477
25485 25486 25472
25485 25472 25487
25488 25489 25490
25489 25488 25491
25492 25491 25488
25491 25492 25493
25494 25493 25492
25493 25494 25495
25496 25495 25494
25495 25496 25497
25498 25497 25496
25497 25498 25499
25500 25499 25498
25499 25500 25501
25501 25502 25503
25502 25501 25500
25504 25503 25502
25503 25504 25505
25479 25481 25506
25507 25508 25509
25508 25507 25510
25511 25512 25482
25513 25461 25514
25461 25513 25462
25515 25516 25511
25516 25517 25518
25513 25519 25520
25512 25511 25521
25518 25511 25516
25511 25518 25521
25513 25517 25516
25517 25513 25520
25513 25514 25519
25461 25522 25514
25522 25461 25460
25459 25523 25522
25524 25519 25522
25523 25525 25526
25527 25528 25529
25530 25527 25531
25525 25527 25529
25527 25525 25523
25523 25524 25522
25524 25523 25526
25532 25510 25507
25510 25532 25533
25534 25533 25532
25533 25534 25535
25536 25535 25534
25535 25536 25537
25538 25537 25536
25537 25538 25539
25540 25539 25538
25539 25540 25541
25542 25543 25544
25543 25542 25545
25546 25545 25542
25545 25546 25547
25548 25547 25546
25547 25548 25549
25550 25549 25548
25549 25550 25551
25551 25552 25553
25552 25551 25550
25554 25555 25556
25555 25554 25557
25446 25478 25558
25482 25559 25471
25511 25506 25481
25452 25515 25481
25452 25560 25515
25513 25515 25560
25515 25513 25516
25561 25555 25557
25555 25561 25562
25446 25448 25478
25563 25564 25558
25565 25466 25463
25566 25567 25563
25472 25474 25487
25459 25457 25527
25458 25527 25457
25527 25458 25531
25531 25458 25568
25569 25570 25571
25570 25569 25572
25573 25571 25574
25571 25573 25569
25575 25574 25576
25574 25575 25573
25575 25577 25578
25577 25575 25576
25577 25579 25580
25577 25580 25578
25569 25581 25572
25582 25583 25584
25583 25582 25585
25586 25585 25582
25585 25586 25587
25588 25587 25586
25587 25588 25589
25588 25590 25589
25590 25588 25591
25590 25592 25593
25590 25591 25592
25582 25584 25594
25595 25596 25597
25563 25478 25480
25598 25079 25078
25599 24970 24969
25599 25003 24970
25003 25599 24996
25567 25564 25563
24997 25078 25080
25478 25563 25558
24969 25598 25599
25424 25408 25414
25480 25566 25563
25598 25078 25599
25599 25078 24996
24996 25078 24997
25451 25450 25449
24974 24973 24975
25459 25527 25523
24982 25050 24980
25460 25459 25522
25045 25047 24982
25460 25444 25443
24983 24982 24966
25462 25452 25454
25452 25462 25560
25560 25462 25513
24977 24984 24979
24984 24977 24985
25527 25530 25528
25553 25554 25556
25554 25553 25552
25482 25471 25480
25473 25480 25471
25480 25473 25566
25567 25484 25476
25471 25559 25474
25477 25483 25600
25483 25472 25486
25484 25472 25483
25472 25484 25473
25567 25473 25484
25473 25567 25566
25483 25486 25600
25004 24998 25601
25008 24998 24995
24998 25008 25084
25601 24998 25084
25008 25005 25009
25005 25000 25602
25005 25602 25009
24995 25080 25006
25080 24995 24997
25008 25006 25005
25006 25008 24995
25003 25029 25002
25479 25506 25482
25034 25002 25029
25511 25481 25515
25034 25004 25042
25511 25482 25506
25041 25045 25044
25522 25519 25514
25603 25604 25605
25606 25607 25608
25609 25604 25603
25610 25611 25612
25613 25614 25615
25616 25617 25618
25617 25616 25619
25617 25620 25621
25613 25615 25622
25617 25619 25620
25623 25624 25625
25623 25626 25627
25623 25627 25624
25628 25629 25630
25631 25632 25633
25632 25631 25634
25635 25561 25636
25561 25635 25562
25637 25630 25629
25630 25637 25638
25639 25640 25641
25441 25640 25439
25640 25441 25642
25640 25643 25644
25643 25640 25642
25458 25639 25568
25639 25458 25439
25639 25439 25640
25645 25635 25636
25635 25645 25646
25640 25644 25641
25645 25634 25631
25647 25648 25649
25650 25651 25652
25651 25653 25652
25647 25654 25648
25655 25656 25657
25655 25658 25659
25655 25657 25658
25660 25661 25662
25663 25664 25665
25666 25081 25082
25081 25666 25667
25665 25666 25668
25666 25665 25667
25669 25661 25670
25661 25669 25662
25671 25672 25673
24963 25673 25674
25673 24963 24962
25674 25675 25676
25675 25674 25673
25663 25677 25664
25677 25663 25678
24981 25671 24962
25671 24981 25085
25671 25673 24962
25673 25672 25675
25679 25650 25680
25650 25679 25651
25663 25665 25668
25645 25631 25646
25681 25682 25683
25682 25681 25684
25685 25686 25687
25686 25685 25688
25689 25690 25691
25690 25689 25692
25693 25694 25695
25694 25693 25696
25697 25698 25699
25698 25697 25700
25701 25699 25702
25699 25701 25697
25703 25704 25705
25704 25703 25702
25706 25707 25708
25707 25706 25709
25710 25711 25712
25711 25710 25713
25711 25714 25715
25714 25711 25713
25716 25694 25710
25694 25716 25695
25699 25717 25718
25717 25699 25698
25704 25699 25718
25699 25704 25702
25707 25719 25720
25719 25707 25721
25722 25709 25706
25709 25722 25723
25724 25725 25726
25725 25724 25727
25728 25729 25688
25729 25728 25730
25681 25731 25684
25731 25681 25732
25733 25734 25735
25734 25733 25736
25737 25738 25739
25738 25737 25740
25732 25741 25731
25741 25732 25742
25743 25727 25724
25727 25743 25744
25745 25746 25747
25746 25745 25748
25749 25748 25745
25748 25749 25750
25751 25750 25749
25750 25751 25752
25753 25754 25755
25754 25753 25756
25737 25739 25757
25742 25758 25741
25758 25742 25759
25760 25761 25762
25761 25760 25763
25764 25743 25765
25743 25764 25744
25684 25766 25685
25766 25684 25731
25767 25768 25769
25768 25767 25770
25684 25687 25682
25687 25684 25685
25731 25763 25766
25763 25731 25741
25771 25772 25773
25772 25771 25774
25775 25776 25777
25778 25779 25780
25729 25781 25782
25781 25729 25726
25724 25729 25730
25729 25724 25726
25724 25783 25743
25783 25724 25730
25784 25785 25786
25787 25788 25789
25760 25730 25728
25730 25760 25783
25725 25708 25790
25708 25725 25706
25727 25706 25725
25706 25727 25722
25791 25792 25793
25792 25791 25794
25795 25796 25797
25796 25795 25798
25799 25797 25800
25797 25799 25795
25801 25800 25802
25800 25801 25799
25803 25804 25805
25804 25803 25806
25807 25808 25809
25808 25807 25810
25810 25811 25808
25811 25810 25812
25812 25813 25811
25813 25812 25814
25815 25813 25816
25813 25815 25817
25818 25819 25816
25819 25818 25820
25821 25809 25822
25809 25821 25807
25757 25823 25824
25823 25757 25691
25758 25825 25826
25825 25758 25759
25827 25761 25828
25761 25827 25762
25829 25765 25830
25765 25829 25764
25705 25831 25832
25831 25705 25833
25741 25761 25763
25761 25741 25758
25834 25828 25826
25828 25834 25696
25762 25783 25760
25783 25762 25835
25762 25836 25835
25836 25762 25827
25693 25698 25700
25698 25693 25695
25695 25717 25698
25717 25695 25716
25837 25804 25802
25804 25837 25838
25835 25743 25783
25743 25835 25765
25836 25697 25830
25697 25836 25700
25839 25840 25841
25840 25839 25842
25842 25702 25703
25702 25842 25701
25843 25844 25845
25844 25843 25846
25847 25848 25849
25850 25851 25852
25851 25850 25853
25854 25851 25855
25851 25854 25856
25857 25856 25858
25856 25857 25859
25860 25858 25861
25858 25860 25857
25862 25861 25863
25861 25862 25860
25694 25834 25864
25834 25694 25696
25865 25866 25723
25866 25865 25867
25864 25690 25692
25690 25864 25834
25868 25735 25869
25735 25868 25733
25771 25870 25871
25870 25771 25872
25714 25821 25715
25821 25714 25873
25821 25874 25807
25874 25821 25873
25875 25876 25877
25876 25875 25878
25878 25879 25876
25879 25878 25880
25872 25881 25870
25881 25872 25882
25883 25770 25884
25770 25883 25768
25885 25886 25887
25888 25889 25890
25889 25888 25891
25687 25892 25682
25892 25687 25893
25894 25895 25896
25895 25894 25897
25898 25899 25900
25899 25898 25720
25901 25902 25903
25902 25901 25904
25905 25906 25907
25906 25905 25908
25909 25893 25910
25893 25909 25892
25774 25911 25772
25911 25774 25740
25740 25912 25911
25912 25740 25737
25737 25824 25912
25824 25737 25757
25913 25914 25915
25914 25877 25915
25877 25914 25875
25916 25917 25918
25917 25919 25918
25919 25917 25920
25920 25921 25919
25921 25920 25922
25922 25923 25921
25923 25922 25924
25924 25925 25923
25925 25924 25926
25927 25879 25928
25879 25927 25929
25930 25925 25931
25925 25930 25932
25933 25928 25934
25928 25933 25927
25683 25935 25773
25935 25683 25936
25937 25938 25939
25938 25937 25940
25941 25942 25943
25942 25941 25944
25945 25939 25938
25939 25945 25946
25936 25942 25935
25942 25936 25947
25948 25949 25909
25949 25948 25950
25936 25682 25892
25682 25936 25683
25951 25952 25953
25952 25951 25954
25955 25956 25957
25956 25955 25958
25959 25958 25955
25958 25959 25960
25961 25962 25963
25962 25961 25964
25965 25966 25967
25966 25965 25968
25969 25970 25971
25970 25969 25972
25904 25973 25974
25973 25904 25900
25975 25976 25977
25976 25975 25978
25979 25980 25981
25980 25979 25982
25983 25832 25831
25832 25983 25755
25984 25867 25865
25867 25984 25985
25855 25986 25854
25986 25855 25987
25854 25753 25988
25753 25854 25986
25989 25990 25991
25990 25989 25992
25993 25992 25989
25992 25993 25994
25995 25996 25997
25996 25995 25998
25999 26000 26001
26000 25999 26002
26001 26003 26004
26003 26001 26000
26005 26006 26007
26008 26009 26010
26009 26008 26011
26012 26010 26013
26010 26012 26008
25781 25904 25901
25904 25781 25790
25781 25725 25790
25725 25781 25726
26014 25987 25855
25987 26014 26015
25982 26016 26017
26016 25982 25979
26018 26019 26020
26019 26018 26021
26022 26023 26024
26023 26022 26025
25747 26026 26027
26026 25747 25746
26018 26023 26021
26023 26018 26024
26028 26029 26030
26029 26028 26031
25688 25766 25728
25766 25688 25685
25728 25763 25760
25763 25728 25766
25687 25686 26032
26033 25962 25964
25962 26033 25910
26034 25966 25968
25966 26034 26035
26036 26037 26038
26037 26036 26039
26040 26041 26042
26041 26040 26037
26043 26044 26045
26044 26043 26040
25968 26046 26034
26046 25968 26044
26039 26047 25776
26047 26039 26036
26039 26048 26049
26048 26039 25776
25843 25782 25846
25782 25843 25686
25782 25688 25729
25688 25782 25686
25901 25782 25781
25782 25901 25846
26050 26051 26052
26051 26050 26053
26054 26055 26056
26055 26054 26057
25689 25757 26058
25757 25689 25691
26059 26060 26061
26060 26059 26062
26063 25740 25774
25740 26063 25738
25739 25734 25916
25734 25739 25738
25871 25774 25771
25774 25871 26063
25871 26064 25869
26064 25871 25870
25870 25889 26064
25889 25870 25881
26065 25882 26066
25882 26065 25881
25874 25810 25807
25810 25874 25916
25773 25681 25683
25681 25773 25772
25772 25732 25681
25732 25772 25911
25911 25742 25732
25742 25911 25912
25742 25824 25759
25824 25742 25912
25773 25872 25771
25872 25773 25935
25825 25823 25690
26067 26068 25780
26068 26067 26069
26070 25793 26071
25793 26070 25791
25916 26058 25739
26058 25916 25874
26058 25873 25689
25873 26058 25874
25873 25692 25689
25692 25873 25714
25692 25713 25864
25713 25692 25714
25713 25694 25864
25694 25713 25710
25705 26072 25833
26072 25705 25704
25718 25837 26073
25837 25718 25717
26072 25718 26073
25718 26072 25704
25837 25716 25838
25716 25837 25717
25838 25710 25712
25710 25838 25716
25831 25796 25863
25796 25831 25833
25764 26074 25744
26074 25764 26075
25744 25722 25727
25722 25744 26074
25715 25822 26076
25822 25715 25821
26077 26076 26078
26076 26077 26079
25803 26079 26077
26079 25803 25805
26080 25885 26081
25885 26080 25886
26082 26083 25786
26083 26082 26084
25826 25690 25834
25690 25826 25825
25693 25828 25696
25828 25693 25827
25826 25761 25758
25761 25826 25828
25700 25827 25693
25827 25700 25836
25835 25830 25765
25830 25835 25836
25823 25759 25824
25759 25823 25825
25701 25830 25697
25830 25701 25829
25701 25839 25829
25839 25701 25842
25829 26075 25764
26075 25829 25839
25839 25984 26075
25984 25839 25985
26085 25978 25975
26013 25703 26012
26086 26087 26088
26087 26086 26089
25895 26090 26091
26090 25895 25897
26053 26092 26093
26092 26053 26050
26094 26095 26096
26095 26094 26097
26098 26099 26100
26099 26098 26101
26102 26103 26104
26103 26102 26105
26106 26107 26108
26107 26106 26109
26110 26111 25849
26111 26110 26112
25900 25904 25898
25790 25708 25898
25721 25709 26113
25709 25721 25707
25708 25720 25898
25720 25708 25707
26113 25723 25866
25723 26113 25709
26074 25723 25722
25723 26074 25865
26114 25720 25719
25720 26114 25899
26115 26116 26117
26075 25865 26074
25865 26075 25984
26118 26119 26117
26119 26118 26120
25899 26121 25971
26121 25899 26114
26122 26123 26124
26125 26126 26127
26127 26128 26129
26128 26127 26126
26129 26130 26131
26130 26129 26128
26131 26132 26133
26132 26131 26130
26133 26134 26135
26134 26133 26132
26135 26136 26137
26136 26135 26134
26137 26138 26139
26138 26137 26136
25988 25755 25983
25755 25988 25753
26140 25755 25754
25755 26140 25832
26141 25987 26142
25987 26141 25986
25756 25986 26141
25986 25756 25753
26142 26015 26143
26015 26142 25987
25703 25832 26140
25832 25703 25705
26144 26004 26003
26004 26144 26145
26005 26145 26144
26145 26005 26007
26146 26147 26148
26147 26146 26149
26028 26150 26151
26150 26028 26030
26151 25991 25990
25991 26151 26150
25999 26152 26002
26152 25999 26153
25993 26154 25994
26155 26009 26156
26009 26155 26010
26157 26158 26159
26158 26157 26160
26159 26161 26162
26161 26159 26158
26161 26011 26162
26011 26161 26009
26163 26164 26165
26164 26163 26166
25840 25703 26013
25703 25840 25842
25840 26010 26155
26010 25840 26013
26167 26168 26169
26170 26171 26172
26171 26170 26173
26172 26174 26175
26174 26172 26171
26175 26176 26156
26176 26175 26174
26177 26178 26179
26178 26177 26180
26181 25752 25751
25752 26181 26182
26169 26182 26181
26182 26169 26168
26183 26156 26176
26156 26183 26155
26160 26172 26158
26172 26160 26170
26158 26175 26161
26175 26158 26172
26161 26156 26009
26156 26161 26175
26180 26164 26178
25841 26155 26183
26155 25841 25840
26184 25981 25980
25981 26184 26185
26186 25977 25976
25977 26186 26187
26020 26187 26186
26187 26020 26019
26017 26188 26189
26188 26017 26016
26190 26191 26192
26191 26190 26193
26189 26190 26192
26190 26189 26188
26194 26185 26184
26191 26195 26196
26195 26191 26193
26197 26198 26199
26198 26197 26200
25793 26143 26015
26143 25793 25792
26153 25998 26152
25998 26153 25996
26071 26015 26014
26015 26071 25793
26139 26201 26202
26201 26139 26138
26148 26029 26031
26029 26148 26147
26165 26160 26157
26160 26165 26164
26180 26173 26170
26173 26180 26177
26164 26170 26160
26170 26164 26180
26203 26204 26205
26204 26203 26206
25918 25814 25812
25814 25918 25919
25919 25818 25814
25818 25919 25921
25921 25820 25818
25820 25921 25923
25923 25932 25820
25932 25923 25925
25931 25926 26207
25926 25931 25925
25916 25812 25810
25812 25916 25918
25877 26208 26209
26208 25877 25876
25876 25929 26208
25929 25876 25879
25915 26209 26210
26209 25915 25877
25928 25880 26211
25880 25928 25879
26211 26212 26213
25913 25915 26210
25735 25738 26063
25738 25735 25734
25869 26063 25871
26063 25869 25735
25890 25881 26065
25881 25890 25889
25869 26214 25868
26214 25869 26064
26064 25891 26214
25891 26064 25889
25916 25734 25736
26215 26216 26217
26216 26215 26218
26219 26220 26221
26220 26219 26222
26223 26224 26225
26224 26223 26226
26227 26228 26229
26228 26227 26230
26231 26232 26233
26232 26231 26234
26235 26236 26237
26236 26235 26238
26239 26240 26241
26240 26239 26242
26243 26244 26245
26244 26243 26246
26247 26248 26249
26248 26247 26250
26251 26252 26253
26252 26251 26254
26253 26255 26256
26255 26253 26252
26256 26257 26258
26257 26256 26255
26259 26260 26261
26260 26259 26262
26263 26264 26265
26264 26263 26266
26265 26267 26268
26267 26265 26264
26268 26269 26270
26269 26268 26267
26270 26271 26272
26271 26270 26269
26272 26273 26274
26273 26272 26271
26275 26276 26277
26276 26275 26278
26279 26266 26263
26266 26279 26280
26258 26262 26259
26262 26258 26257
26281 26282 26283
26282 26281 26284
26285 26286 26287
26286 26285 26288
26289 26290 26291
26290 26289 26292
26293 26294 26295
26294 26293 26296
26297 26298 26299
26298 26297 26300
26295 26301 26302
26301 26295 26294
26302 26303 26304
26303 26302 26301
26304 26305 26306
26305 26304 26303
26306 26307 26308
26307 26306 26305
26309 26310 26311
26310 26309 26312
26313 26314 26315
26314 26313 26316
26317 26318 26319
26318 26317 26320
26321 26322 26323
26322 26321 26324
26325 26326 26327
26326 26325 26328
26329 26330 26331
26330 26329 26332
26333 26334 26335
26334 26333 26336
26337 26338 26339
26338 26337 26340
26341 26342 26343
26342 26341 26344
26345 26346 26347
26346 26345 26348
26349 26350 26351
26350 26349 26352
26353 26354 26355
26354 26353 26356
26357 26358 26359
26358 26357 26360
26361 26362 26363
26362 26361 26364
26365 26366 26367
26366 26365 26368
26355 26369 26370
26369 26355 26354
26371 26372 26373
26372 26371 26374
26375 26376 26377
26376 26375 26378
26379 26380 26381
26380 26379 26382
26383 26384 26385
26384 26383 26386
26387 26388 26389
26388 26387 26390
26391 26392 26393
26392 26391 26394
26323 26395 26396
26395 26323 26322
26397 26398 26399
26398 26397 26400
26401 26402 26403
26402 26401 26404
26405 26406 26407
26406 26405 26408
26409 26382 26379
26382 26409 26410
26411 26412 26413
26412 26411 26414
26415 26416 26417
26416 26415 26418
26419 26420 26421
26420 26419 26422
26423 26424 26425
26424 26423 26426
26427 26428 26429
26428 26427 26430
26431 26432 26433
26432 26431 26434
26435 26436 26437
26436 26435 26438
26439 26440 26441
26440 26439 26442
26443 26444 26445
26444 26443 26446
26447 26448 26449
26448 26447 26450
26451 26452 26453
26452 26451 26454
26221 26455 26456
26455 26221 26220
26457 26458 26459
26458 26457 26460
26461 26462 26463
26462 26461 26464
26465 26222 26219
26222 26465 26466
26467 26468 26469
26468 26467 26470
26471 26472 26473
26472 26471 26474
26475 26476 26477
26476 26475 26478
26479 26480 26481
26480 26479 26482
26483 26312 26309
26312 26483 26484
26485 26486 26487
26486 26485 26488
26489 26226 26223
26226 26489 26490
26491 26492 26493
26492 26491 26494
26495 26496 26497
26496 26495 26498
26499 26500 26501
26500 26499 26502
26503 26504 26505
26504 26503 26506
26507 26508 26509
26508 26507 26510
26249 26511 26512
26511 26249 26248
26513 26514 26515
26514 26513 26516
26308 26254 26251
26254 26308 26307
26517 26280 26279
26280 26517 26518
26519 26518 26517
26518 26519 26520
26261 26520 26519
26520 26261 26260
26521 26522 26523
26522 26521 26524
26525 26526 26527
26526 26525 26528
26529 26530 26531
26530 26529 26532
26533 26234 26231
26234 26533 26534
26535 26536 26537
26536 26535 26538
26539 26540 26541
26540 26539 26542
26543 26544 26545
26544 26543 26546
26547 26548 26549
26548 26547 26550
26551 26552 26553
26552 26551 26554
26555 26556 26557
26556 26555 26558
26559 26560 26561
26560 26559 26562
26563 26564 26565
26564 26563 26566
26567 26568 26569
26568 26567 26570
26571 26572 26573
26572 26571 26574
26575 26576 26577
26576 26575 26578
26579 26580 26581
26580 26579 26582
26583 26584 26585
26584 26583 26586
26587 26588 26589
26588 26587 26590
26591 26592 26593
26592 26591 26594
26595 26596 26597
26596 26595 26598
26599 26288 26285
26288 26599 26600
26601 26602 26603
26602 26601 26604
26605 26606 26607
26606 26605 26608
26609 26610 26611
26610 26609 26612
26613 26614 26615
26614 26613 26616
26617 26618 26619
26618 26617 26620
26621 26616 26613
26616 26621 26622
26623 26624 26625
26624 26623 26626
26432 26627 26628
26627 26432 26434
26629 26630 26631
26630 26629 26632
26633 26634 26635
26634 26633 26636
26635 26632 26629
26632 26635 26634
26637 26638 26639
26638 26637 26640
26515 26641 26642
26641 26515 26514
26643 26250 26247
26250 26643 26644
26645 26646 26647
26646 26645 26648
26626 26640 26637
26640 26626 26623
26649 26344 26341
26344 26649 26650
26352 26349 26346
26651 26652 26653
26652 26651 26654
26328 26482 26479
26482 26328 26325
26346 26349 26347
26431 26433 26655
25797 25833 26072
25833 25797 25796
25800 26072 26073
26072 25800 25797
25802 26073 25837
26073 25802 25800
25712 25804 25838
25804 25712 25805
25809 26656 26657
26656 25809 25808
25808 26658 26656
26658 25808 25811
25811 25817 26658
25817 25811 25813
25816 25814 25818
25814 25816 25813
25816 26659 25815
26659 25816 25819
26660 25809 26657
25809 26660 25822
25802 25806 25801
25806 25802 25804
25855 25853 26014
25853 25855 25851
25852 25856 25859
25856 25852 25851
25988 25856 25854
25856 25988 25858
25983 25858 25988
25858 25983 25861
25863 25983 25831
25983 25863 25861
25863 25798 25862
25798 25863 25796
26078 25822 26660
25822 26078 26076
25715 26079 25711
26079 25715 26076
25711 25805 25712
25805 25711 26079
26275 26661 26662
26661 26275 26277
26663 26299 26664
26299 26663 26297
26665 26666 26123
26115 26667 26668
26667 26115 26669
25969 26670 26668
26670 25969 26671
26672 26673 26674
26673 26672 26675
26665 26123 26676
26327 26326 26677
26653 26351 26350
26351 26653 26652
26211 25934 25928
25934 26211 26213
26678 26624 26679
26624 26678 26625
26122 26124 26680
25767 25948 26033
25948 25767 25769
25780 26681 26067
26681 25780 26682
25786 26683 26082
26683 25786 26684
26685 26686 26687
26686 26685 25789
26688 25844 26689
25844 26688 25845
25849 26690 26110
26690 25849 26691
25883 26692 26693
26692 25883 25884
26694 25887 26695
25887 26694 26696
25894 25846 25901
25846 25894 25896
26094 25902 26097
25902 26094 25903
25905 26109 26106
26109 25905 25907
25948 25910 26033
25910 25948 25909
25943 25940 25941
25940 25943 25938
25935 25944 25872
25944 25935 25942
26697 25938 25943
25938 26697 25945
25943 25947 26697
25947 25943 25942
25892 25949 25936
25949 25892 25909
25948 25953 25950
25953 25948 25951
25956 25958 25954
26695 26698 26699
26698 26695 25887
25963 26032 25843
26032 25963 25962
25967 25964 25961
25964 25967 25966
26086 25973 26089
25973 26086 25974
26032 25910 25893
25910 26032 25962
25964 26035 26033
26035 25964 25966
26038 26040 26043
26040 26038 26037
26049 26037 26039
26037 26049 26041
26045 25968 25965
25968 26045 26044
26042 26044 26040
26044 26042 26046
25776 26700 25777
26700 25776 26047
26701 25776 25775
25776 26701 26048
26098 26051 26101
26051 26098 26052
26102 26055 26105
26055 26102 26056
25847 26060 25848
26060 25847 26061
26692 26081 26693
26081 26692 26080
26088 26062 26059
26062 26088 26087
26091 26057 26054
26057 26091 26090
26093 26688 26689
26688 26093 26092
26096 25906 25908
25906 26096 26095
26100 25788 25787
25788 26100 26099
26104 25779 25778
25779 26104 26103
26108 25785 25784
25785 26108 26107
26391 26217 26394
26217 26391 26215
26702 26229 26703
26229 26702 26227
26704 26237 26705
26237 26704 26235
26706 26245 26707
26245 26706 26243
26566 26283 26564
26283 26566 26281
26708 26291 26709
26291 26708 26289
26315 26390 26387
26390 26315 26314
26528 26319 26526
26319 26528 26317
26710 26331 26711
26331 26710 26329
26558 26335 26556
26335 26558 26333
26590 26339 26588
26339 26590 26337
26364 26358 26362
26358 26364 26359
26712 26363 26713
26363 26712 26361
26714 26367 26715
26367 26714 26365
26368 26372 26366
26372 26368 26373
26386 26377 26384
26377 26386 26375
26716 26385 26717
26385 26716 26383
26389 26718 26719
26718 26389 26388
26393 26524 26521
26524 26393 26392
26720 26398 26721
26398 26720 26399
26722 26402 26723
26402 26722 26403
26401 26407 26404
26407 26401 26405
26408 26413 26406
26413 26408 26411
26422 26416 26420
26416 26422 26417
26450 26421 26448
26421 26450 26419
26724 26429 26725
26429 26724 26427
26726 26437 26727
26437 26726 26435
26460 26441 26458
26441 26460 26439
26454 26445 26452
26445 26454 26443
26442 26449 26440
26449 26442 26447
26438 26453 26436
26453 26438 26451
26728 26459 26729
26459 26728 26457
26446 26463 26444
26463 26446 26461
26574 26469 26572
26469 26574 26467
26582 26473 26580
26473 26582 26471
26292 26477 26290
26477 26292 26475
26586 26487 26584
26487 26586 26485
26550 26493 26548
26493 26550 26491
26562 26497 26560
26497 26562 26495
26578 26501 26576
26501 26578 26499
26730 26505 26731
26505 26730 26503
26554 26509 26552
26509 26554 26507
26397 26522 26400
26522 26397 26523
26313 26527 26316
26527 26313 26525
26594 26531 26592
26531 26594 26529
26732 26537 26733
26537 26732 26535
26570 26541 26568
26541 26570 26539
26478 26545 26476
26545 26478 26543
26474 26549 26472
26549 26474 26547
26506 26553 26504
26553 26506 26551
26340 26557 26338
26557 26340 26555
26332 26561 26330
26561 26332 26559
26470 26565 26468
26565 26470 26563
26538 26569 26536
26569 26538 26567
26246 26573 26244
26573 26246 26571
26510 26577 26508
26577 26510 26575
26230 26581 26228
26581 26230 26579
26498 26585 26496
26585 26498 26583
26238 26589 26236
26589 26238 26587
26542 26593 26540
26593 26542 26591
26608 26597 26606
26597 26608 26595
26601 26544 26546
26544 26601 26603
26612 26607 26610
26607 26612 26605
26430 26611 26428
26611 26430 26609
26668 25972 25969
25972 26668 26667
26668 26116 26115
26116 26668 26670
26426 26674 26424
26674 26426 26672
26676 26123 26122
25971 25900 25899
25900 25971 25970
25971 26671 25969
26671 25971 26121
26179 26734 26735
26734 26179 26178
26196 26666 26665
26666 26196 26195
26199 26025 26022
26025 26199 26198
26205 26027 26026
26027 26205 26204
26736 26425 26737
26425 26736 26423
26178 26166 26734
26178 26164 26166
26117 26669 26115
26669 26117 26119
26619 26673 26675
26673 26619 26618
26117 26738 26118
26117 26116 26738
25847 25849 26111
25849 25848 26691
25784 25786 26083
25786 25785 26684
25778 25780 26068
25780 25779 26682
26239 26739 26740
26739 26239 26241
26741 25789 26742
25789 26741 26686
25789 25788 26742
25787 25789 26685
25885 25887 26696
25887 25886 26698
25954 25958 25952
25952 25958 25960
25898 25904 25790
25687 26032 25893
26032 25686 25843
25757 25739 26058
26743 26744 26745
26744 26743 26746
26747 26748 26749
26748 26747 26750
26751 26752 26753
26752 26751 26754
26755 26756 26757
26756 26755 26758
26759 26760 26761
26760 26759 26762
26763 26762 26759
26762 26763 26764
26765 26766 26764
26766 26765 26767
26768 26769 26770
26769 26768 26771
26772 26773 26774
26773 26772 26775
26773 26776 26774
26776 26773 26777
26778 26756 26758
26756 26778 26772
26762 26779 26760
26779 26762 26780
26766 26762 26764
26762 26766 26780
26769 26781 26782
26781 26769 26783
26784 26770 26785
26770 26784 26768
26786 26787 26788
26787 26786 26789
26790 26791 26792
26791 26790 26749
26743 26793 26794
26793 26743 26745
26795 26796 26797
26796 26795 26798
26799 26800 26801
26800 26799 26802
26794 26803 26804
26803 26794 26793
26805 26788 26806
26788 26805 26786
26807 26808 26809
26808 26807 26810
26811 26809 26812
26809 26811 26807
26813 26812 26814
26812 26813 26811
26815 26816 26817
26816 26815 26818
26799 26819 26802
26804 26820 26821
26820 26804 26803
26822 26823 26824
26823 26822 26825
26826 26805 26806
26805 26826 26827
26745 26828 26793
26828 26745 26747
26829 26830 26831
26830 26829 26832
26745 26750 26747
26750 26745 26744
26793 26824 26803
26824 26793 26828
26833 26834 26835
26834 26833 26836
26837 26838 26839
26840 26841 26842
26791 26843 26789
26843 26791 26844
26786 26791 26789
26791 26786 26792
26786 26845 26792
26845 26786 26805
26846 26847 26848
26849 26850 26851
26822 26792 26845
26792 26822 26790
26787 26771 26768
26771 26787 26852
26788 26768 26784
26768 26788 26787
26853 26854 26855
26854 26853 26856
26857 26858 26859
26858 26857 26860
26861 26860 26857
26860 26861 26862
26863 26862 26861
26862 26863 26864
26865 26866 26867
26866 26865 26868
26869 26870 26871
26870 26869 26872
26871 26873 26874
26873 26871 26870
26874 26875 26876
26875 26874 26873
26877 26875 26878
26875 26877 26879
26880 26881 26882
26881 26880 26879
26883 26872 26869
26872 26883 26884
26819 26885 26754
26885 26819 26886
26820 26887 26821
26887 26820 26888
26889 26823 26825
26823 26889 26890
26891 26827 26826
26827 26891 26892
26767 26893 26894
26893 26767 26895
26803 26823 26820
26823 26803 26824
26896 26890 26757
26890 26896 26888
26825 26845 26897
26845 26825 26822
26825 26898 26889
26898 26825 26897
26755 26760 26758
26760 26755 26761
26758 26779 26778
26779 26758 26760
26899 26866 26900
26866 26899 26864
26897 26805 26827
26805 26897 26845
26898 26759 26761
26759 26898 26892
26901 26902 26903
26902 26901 26904
26903 26764 26763
26764 26903 26765
26905 26906 26907
26906 26905 26908
26909 26910 26911
26912 26913 26914
26913 26912 26915
26916 26913 26917
26913 26916 26918
26919 26917 26920
26917 26919 26921
26922 26921 26919
26921 26922 26923
26924 26923 26922
26923 26924 26925
26756 26896 26757
26896 26756 26926
26927 26928 26929
26928 26927 26785
26926 26752 26896
26752 26926 26753
26930 26798 26795
26798 26930 26931
26833 26932 26933
26932 26833 26934
26776 26883 26935
26883 26776 26777
26883 26936 26935
26936 26883 26869
26937 26938 26939
26938 26937 26940
26939 26941 26942
26941 26939 26938
26933 26943 26944
26943 26933 26932
26945 26831 26830
26831 26945 26946
26947 26948 26949
26950 26951 26952
26951 26950 26953
26750 26954 26955
26954 26750 26744
26956 26957 26958
26957 26956 26959
26960 26961 26783
26961 26960 26962
26963 26964 26965
26964 26963 26966
26967 26968 26969
26968 26967 26970
26971 26955 26954
26955 26971 26972
26835 26973 26801
26973 26835 26834
26801 26974 26799
26974 26801 26973
26799 26886 26819
26886 26799 26974
26975 26976 26977
26977 26940 26937
26940 26977 26976
26978 26979 26980
26980 26981 26982
26981 26980 26979
26982 26983 26984
26983 26982 26981
26984 26985 26986
26985 26984 26983
26986 26987 26988
26987 26986 26985
26989 26941 26990
26941 26989 26991
26992 26987 26993
26987 26992 26994
26995 26991 26989
26991 26995 26996
26746 26997 26998
26997 26746 26836
26999 27000 27001
27000 26999 27002
27003 27004 27005
27004 27003 27006
27007 27002 27008
27002 27007 27000
26998 27004 27009
27004 26998 26997
27010 27011 27012
27011 27010 26971
26998 26744 26746
26744 26998 26954
27013 27014 27015
27014 27013 27016
27017 27018 27019
27018 27017 27020
27021 27019 27022
27019 27021 27017
27023 27024 27025
27024 27023 27026
27027 27028 27029
27028 27027 27030
27031 27032 27033
27032 27031 27034
26965 27035 26962
27035 26965 27036
27037 27038 27039
27038 27037 27040
27041 27042 27043
27042 27041 27044
27045 26895 26818
26895 27045 26893
27046 26929 27047
26929 27046 26927
26918 27048 27049
27048 26918 26916
26916 26815 27048
26815 26916 27050
27051 27052 27053
27052 27051 27054
27055 27053 27056
27053 27055 27051
27057 27058 27059
27058 27057 27060
27061 27062 27063
27062 27061 27064
27064 27065 27062
27065 27064 27066
27067 27068 27069
27070 27071 27072
27071 27070 27073
27074 27073 27070
27073 27074 27075
26843 26965 26852
26965 26843 26963
26843 26787 26789
26787 26843 26852
27076 27049 27077
27049 27076 26918
27043 27078 27041
27078 27043 27079
27080 27081 27082
27081 27080 27083
27084 27085 27086
27085 27084 27087
26810 27088 26808
27088 26810 27089
27080 27085 27087
27085 27080 27082
27090 27091 27092
27091 27090 27093
26749 26828 26747
26828 26749 26790
26790 26824 26828
26824 26790 26822
26750 27094 26748
27095 27024 26972
27024 27095 27025
27096 27028 27097
27028 27096 27029
27098 27099 27100
27099 27098 27101
27102 27103 27099
27103 27102 27104
27105 27106 27102
27106 27105 27107
27029 27108 27106
27108 27029 27096
27100 27109 27098
27109 27100 26839
27100 27110 26839
27110 27100 27111
26905 26844 26748
26844 26905 26907
26844 26749 26748
26749 26844 26791
26963 26844 26907
26844 26963 26843
27112 27113 27114
27113 27112 27115
27116 27117 27118
27117 27116 27119
26751 26819 26754
26819 26751 27120
27121 27122 27123
27122 27121 27124
27125 26801 26800
26801 27125 26835
26802 26796 26800
26796 26802 26978
26934 26835 27125
26835 26934 26833
26934 27126 26932
27126 26934 26931
26932 26951 26943
26951 26932 27126
27127 26944 26943
26944 27127 27128
26936 26871 26978
26871 26936 26869
26836 26743 26834
26743 26836 26746
26834 26794 26973
26794 26834 26743
26973 26804 26974
26804 26973 26794
26804 26886 26974
26886 26804 26821
26836 26933 26997
26933 26836 26833
26887 26752 26885
27129 27130 27131
27130 27129 26841
27132 26856 26853
26856 27132 27133
26978 27120 26936
27120 26978 26802
27120 26935 26936
26935 27120 26751
26935 26753 26776
26753 26935 26751
26753 26774 26776
26774 26753 26926
26774 26756 26772
26756 26774 26926
26767 27134 26766
27134 26767 26894
26780 26899 26779
26899 26780 27135
27134 26780 26766
26780 27134 27135
26899 26778 26779
26778 26899 26900
26900 26772 26778
26772 26900 26775
26893 26858 26894
26858 26893 26925
26826 27136 27137
27136 26826 26806
26806 26784 27136
26784 26806 26788
26777 26884 26883
26884 26777 27138
27139 27138 27140
27138 27139 27141
26865 27140 26868
27140 26865 27139
27142 26947 26949
26947 27142 27143
27144 27145 27146
27145 27144 26847
26888 26752 26887
26752 26888 26896
26755 26890 26889
26890 26755 26757
26888 26823 26890
26823 26888 26820
26761 26889 26898
26889 26761 26755
26897 26892 26898
26892 26897 26827
26885 26821 26887
26821 26885 26886
26763 26892 26891
26892 26763 26759
26763 26901 26903
26901 26763 26891
26891 27137 26901
27137 26891 26826
26901 27046 27047
27046 26901 27137
27147 27037 27039
27075 27074 26765
27148 27149 27150
27149 27148 27151
26957 27152 26958
27152 26957 27153
27114 27154 27112
27154 27114 27155
27156 27157 27158
27157 27156 27159
27160 27161 27162
27161 27160 27163
27164 27165 27166
27165 27164 27167
27168 27169 27170
27169 27168 27171
27172 27173 27174
27173 27172 26910
26962 26960 26965
26852 26960 26771
26782 26770 26769
26770 26782 27175
26771 26783 26769
26783 26771 26960
27175 26785 26770
26785 27175 26928
27136 26785 26927
26785 27136 26784
27176 26783 26961
26783 27176 26781
27177 27178 27179
27137 26927 27046
26927 27137 27136
27180 27181 27182
27181 27180 27178
26961 27183 27176
27183 26961 27034
27184 27185 27186
27187 27188 27189
27188 27190 27189
27190 27188 27191
27191 27192 27190
27192 27191 27193
27193 27194 27192
27194 27193 27195
27195 27196 27194
27196 27195 27197
27197 27198 27196
27198 27197 27199
27199 27200 27198
27200 27199 27201
27050 26818 26815
26818 27050 27045
27202 26818 26895
26818 27202 26816
27203 27049 27048
27049 27203 27204
26817 27048 26815
27048 26817 27203
27204 27077 27049
27077 27204 27205
26765 26895 26767
26895 26765 27202
27206 27066 27207
27066 27206 27065
27067 27207 27068
27207 27067 27206
27208 27209 27210
27209 27208 27211
27090 27212 27093
27212 27090 27213
27213 27054 27212
27054 27213 27052
27061 27214 27215
27214 27061 27063
27055 27056 27216
27217 27071 27073
27071 27217 27218
27219 27220 27221
27220 27219 27222
27222 27223 27220
27223 27222 27224
27223 27072 27071
27072 27223 27224
27225 27226 27227
27226 27225 27228
26902 26765 26903
26765 26902 27075
26902 27073 27075
27073 26902 27217
27229 27230 27231
27232 27233 27234
27233 27232 27235
27235 27236 27233
27236 27235 27237
27237 27238 27236
27238 27237 27218
27239 27240 27241
27240 27239 27242
27243 26814 27244
26814 27243 26813
27230 27244 27231
27244 27230 27243
27245 27218 27217
27218 27245 27238
27221 27235 27232
27235 27221 27220
27220 27237 27235
27237 27220 27223
27223 27218 27237
27218 27223 27071
27241 27240 27226
26904 27217 26902
27217 26904 27245
27246 27044 27247
27044 27246 27042
27248 27040 27249
27040 27248 27038
27083 27249 27081
27249 27083 27248
27079 27250 27078
27250 27079 27251
27252 27253 27254
27253 27252 27255
27251 27252 27250
27252 27251 27255
27256 27246 27247
27253 27257 27254
27257 27253 27258
27259 27260 27261
27260 27259 27262
26856 27205 26854
27205 26856 27077
27215 27059 27058
27059 27215 27214
27133 27077 26856
27077 27133 27076
27201 27263 27200
27263 27201 27264
27211 27091 27209
27091 27211 27092
27228 27221 27226
27221 27228 27219
27241 27234 27239
27234 27241 27232
27226 27232 27241
27232 27226 27221
27265 27266 27267
27266 27265 27268
26979 26876 26981
26876 26979 26874
26981 26880 26983
26880 26981 26876
26983 26882 26985
26882 26983 26880
26985 26993 26987
26993 26985 26882
26994 26988 26987
26988 26994 27269
26978 26874 26979
26874 26978 26871
26940 27270 26938
27270 26940 27271
26938 26990 26941
26990 26938 27270
26976 27271 26940
27271 26976 27272
26991 26942 26941
26942 26991 27273
27273 27274 27275
26975 27272 26976
26798 26800 26796
26800 26798 27125
26931 27125 26798
27125 26931 26934
26953 26943 26951
26943 26953 27127
26931 27276 27126
27276 26931 26930
27126 26952 26951
26952 27126 27276
26978 26797 26796
27277 27278 27279
27278 27277 27280
27281 27282 27283
27282 27281 27284
27285 27286 27287
27286 27285 27288
27289 27290 27291
27290 27289 27292
27293 27294 27295
27294 27293 27296
27297 27298 27299
27298 27297 27300
27301 27302 27303
27302 27301 27304
27305 27306 27307
27306 27305 27308
27309 27310 27311
27310 27309 27312
27313 27314 27315
27314 27313 27316
27316 27317 27314
27317 27316 27318
27318 27319 27317
27319 27318 27320
27321 27322 27323
27322 27321 27324
27325 27326 27327
27326 27325 27328
27328 27329 27326
27329 27328 27330
27330 27331 27329
27331 27330 27332
27332 27333 27331
27333 27332 27334
27334 27335 27333
27335 27334 27336
27337 27338 27339
27338 27337 27340
27341 27327 27342
27327 27341 27325
27320 27323 27319
27323 27320 27321
27343 27344 27345
27344 27343 27346
27347 27348 27349
27348 27347 27350
27351 27352 27353
27352 27351 27354
27355 27356 27357
27356 27355 27358
27359 27360 27361
27360 27359 27362
27358 27363 27356
27363 27358 27364
27364 27365 27363
27365 27364 27366
27366 27367 27365
27367 27366 27368
27368 27369 27367
27369 27368 27370
27371 27372 27373
27372 27371 27374
27375 27376 27377
27376 27375 27378
27379 27380 27381
27380 27379 27382
27383 27384 27385
27384 27383 27386
27387 27388 27389
27388 27387 27390
27391 27392 27393
27392 27391 27394
27395 27396 27397
27396 27395 27398
27399 27400 27401
27400 27399 27402
27403 27404 27405
27404 27403 27406
27407 27408 27409
27408 27407 27410
27411 27412 27413
27412 27411 27414
27415 27416 27417
27416 27415 27418
27419 27420 27421
27420 27419 27422
27423 27424 27425
27424 27423 27426
27427 27428 27429
27428 27427 27430
27418 27431 27416
27431 27418 27432
27433 27434 27435
27434 27433 27436
27437 27438 27439
27438 27437 27440
27441 27442 27443
27442 27441 27444
27445 27446 27447
27446 27445 27448
27449 27450 27451
27450 27449 27452
27453 27454 27455
27454 27453 27456
27386 27457 27384
27457 27386 27458
27459 27460 27461
27460 27459 27462
27463 27464 27465
27464 27463 27466
27467 27468 27469
27468 27467 27470
27471 27443 27472
27443 27471 27441
27473 27474 27475
27474 27473 27476
27477 27478 27479
27478 27477 27480
27481 27482 27483
27482 27481 27484
27485 27486 27487
27486 27485 27488
27489 27490 27491
27490 27489 27492
27493 27494 27495
27494 27493 27496
27497 27498 27499
27498 27497 27500
27501 27502 27503
27502 27501 27504
27505 27506 27507
27506 27505 27508
27509 27510 27511
27510 27509 27512
27513 27514 27515
27514 27513 27516
27284 27517 27282
27517 27284 27518
27519 27520 27521
27520 27519 27522
27523 27524 27525
27524 27523 27526
27527 27283 27528
27283 27527 27281
27529 27530 27531
27530 27529 27532
27533 27534 27535
27534 27533 27536
27537 27538 27539
27538 27537 27540
27541 27542 27543
27542 27541 27544
27545 27373 27546
27373 27545 27371
27547 27548 27549
27548 27547 27550
27551 27287 27552
27287 27551 27285
27553 27554 27555
27554 27553 27556
27557 27558 27559
27558 27557 27560
27561 27562 27563
27562 27561 27564
27565 27566 27567
27566 27565 27568
27569 27570 27571
27570 27569 27572
27312 27573 27310
27573 27312 27574
27575 27576 27577
27576 27575 27578
27370 27315 27369
27315 27370 27313
27579 27342 27580
27342 27579 27341
27581 27580 27582
27580 27581 27579
27324 27582 27322
27582 27324 27581
27583 27584 27585
27584 27583 27586
27587 27588 27589
27588 27587 27590
27591 27592 27593
27592 27591 27594
27595 27295 27596
27295 27595 27293
27597 27598 27599
27598 27597 27600
27601 27602 27603
27602 27601 27604
27605 27606 27607
27606 27605 27608
27609 27610 27611
27610 27609 27612
27613 27614 27615
27614 27613 27616
27617 27618 27619
27618 27617 27620
27621 27622 27623
27622 27621 27624
27625 27626 27627
27626 27625 27628
27629 27630 27631
27630 27629 27632
27633 27634 27635
27634 27633 27636
27637 27638 27639
27638 27637 27640
27641 27642 27643
27642 27641 27644
27645 27646 27647
27646 27645 27648
27649 27650 27651
27650 27649 27652
27653 27654 27655
27654 27653 27656
27657 27658 27659
27658 27657 27660
27661 27349 27662
27349 27661 27347
27663 27664 27665
27664 27663 27666
27667 27668 27669
27668 27667 27670
27671 27672 27673
27672 27671 27674
27675 27676 27677
27676 27675 27678
27679 27680 27681
27680 27679 27682
27683 27677 27684
27677 27683 27675
27685 27686 27687
27686 27685 27688
27494 27689 27495
27689 27494 27690
27691 27692 27693
27692 27691 27694
27695 27696 27697
27696 27695 27698
27698 27693 27696
27693 27698 27691
27699 27700 27701
27700 27699 27702
27578 27703 27576
27703 27578 27704
27705 27311 27706
27311 27705 27309
27707 27708 27709
27708 27707 27710
27687 27701 27685
27701 27687 27699
27711 27405 27712
27405 27711 27403
27413 27408 27411
27713 27714 27715
27714 27713 27716
27389 27543 27387
27543 27389 27541
27408 27410 27411
27493 27717 27496
26860 26894 26858
26894 26860 27134
26862 27134 26860
27134 26862 27135
26864 27135 26862
27135 26864 26899
26775 26866 26868
26866 26775 26900
26872 27718 26870
27718 26872 27719
26870 27720 26873
27720 26870 27718
26873 26878 26875
26878 26873 27720
26879 26876 26875
26876 26879 26880
26879 27721 26881
27721 26879 26877
27722 26872 26884
26872 27722 27719
26864 26867 26866
26867 26864 26863
26918 26914 26913
26914 26918 27076
26915 26917 26913
26917 26915 26920
27050 26917 26921
26917 27050 26916
27045 26921 26923
26921 27045 27050
26925 27045 26923
27045 26925 26893
26925 26859 26858
26859 26925 26924
27141 26884 27138
26884 27141 27722
26777 27140 27138
27140 26777 26773
26773 26868 27140
26868 26773 26775
27337 27723 27340
27723 27337 27724
27725 27362 27359
27362 27725 27726
27727 27186 27728
27177 27729 27730
27729 27177 27731
27031 27732 27733
27732 27031 27731
27734 27735 27736
27735 27734 27737
27727 27738 27186
27390 27739 27388
27716 27414 27714
27414 27716 27412
27273 26996 27274
26996 27273 26991
27740 27686 27688
27686 27740 27741
27184 27742 27185
26829 27010 26832
27010 26829 27095
26841 27743 27744
27743 26841 27129
26847 27745 27746
27745 26847 27144
27747 27748 26850
27748 27747 27749
27750 26906 26908
26906 27750 27751
26910 27752 27753
27752 26910 27172
26945 27754 26946
27754 26945 27755
27756 26948 27757
26948 27756 27758
26956 26907 26959
26907 26956 26963
27156 26964 26966
26964 27156 27158
26967 27170 26970
27170 26967 27168
27010 26972 26971
26972 27010 27095
27006 27001 27000
27001 27006 27003
26997 27005 27004
27005 26997 26933
27759 27000 27007
27000 27759 27006
27006 27009 27004
27009 27006 27759
26954 27011 26971
27011 26954 26998
27010 27016 27013
27016 27010 27012
27018 27015 27019
27758 27760 26948
27760 27758 27761
27026 27094 27024
27094 27026 26905
27030 27025 27028
27025 27030 27023
27148 27035 27036
27035 27148 27150
27094 26972 27024
26972 27094 26955
27025 27097 27028
27097 27025 27095
27101 27102 27099
27102 27101 27105
27111 27099 27103
27099 27111 27100
27107 27029 27106
27029 27107 27027
27104 27106 27108
27106 27104 27102
26839 27762 27109
27762 26839 26838
27763 26839 27110
26839 27763 26837
27160 27113 27115
27113 27160 27162
27164 27117 27119
27117 27164 27166
26909 27122 27124
27122 26909 26911
27754 27143 27142
27143 27754 27755
27151 27123 27149
27123 27151 27121
27153 27118 27152
27118 27153 27116
27155 27750 27154
27750 27155 27751
27159 26968 27157
26968 27159 26969
27163 26851 27161
26851 27163 26849
27167 26842 27165
26842 27167 26840
27171 26848 27169
26848 27171 26846
27453 27280 27277
27280 27453 27455
27764 27292 27289
27292 27764 27765
27766 27300 27297
27300 27766 27767
27768 27308 27305
27308 27768 27769
27627 27346 27343
27346 27627 27626
27770 27354 27351
27354 27770 27771
27378 27451 27376
27451 27378 27449
27589 27382 27379
27382 27589 27588
27772 27394 27391
27394 27772 27773
27619 27398 27395
27398 27619 27618
27651 27402 27399
27402 27651 27650
27425 27420 27422
27420 27425 27424
27774 27426 27423
27426 27774 27775
27776 27430 27427
27430 27776 27777
27429 27434 27436
27434 27429 27428
27447 27440 27437
27440 27447 27446
27778 27448 27445
27448 27778 27779
27452 27780 27450
27780 27452 27781
27456 27585 27454
27585 27456 27583
27782 27460 27462
27460 27782 27783
27784 27464 27466
27464 27784 27785
27463 27470 27467
27470 27463 27465
27469 27476 27473
27476 27469 27468
27483 27478 27480
27478 27483 27482
27511 27484 27481
27484 27511 27510
27786 27492 27489
27492 27786 27787
27788 27500 27497
27500 27788 27789
27521 27504 27501
27504 27521 27520
27515 27508 27505
27508 27515 27514
27503 27512 27509
27512 27503 27502
27499 27516 27513
27516 27499 27498
27790 27522 27519
27522 27790 27791
27507 27526 27523
27526 27507 27506
27635 27532 27529
27532 27635 27634
27643 27536 27533
27536 27643 27642
27353 27540 27537
27540 27353 27352
27647 27550 27547
27550 27647 27646
27611 27556 27553
27556 27611 27610
27623 27560 27557
27560 27623 27622
27639 27564 27561
27564 27639 27638
27792 27568 27565
27568 27792 27793
27615 27572 27569
27572 27615 27614
27459 27584 27586
27584 27459 27461
27375 27590 27587
27590 27375 27377
27655 27594 27591
27594 27655 27654
27794 27600 27597
27600 27794 27795
27631 27604 27601
27604 27631 27630
27539 27608 27605
27608 27539 27538
27535 27612 27609
27612 27535 27534
27567 27616 27613
27616 27567 27566
27401 27620 27617
27620 27401 27400
27393 27624 27621
27624 27393 27392
27531 27628 27625
27628 27531 27530
27599 27632 27629
27632 27599 27598
27307 27636 27633
27636 27307 27306
27571 27640 27637
27640 27571 27570
27291 27644 27641
27644 27291 27290
27559 27648 27645
27648 27559 27558
27299 27652 27649
27652 27299 27298
27603 27656 27653
27656 27603 27602
27669 27660 27657
27660 27669 27668
27663 27606 27666
27606 27663 27607
27673 27670 27667
27670 27673 27672
27491 27674 27671
27674 27491 27490
27731 27033 27729
27033 27731 27031
27731 27179 27732
27179 27731 27177
27487 27737 27734
27737 27487 27486
27738 27184 27186
27034 26962 27032
26962 27034 26961
27034 27733 27183
27733 27034 27031
27242 27796 27240
27796 27242 27797
27258 27728 27257
27728 27258 27727
27262 27086 27260
27086 27262 27084
27268 27089 27266
27089 27268 27088
27798 27488 27485
27488 27798 27799
27240 27796 27227
27240 27227 27226
27178 27730 27181
27730 27178 27177
27682 27735 27680
27735 27682 27736
27178 27180 27800
27178 27800 27179
26909 27173 26910
26910 27753 26911
26846 27145 26847
26847 27746 26848
26840 27130 26841
26841 27744 26842
27301 27801 27304
27801 27301 27802
27803 26850 27748
26850 27803 27804
26850 27804 26851
26849 27747 26850
26947 27757 26948
26948 27760 26949
27015 27014 27019
27014 27022 27019
26960 26852 26965
26750 26955 27094
27094 26905 26748
26819 27120 26802
25690 25823 25691
26885 26752 26754
