byte offset: 0
first index: 19794
index count: 1500
topology: trianglelist
format: DXGI_FORMAT_R16_UINT

6323 6324 6325
6323 6325 6326
6327 6328 6329
6330 6327 6331
6330 6331 6332
6333 6334 6332
6335 6336 6337
6338 6339 6340
6341 6342 6343
6341 6343 6344
6345 6341 6344
6346 6347 6348
6349 6350 6351
6352 6353 6354
6352 6354 6355
6356 6357 6358
6356 6358 6359
6360 6361 6362
6360 6362 6363
6364 6365 6366
6364 6366 6367
6368 6360 6363
6368 6363 6369
6370 6371 6365
6370 6365 6364
6372 6368 6369
6372 6369 6373
6374 6375 6371
6374 6371 6370
6376 6377 6378
6376 6378 6379
6380 6381 6382
6380 6382 6383
6377 6372 6373
6377 6373 6378
6384 6385 6386
6384 6386 6387
6388 6376 6379
6388 6379 6389
6390 6388 6389
6390 6389 6391
6392 6393 6394
6392 6394 6395
6396 6390 6391
6396 6391 6397
6394 6393 6398
6394 6398 6399
6400 6401 6402
6400 6402 6403
6404 6405 6406
6404 6406 6407
6408 6409 6410
6408 6410 6411
6412 6413 6414
6412 6414 6415
6408 6401 6400
6408 6400 6409
6355 6362 6361
6355 6361 6352
6323 6329 6328
6323 6328 6324
6367 6366 6357
6367 6357 6356
6416 6327 6330
6416 6330 6417
6417 6330 6418
6417 6418 6419
6419 6418 6420
6419 6420 6421
6421 6420 6422
6421 6422 6423
6423 6422 6424
6423 6424 6425
6425 6424 6426
6425 6426 6427
6427 6426 6346
6427 6346 6428
6428 6346 6429
6428 6429 6430
6431 6432 6350
6431 6350 6349
6350 6433 6351
6403 6402 6396
6403 6396 6397
6434 6435 6436
6434 6436 6437
6430 6429 6432
6430 6432 6431
6407 6406 6436
6407 6436 6435
6438 6439 6412
6438 6412 6415
6432 6440 6433
6432 6433 6350
6441 6442 6443
6441 6443 6348
6346 6348 6443
6327 6329 6331
6328 6327 6416
6444 6445 6446
6444 6446 6447
6448 6449 6450
6451 6452 6453
6451 6453 6448
6454 6455 6456
6457 6458 6459
6460 6461 6462
6463 6464 6465
6463 6465 6457
6466 6463 6467
6466 6467 6468
6467 6469 6470
6467 6470 6471
6469 6472 6470
6473 6474 6475
6476 6477 6478
6444 6447 6450
6444 6450 6449
6479 6480 6451
6479 6451 6448
6480 6481 6454
6480 6454 6451
6481 6482 6460
6481 6460 6454
6482 6483 6457
6482 6457 6460
6483 6484 6463
6483 6463 6457
6484 6485 6467
6484 6467 6463
6485 6486 6469
6485 6469 6467
6486 6487 6488
6486 6488 6469
6489 6473 6475
6489 6475 6476
6475 6474 6490
6488 6476 6491
6488 6491 6492
6487 6489 6476
6487 6476 6488
6476 6475 6490
6476 6490 6477
6488 6493 6494
6469 6488 6494
6448 6453 6449
6450 6479 6448
6443 6495 6429
6496 6442 6441
6429 6497 6498
6429 6498 6432
6498 6499 6432
6500 6501 6439
6500 6439 6438
6342 6502 6426
6342 6426 6424
6502 6503 6426
6504 6505 6405
6504 6405 6404
6506 6507 6422
6507 6508 6422
6395 6509 6510
6395 6510 6392
6418 6339 6511
6418 6511 6420
6512 6513 6380
6512 6380 6383
6336 6506 6422
6336 6422 6420
6335 6337 6514
6336 6420 6337
6330 6334 6515
6330 6515 6418
6516 6517 6385
6516 6385 6384
6518 6519 6452
6520 6521 6522
6520 6522 6523
6524 6525 6526
6524 6526 6527
6334 6330 6332
6418 6515 6339
6451 6518 6452
6451 6454 6456
6451 6456 6518
6339 6515 6340
6455 6528 6529
6530 6531 6532
6530 6532 6533
6534 6535 6536
6534 6536 6537
6456 6455 6529
6454 6460 6462
6454 6462 6455
6420 6511 6337
6538 6539 6461
6460 6457 6459
6460 6459 6538
6460 6538 6461
6461 6539 6540
6541 6542 6543
6541 6543 6544
6545 6546 6547
6545 6547 6548
6549 6550 6551
6549 6551 6552
6548 6547 6553
6548 6553 6554
6555 6554 6553
6555 6553 6556
6457 6465 6458
6424 6422 6508
6424 6508 6343
6342 6424 6343
6466 6557 6558
6466 6558 6464
6557 6559 6558
6466 6464 6463
6560 6561 6562
6560 6562 6563
6564 6565 6566
6564 6566 6567
6564 6568 6569
6564 6569 6565
6561 6560 6570
6561 6570 6571
6494 6572 6573
6494 6573 6472
6572 6574 6573
6575 6576 6577
6575 6577 6578
6579 6580 6581
6579 6581 6582
6575 6578 6583
6575 6583 6584
6585 6584 6583
6585 6583 6586
6587 6585 6586
6587 6586 6588
6582 6581 6589
6582 6589 6590
6346 6443 6429
6469 6494 6472
6488 6492 6493
6497 6429 6495
6476 6478 6491
6432 6499 6440
6467 6471 6468
6426 6503 6347
6426 6347 6346
6591 6592 6593
6591 6593 6594
6595 6596 6597
6598 6599 6600
6598 6600 6595
6601 6599 6602
6603 6604 6605
6606 6607 6608
6609 6610 6611
6609 6611 6612
6613 6610 6609
6614 6615 6616
6617 6618 6619
6620 6621 6622
6620 6622 6623
6624 6625 6626
6624 6626 6627
6628 6629 6630
6628 6630 6631
6632 6633 6634
6632 6634 6635
6636 6637 6629
6636 6629 6628
6638 6632 6635
6638 6635 6639
6640 6641 6637
6640 6637 6636
6642 6638 6639
6642 6639 6643
6644 6645 6646
6644 6646 6647
6648 6649 6650
6648 6650 6651
6647 6646 6641
6647 6641 6640
6652 6653 6654
6652 6654 6655
6656 6657 6645
6656 6645 6644
6658 6659 6657
6658 6657 6656
6660 6661 6662
6660 6662 6663
6664 6665 6659
6664 6659 6658
6666 6663 6662
6666 6662 6667
6668 6669 6670
6668 6670 6671
6672 6673 6674
6672 6674 6675
6676 6677 6678
6676 6678 6679
6680 6681 6682
6680 6682 6683
6676 6679 6670
6676 6670 6669
6621 6620 6631
6621 6631 6630
6591 6594 6597
6591 6597 6596
6633 6624 6627
6633 6627 6634
6684 6685 6598
6684 6598 6595
6685 6686 6687
6685 6687 6598
6686 6688 6689
6686 6689 6687
6688 6690 6691
6688 6691 6689
6690 6692 6693
6690 6693 6691
6692 6694 6695
6692 6695 6693
6694 6696 6614
6694 6614 6695
6696 6697 6698
6696 6698 6614
6699 6617 6619
6699 6619 6700
6619 6618 6701
6671 6665 6664
6671 6664 6668
6702 6703 6704
6702 6704 6705
6697 6699 6700
6697 6700 6698
6675 6703 6702
6675 6702 6672
6706 6681 6680
6706 6680 6707
6700 6619 6701
6700 6701 6708
6709 6710 6711
6709 6711 6615
6614 6709 6615
6595 6600 6596
6597 6684 6595
6712 6713 6714
6712 6714 6715
6716 6717 6718
6719 6716 6720
6719 6720 6721
6722 6723 6724
6725 6726 6727
6728 6729 6730
6731 6725 6732
6731 6732 6733
6734 6731 6735
6734 6735 6736
6734 6737 6738
6734 6738 6739
6739 6738 6740
6741 6742 6743
6744 6745 6746
6712 6718 6717
6712 6717 6713
6747 6716 6719
6747 6719 6748
6748 6719 6722
6748 6722 6749
6749 6722 6728
6749 6728 6750
6750 6728 6725
6750 6725 6751
6751 6725 6731
6751 6731 6752
6752 6731 6734
6752 6734 6753
6753 6734 6739
6753 6739 6754
6754 6739 6755
6754 6755 6756
6757 6744 6742
6757 6742 6741
6742 6758 6743
6755 6759 6760
6755 6760 6744
6756 6755 6744
6756 6744 6757
6744 6746 6758
6744 6758 6742
6755 6761 6762
6739 6761 6755
6716 6718 6720
6717 6716 6747
6709 6698 6763
6764 6711 6710
6765 6766 6698
6765 6698 6700
6765 6700 6767
6768 6706 6707
6768 6707 6769
6612 6693 6695
6612 6695 6770
6770 6695 6771
6772 6674 6673
6772 6673 6773
6774 6691 6775
6775 6691 6776
6777 6778 6661
6777 6661 6660
6779 6608 6687
6779 6687 6689
6780 6649 6648
6780 6648 6781
6691 6774 6605
6691 6605 6689
6603 6782 6604
6605 6604 6689
6783 6602 6598
6783 6598 6687
6784 6654 6653
6784 6653 6785
6786 6721 6787
6788 6789 6790
6788 6790 6791
6792 6793 6794
6792 6794 6795
6602 6599 6598
6687 6608 6783
6719 6721 6786
6723 6722 6719
6723 6719 6786
6608 6607 6783
6724 6796 6797
6798 6799 6800
6798 6800 6801
6802 6803 6804
6802 6804 6805
6723 6796 6724
6729 6728 6722
6729 6722 6724
6689 6604 6779
6806 6730 6807
6726 6725 6728
6726 6728 6806
6728 6730 6806
6730 6808 6807
6809 6810 6811
6809 6811 6812
6813 6814 6815
6813 6815 6816
6817 6818 6819
6817 6819 6820
6814 6821 6822
6814 6822 6815
6822 6821 6823
6822 6823 6824
6725 6727 6732
6776 6691 6693
6776 6693 6611
6612 6611 6693
6735 6733 6825
6735 6825 6826
6826 6825 6827
6735 6731 6733
6828 6829 6830
6828 6830 6831
6832 6833 6834
6832 6834 6835
6836 6837 6832
6836 6832 6835
6829 6838 6839
6829 6839 6830
6761 6740 6840
6761 6840 6841
6841 6840 6842
6843 6844 6845
6843 6845 6846
6847 6848 6849
6847 6849 6850
6843 6851 6852
6843 6852 6844
6852 6851 6853
6852 6853 6854
6854 6853 6855
6854 6855 6856
6848 6857 6858
6848 6858 6849
6614 6698 6709
6739 6740 6761
6755 6762 6759
6766 6763 6698
6744 6760 6745
6700 6708 6767
6734 6736 6737
6695 6614 6616
6695 6616 6771
