byte offset: 0
first index: 86547
index count: 2898
topology: trianglelist
format: DXGI_FORMAT_R16_UINT

27805 27806 27807
27808 27807 27809
27805 27807 27808
27810 27805 27808
27805 27810 27811
27812 27811 27810
27811 27812 27813
27814 27812 27815
27812 27814 27813
27816 27815 27817
27815 27816 27814
27818 27817 27819
27817 27818 27816
27820 27818 27819
27818 27820 27821
27822 27820 27823
27820 27822 27821
27824 27823 27825
27823 27824 27822
27826 27825 27827
27825 27826 27824
27828 27827 27829
27827 27828 27826
27830 27829 27831
27829 27830 27828
27832 27833 27834
27833 27832 27835
27836 27834 27833
27834 27836 27837
27838 27837 27836
27837 27838 27839
27840 27839 27838
27839 27840 27841
27842 27841 27840
27841 27842 27843
27844 27843 27842
27843 27844 27845
27846 27845 27844
27845 27846 27847
27848 27847 27846
27847 27848 27849
27850 27849 27848
27849 27850 27851
27852 27851 27850
27851 27852 27853
27854 27853 27852
27853 27854 27855
27856 27855 27854
27855 27856 27857
27858 27859 27860
27859 27858 27861
27861 27862 27859
27862 27861 27863
27863 27864 27862
27864 27863 27865
27865 27866 27864
27866 27865 27867
27867 27868 27866
27868 27867 27869
27869 27870 27868
27870 27869 27871
27871 27872 27870
27872 27871 27873
27873 27874 27872
27874 27873 27875
27875 27876 27874
27876 27875 27877
27877 27878 27876
27878 27877 27879
27879 27880 27878
27880 27879 27881
27881 27882 27880
27882 27881 27883
27884 27885 27886
27885 27884 27887
27888 27886 27889
27886 27888 27884
27890 27891 27892
27891 27890 27893
27894 27890 27895
27890 27894 27893
27896 27895 27897
27895 27896 27894
27892 27898 27899
27898 27892 27891
27899 27888 27889
27888 27899 27898
27900 27886 27885
27901 27902 27903
27904 27890 27905
27890 27904 27895
27890 27906 27905
27906 27890 27892
27899 27906 27892
27906 27899 27907
27899 27908 27907
27908 27899 27889
27886 27900 27908
27909 27906 27910
27906 27909 27905
27907 27910 27906
27910 27907 27911
27907 27912 27911
27912 27907 27908
27900 27912 27908
27910 27913 27914
27913 27910 27911
27911 27915 27913
27915 27911 27912
27900 27902 27912
27886 27908 27889
27916 27917 27918
27919 27920 27902
27921 27884 27922
27884 27921 27887
27884 27923 27922
27923 27884 27888
27888 27924 27923
27924 27888 27898
27898 27925 27924
27925 27898 27891
27891 27926 27925
27926 27891 27893
27893 27927 27926
27927 27893 27894
27894 27928 27927
27928 27894 27896
27896 27929 27928
27929 27896 27930
27931 27929 27932
27929 27931 27928
27933 27931 27932
27934 27933 27935
27936 27934 27937
27937 27938 27936
27938 27937 27939
27940 27939 27941
27939 27940 27938
27942 27941 27943
27941 27942 27940
27944 27928 27931
27928 27944 27927
27945 27927 27944
27927 27945 27926
27946 27926 27945
27926 27946 27925
27947 27925 27946
27925 27947 27924
27948 27924 27947
27924 27948 27923
27949 27923 27948
27923 27949 27922
27950 27922 27949
27922 27950 27921
27951 27945 27944
27945 27951 27952
27944 27933 27951
27933 27944 27931
27951 27933 27934
27952 27934 27936
27934 27952 27951
27953 27945 27952
27945 27953 27946
27954 27946 27953
27946 27954 27947
27955 27947 27954
27947 27955 27948
27956 27948 27955
27948 27956 27949
27957 27949 27956
27949 27957 27950
27958 27952 27936
27952 27958 27953
27959 27953 27958
27953 27959 27954
27960 27954 27959
27954 27960 27955
27961 27955 27960
27955 27961 27956
27962 27956 27961
27956 27962 27957
27958 27936 27938
27963 27958 27938
27958 27963 27959
27963 27960 27959
27960 27963 27964
27964 27965 27961
27965 27966 27962
27965 27967 27966
27967 27965 27968
27969 27965 27970
27965 27969 27968
27969 27940 27942
27940 27969 27970
27964 27970 27965
27963 27938 27940
27963 27970 27964
27970 27963 27940
27964 27961 27960
27935 27933 27971
27932 27972 27971
27973 27809 27807
27809 27973 27974
27932 27975 27972
27975 27806 27972
27929 27975 27932
27976 27977 27930
27977 27976 27978
27902 27916 27915
27912 27902 27915
27885 27979 27900
27979 27902 27900
27902 27901 27919
27918 27980 27914
27980 27918 27917
27933 27932 27971
27965 27962 27961
27981 27982 27983
27982 27981 27984
27985 27986 27987
27986 27985 27988
27989 27990 27991
27990 27989 27992
27990 27993 27991
27993 27990 27994
27994 27995 27993
27995 27994 27996
27997 27996 27998
27996 27997 27995
27999 28000 28001
28002 28003 28004
28003 28002 27999
27992 28005 28006
28005 27992 27989
28007 28006 28005
28006 28007 28008
27999 27987 28003
28009 28010 28011
28009 28011 28012
28013 28010 28009
28014 28015 28016
28015 28014 28017
28017 28018 28019
28018 28017 28014
28020 28021 28022
28021 28020 28023
28024 28025 28026
28025 28024 28027
28028 28029 28030
28029 28028 28031
28031 28032 28033
28032 28031 28028
28034 28033 28032
28033 28034 28035
28036 28035 28034
28035 28036 28037
28038 28037 28036
28037 28038 28039
27835 28039 28038
28039 27835 27832
27975 27807 27806
28040 27968 28041
28042 28040 28041
28040 28042 28043
28044 28042 28045
28042 28044 28043
28046 28045 28047
28045 28046 28044
28048 28046 28047
28049 28050 28051
28050 28049 28048
28040 27967 27968
27969 28052 28041
28052 27969 27942
28053 28041 28052
28041 28053 28042
28054 28053 28055
28053 28054 28056
28056 28057 28047
28057 28056 28054
28047 28057 28050
27942 28058 28052
28058 27942 27943
28055 28052 28058
28052 28055 28053
28042 28056 28045
28056 28042 28053
28056 28047 28045
28041 27968 27969
28048 28047 28050
28059 27858 27860
27858 28059 28060
28061 28060 28059
28060 28061 28062
28063 28061 28064
28061 28063 28062
28065 28063 28064
28063 28065 28066
28067 28066 28065
28066 28067 28068
28069 28068 28067
28068 28069 28070
28071 28070 28069
28070 28071 28072
28073 28071 28074
28071 28073 28072
28075 28073 28074
28073 28075 28076
28077 28076 28075
28076 28077 28078
28079 28078 28077
28078 28079 28080
28081 28080 28079
28080 28081 28082
28083 28082 28081
28082 28083 28084
27903 27902 27979
27937 27934 27935
27974 27977 27978
27977 27974 27973
27930 27977 27929
27896 28085 27930
28085 27896 27897
28086 27910 27914
27910 28086 27909
27973 27807 27975
27929 27973 27975
27973 27929 27977
28087 28088 28089
28088 28087 28090
28088 27909 28086
28091 28087 28092
28087 28091 28090
27930 28093 27976
28093 27930 28085
28092 28085 28091
28085 28092 28093
28091 28085 27897
28094 28086 28095
28086 28094 28088
27918 27914 27913
27918 27915 27916
27915 27918 27913
27895 28091 27897
28091 27895 27904
27904 27905 28090
28091 27904 28090
28088 27905 27909
27905 28088 28090
28029 28096 28030
28096 28029 28097
28089 28094 28098
28026 28096 28097
28096 28026 28025
28022 28099 28100
28099 28022 28021
28101 28027 28024
28027 28101 28102
28101 28099 28102
28099 28101 28100
28103 28104 28105
28104 28103 28106
28105 28023 28020
28023 28105 28104
28107 28018 28108
28018 28107 28019
28103 28108 28106
28108 28103 28107
28109 28086 27914
28086 28109 28110
28111 27980 28112
27980 28111 27914
28095 28086 28113
28109 27914 28111
28086 28110 28114
28113 28114 28115
28114 28113 28086
28089 28088 28094
28116 28117 28118
28117 28116 28119
28118 28120 28121
28120 28118 28117
28121 28122 28115
28122 28121 28120
28115 28123 28113
28123 28115 28122
28113 28124 28095
28124 28113 28123
28095 28125 28094
28125 28095 28124
28094 28126 28098
28126 28094 28125
28098 28119 28116
28119 28098 28126
28114 28127 28128
28127 28114 28129
28128 28130 28131
28130 28128 28127
28131 28132 28133
28132 28131 28130
28133 28134 28112
28134 28133 28132
28112 28135 28111
28135 28112 28134
28111 28136 28109
28136 28111 28135
28109 28137 28110
28137 28109 28136
28110 28129 28114
28129 28110 28137
28138 28139 28140
28139 28138 28141
28140 28142 28143
28142 28140 28139
28143 28144 28145
28144 28143 28142
28146 28147 28148
28147 28146 28149
28150 28151 28152
28151 28150 28153
28152 28154 28155
28154 28152 28151
28155 28156 28157
28156 28155 28154
28158 28141 28138
28141 28158 28159
28160 28161 28162
28161 28160 28163
28162 28164 28165
28164 28162 28161
28165 28166 28167
28166 28165 28164
28167 28168 28169
28168 28167 28166
28170 28171 28172
28171 28170 28173
28172 28174 28175
28174 28172 28171
28175 28176 28177
28176 28175 28174
28178 28179 28180
28179 28178 28181
28182 28183 28184
28185 28186 28187
28188 28189 28190
28191 28192 28193
28194 28195 28183
28196 28197 28198
28199 28200 28201
28202 28203 28204
28205 28206 28207
28208 28209 28210
28211 28212 28213
28214 28215 28216
27981 27988 27984
27988 27981 28217
28000 27984 28001
27984 28000 27982
27902 28218 27916
28001 27988 27985
27988 28001 27984
28217 27986 27988
27986 28217 28219
27902 27920 28218
27999 27985 27987
27999 28001 27985
28016 28010 28013
28010 28016 28015
28220 28221 28222
28223 28224 28221
28220 28223 28221
28225 28220 28226
28220 28225 28223
28227 28226 28228
28226 28227 28225
28229 28227 28228
28227 28229 28230
28231 28230 28229
28230 28231 28232
28233 28232 28231
28232 28233 28234
28235 28233 28236
28233 28235 28234
28237 28235 28236
28235 28237 28238
28239 28238 28237
28238 28239 28240
28241 28240 28239
28240 28241 28242
28243 28242 28241
28242 28243 28244
28245 28244 28243
28244 28245 28246
28247 28248 28249
28248 28247 28250
28251 28250 28252
28250 28251 28248
28253 28252 28254
28252 28253 28251
28255 28254 28256
28254 28255 28253
28257 28256 28258
28256 28257 28255
28259 28258 28260
28258 28259 28257
28261 28260 28262
28260 28261 28259
28263 28262 28264
28262 28263 28261
28265 28264 28266
28264 28265 28263
28267 28266 28268
28266 28267 28265
28269 28268 28270
28268 28269 28267
28271 28270 28272
28270 28271 28269
28273 28274 28275
28274 28273 28276
28275 28277 28278
28277 28275 28274
28278 28279 28280
28279 28278 28277
28280 28281 28282
28281 28280 28279
28282 28283 28284
28283 28282 28281
28284 28285 28286
28285 28284 28283
28286 28287 28288
28287 28286 28285
28288 28289 28290
28289 28288 28287
28290 28291 28292
28291 28290 28289
28292 28293 28294
28293 28292 28291
28294 28295 28296
28295 28294 28293
28296 28297 28298
28297 28296 28295
28299 28300 28301
28300 28299 28302
28303 28302 28299
28302 28303 28304
28305 28306 28307
28306 28305 28308
28309 28305 28307
28305 28309 28310
28311 28310 28309
28310 28311 28312
28308 28313 28306
28313 28308 28314
28314 28303 28313
28303 28314 28304
28315 28300 28302
28316 28317 28318
28319 28305 28310
28305 28319 28320
28305 28321 28308
28321 28305 28320
28314 28321 28322
28321 28314 28308
28314 28323 28304
28323 28314 28322
28302 28323 28315
28324 28321 28320
28321 28324 28325
28322 28325 28326
28325 28322 28321
28322 28327 28323
28327 28322 28326
28315 28323 28327
28325 28328 28326
28328 28325 28329
28326 28330 28327
28330 28326 28328
28315 28327 28318
28302 28304 28323
28331 28332 28333
28334 28318 28335
28336 28299 28301
28299 28336 28337
28299 28338 28303
28338 28299 28337
28303 28339 28313
28339 28303 28338
28313 28340 28306
28340 28313 28339
28306 28341 28307
28341 28306 28340
28307 28342 28309
28342 28307 28341
28309 28343 28311
28343 28309 28342
28311 28344 28345
28344 28311 28343
28346 28344 28343
28344 28346 28347
28348 28347 28346
28349 28350 28348
28351 28352 28349
28352 28353 28354
28353 28352 28351
28355 28354 28353
28354 28355 28356
28357 28356 28355
28356 28357 28358
28359 28343 28342
28343 28359 28346
28360 28342 28341
28342 28360 28359
28361 28341 28340
28341 28361 28360
28362 28340 28339
28340 28362 28361
28363 28339 28338
28339 28363 28362
28364 28338 28337
28338 28364 28363
28365 28337 28336
28337 28365 28364
28366 28360 28367
28360 28366 28359
28359 28348 28346
28348 28359 28366
28366 28349 28348
28367 28349 28366
28349 28367 28351
28368 28360 28361
28360 28368 28367
28369 28361 28362
28361 28369 28368
28370 28362 28363
28362 28370 28369
28371 28363 28364
28363 28371 28370
28372 28364 28365
28364 28372 28371
28373 28367 28368
28367 28373 28351
28374 28368 28369
28368 28374 28373
28375 28369 28370
28369 28375 28374
28376 28370 28371
28370 28376 28375
28377 28371 28372
28371 28377 28376
28373 28353 28351
28378 28373 28374
28373 28378 28353
28378 28375 28379
28375 28378 28374
28379 28376 28380
28380 28377 28381
28380 28382 28383
28382 28380 28381
28384 28380 28383
28380 28384 28385
28384 28355 28385
28355 28384 28357
28379 28380 28385
28378 28355 28353
28378 28385 28355
28385 28378 28379
28379 28375 28376
28350 28386 28348
28347 28386 28387
28388 28224 28389
28224 28388 28221
28347 28387 28390
28390 28387 28222
28344 28347 28390
28391 28392 28393
28392 28391 28345
28318 28330 28331
28327 28330 28318
28300 28315 28394
28394 28315 28318
28318 28334 28316
28332 28395 28333
28395 28332 28329
28348 28386 28347
28380 28376 28377
28396 28397 28398
28397 28396 28399
28400 28401 28402
28401 28400 28403
28404 28405 28406
28405 28404 28407
28405 28408 28409
28408 28405 28407
28409 28410 28411
28410 28409 28408
28412 28411 28410
28411 28412 28413
28414 28415 28416
28417 28418 28414
28418 28417 28419
28406 28420 28404
28420 28406 28421
28422 28421 28423
28421 28422 28420
28414 28418 28403
28424 28425 28426
28424 28427 28425
28428 28424 28426
28429 28430 28431
28430 28429 28432
28431 28433 28429
28433 28431 28434
28435 28436 28437
28436 28435 28438
28439 28440 28441
28440 28439 28442
28443 28444 28445
28444 28443 28446
28445 28447 28443
28447 28445 28448
28449 28448 28450
28448 28449 28447
28451 28450 28452
28450 28451 28449
28453 28452 28454
28452 28453 28451
28249 28454 28247
28454 28249 28453
28390 28222 28221
28455 28456 28383
28457 28455 28458
28455 28457 28456
28459 28457 28458
28457 28459 28460
28461 28460 28459
28460 28461 28462
28463 28462 28461
28464 28465 28463
28465 28464 28466
28455 28383 28382
28384 28467 28357
28467 28384 28456
28468 28456 28457
28456 28468 28467
28469 28468 28470
28468 28469 28471
28470 28472 28469
28472 28470 28462
28462 28465 28472
28357 28473 28358
28473 28357 28467
28471 28467 28468
28467 28471 28473
28457 28470 28468
28470 28457 28460
28470 28460 28462
28456 28384 28383
28463 28465 28462
28474 28273 28475
28273 28474 28276
28476 28475 28477
28475 28476 28474
28478 28476 28477
28476 28478 28479
28480 28478 28481
28478 28480 28479
28482 28481 28483
28481 28482 28480
28484 28483 28485
28483 28484 28482
28486 28485 28487
28485 28486 28484
28488 28486 28487
28486 28488 28489
28490 28488 28491
28488 28490 28489
28492 28491 28493
28491 28492 28490
28494 28493 28495
28493 28494 28492
28496 28495 28497
28495 28496 28494
28498 28497 28499
28497 28498 28496
28317 28394 28318
28352 28350 28349
28389 28392 28388
28392 28389 28393
28345 28344 28392
28311 28500 28312
28500 28311 28345
28501 28325 28324
28325 28501 28329
28388 28390 28221
28344 28388 28392
28388 28344 28390
28502 28503 28504
28503 28502 28505
28503 28501 28324
28506 28502 28504
28502 28506 28507
28345 28508 28500
28508 28345 28391
28507 28500 28508
28500 28507 28506
28506 28312 28500
28509 28501 28503
28501 28509 28510
28332 28328 28329
28332 28330 28328
28330 28332 28331
28310 28506 28319
28506 28310 28312
28319 28504 28320
28506 28504 28319
28503 28320 28504
28320 28503 28324
28444 28511 28512
28511 28444 28446
28505 28513 28509
28442 28511 28440
28511 28442 28512
28438 28514 28436
28514 28438 28515
28516 28441 28517
28441 28516 28439
28516 28514 28515
28514 28516 28517
28518 28519 28520
28519 28518 28521
28521 28437 28519
28437 28521 28435
28522 28433 28434
28433 28522 28523
28518 28523 28522
28523 28518 28520
28524 28501 28525
28501 28524 28329
28526 28395 28329
28395 28526 28527
28510 28528 28501
28524 28526 28329
28501 28529 28525
28528 28529 28501
28529 28528 28530
28505 28509 28503
28531 28532 28533
28532 28531 28534
28534 28535 28532
28535 28534 28536
28536 28537 28535
28537 28536 28530
28530 28538 28537
28538 28530 28528
28528 28539 28538
28539 28528 28510
28510 28540 28539
28540 28510 28509
28509 28541 28540
28541 28509 28513
28513 28533 28541
28533 28513 28531
28529 28542 28543
28542 28529 28544
28544 28545 28542
28545 28544 28546
28546 28547 28545
28547 28546 28548
28548 28549 28547
28549 28548 28527
28527 28550 28549
28550 28527 28526
28526 28551 28550
28551 28526 28524
28524 28552 28551
28552 28524 28525
28525 28543 28552
28543 28525 28529
28553 28554 28555
28554 28553 28556
28556 28557 28554
28557 28556 28558
28558 28559 28557
28559 28558 28560
28561 28562 28563
28562 28561 28564
28565 28566 28567
28566 28565 28568
28568 28569 28566
28569 28568 28570
28570 28571 28569
28571 28570 28572
28573 28555 28574
28555 28573 28553
28575 28576 28577
28576 28575 28578
28578 28579 28576
28579 28578 28580
28580 28581 28579
28581 28580 28582
28582 28583 28581
28583 28582 28584
28585 28586 28587
28586 28585 28588
28588 28589 28586
28589 28588 28590
28590 28591 28589
28591 28590 28592
28593 28594 28595
28594 28593 28596
28597 28598 28599
28600 28601 28602
28603 28604 28605
28606 28607 28608
28609 28610 28611
28612 28613 28610
28614 28615 28616
28617 28618 28619
28620 28621 28622
28623 28624 28625
28626 28627 28628
28629 28630 28631
28396 28402 28632
28402 28396 28398
28416 28398 28397
28398 28416 28415
28318 28331 28633
28415 28402 28398
28402 28415 28400
28632 28401 28634
28401 28632 28402
28318 28633 28335
28414 28403 28400
28414 28400 28415
28432 28426 28430
28426 28432 28428
28635 28464 28636
28464 28635 28466
28637 28636 28638
28636 28637 28635
28498 28639 28640
28639 28498 28499
28641 28639 28642
28639 28641 28640
28638 28643 28637
28643 28638 28644
28641 28645 28646
28645 28641 28642
28643 28644 28647
28646 28648 28649
28648 28646 28645
28650 28049 28051
28049 28650 28651
28652 28651 28650
28651 28652 28653
28083 28654 28084
28654 28083 28655
28656 28654 28655
28654 28656 28657
28652 28658 28653
28658 28652 28659
28660 28656 28661
28656 28660 28657
28658 28659 28662
28663 28661 28664
28661 28663 28660
