byte offset: 0
first index: 23427
index count: 6120
topology: trianglelist
format: DXGI_FORMAT_R16_UINT

5732 5733 5734
5732 5734 5735
5735 5734 5736
5735 5736 5737
5738 5739 5740
5738 5740 5741
5742 5743 5739
5742 5739 5738
5744 5745 5746
5747 5748 5749
5747 5749 5750
5751 5752 5753
5751 5753 5754
5755 5756 5757
5755 5757 5758
5758 5757 5759
5758 5759 5760
5761 5762 5763
5761 5763 5764
5765 5766 5767
5765 5767 5768
5769 5770 5756
5769 5756 5755
5771 5772 5770
5771 5770 5769
5773 5774 5775
5773 5775 5776
5777 5778 5779
5777 5779 5780
5781 5763 5762
5782 5773 5776
5782 5776 5783
5783 5776 5784
5783 5784 5785
5786 5787 5788
5786 5788 5789
5790 5784 5776
5790 5776 5775
5778 5791 5792
5778 5792 5779
5793 5768 5794
5793 5794 5795
5789 5788 5796
5789 5796 5797
5797 5796 5766
5797 5766 5765
5780 5779 5773
5780 5773 5782
5779 5792 5774
5779 5774 5773
5761 5764 5791
5761 5791 5778
5798 5761 5778
5798 5778 5777
5795 5794 5772
5795 5772 5771
5799 5800 5801
5799 5801 5802
5803 5804 5805
5803 5805 5806
5807 5808 5809
5809 5808 5810
5801 5800 5811
5801 5811 5812
5813 5804 5803
5813 5803 5814
5811 5815 5816
5813 5814 5817
5785 5784 5818
5785 5818 5819
5820 5821 5787
5820 5787 5786
5784 5790 5822
5784 5822 5818
5816 5815 5808
5816 5808 5807
5815 5817 5810
5815 5810 5808
5736 5781 5823
5736 5823 5737
5811 5813 5815
5800 5804 5813
5800 5813 5811
5805 5804 5800
5805 5800 5799
5790 5787 5821
5790 5821 5822
5775 5788 5787
5775 5787 5790
5774 5796 5788
5774 5788 5775
5792 5766 5796
5792 5796 5774
5791 5767 5766
5791 5766 5792
5764 5824 5767
5764 5767 5791
5763 5825 5824
5763 5824 5764
5826 5825 5763
5736 5827 5826
5736 5826 5781
5827 5736 5734
5827 5734 5828
5828 5734 5733
5828 5733 5829
5748 5830 5831
5748 5831 5749
5832 5745 5743
5757 5828 5829
5757 5829 5759
5756 5827 5828
5756 5828 5757
5770 5826 5827
5770 5827 5756
5825 5826 5770
5794 5824 5825
5794 5825 5772
5768 5767 5824
5768 5824 5794
5768 5793 5765
5818 5799 5802
5806 5805 5821
5806 5821 5820
5822 5821 5805
5818 5822 5799
5812 5811 5816
5813 5817 5815
5833 5834 5835
5836 5837 5838
5836 5838 5839
5833 5840 5841
5833 5841 5842
5842 5841 5843
5842 5843 5844
5834 5842 5844
5834 5844 5845
5846 5847 5848
5846 5848 5849
5850 5851 5852
5850 5852 5853
5823 5781 5762
5854 5762 5761
5854 5761 5798
5754 5849 5848
5754 5848 5751
5752 5738 5741
5752 5741 5753
5853 5852 5855
5853 5855 5856
5857 5836 5839
5857 5839 5858
5844 5843 5830
5844 5830 5748
5845 5844 5748
5845 5748 5747
5837 5859 5851
5837 5851 5838
5749 5831 5850
5749 5850 5847
5749 5847 5846
5749 5846 5750
5860 5742 5738
5860 5738 5752
5856 5860 5752
5856 5752 5751
5861 5860 5856
5857 5858 5862
5857 5862 5863
5863 5862 5864
5863 5864 5865
5864 5866 5867
5864 5867 5865
5868 5869 5840
5868 5840 5833
5835 5868 5833
5819 5818 5802
5822 5805 5799
5866 5870 5871
5866 5871 5867
5866 5869 5872
5866 5872 5870
5873 5874 5868
5835 5873 5868
5851 5850 5831
5851 5831 5838
5838 5831 5830
5838 5830 5839
5839 5830 5843
5839 5843 5858
5858 5843 5841
5858 5841 5862
5840 5864 5862
5840 5862 5841
5869 5866 5864
5869 5864 5840
5823 5762 5854
5781 5826 5763
5772 5825 5770
5833 5842 5834
5859 5875 5852
5859 5852 5851
5876 5877 5733
5876 5733 5732
5739 5877 5876
5739 5876 5740
5878 5742 5860
5861 5879 5860
5856 5855 5861
5832 5742 5878
5860 5879 5878
5868 5874 5872
5868 5872 5869
5848 5847 5850
5848 5850 5853
5856 5751 5848
5856 5848 5853
5743 5880 5877
5743 5877 5739
5881 5880 5743
5881 5743 5745
5882 5881 5745
5882 5745 5744
5829 5733 5877
5829 5877 5880
5759 5829 5880
5759 5880 5881
5882 5760 5759
5882 5759 5881
5832 5743 5742
5746 5745 5832
5883 5884 5885
5883 5885 5886
5887 5888 5884
5887 5884 5883
5889 5890 5888
5889 5888 5887
5891 5890 5889
5891 5889 5892
5893 5894 5895
5893 5895 5896
5897 5898 5894
5897 5894 5893
5899 5900 5901
5899 5901 5902
5903 5904 5900
5903 5900 5899
5905 5906 5904
5905 5904 5903
5907 5908 5906
5907 5906 5905
5909 5910 5908
5909 5908 5907
5911 5912 5913
5911 5913 5914
5915 5916 5913
5915 5913 5912
5917 5918 5919
5917 5919 5920
5921 5917 5920
5921 5920 5922
5923 5924 5925
5923 5925 5914
5914 5913 5926
5914 5926 5923
5885 5927 5886
5928 5920 5929
5930 5931 5916
5930 5916 5915
5929 5919 5931
5929 5931 5930
5913 5916 5932
5913 5932 5926
5933 5934 5935
5933 5935 5936
5884 5937 5938
5884 5938 5885
5888 5939 5937
5888 5937 5884
5890 5940 5939
5890 5939 5888
5940 5890 5891
5940 5891 5941
5894 5942 5943
5894 5943 5895
5898 5944 5942
5898 5942 5894
5901 5945 5944
5901 5944 5898
5900 5946 5945
5900 5945 5901
5904 5947 5946
5904 5946 5900
5947 5904 5906
5947 5906 5948
5908 5949 5948
5908 5948 5906
5910 5950 5949
5910 5949 5908
5925 5924 5950
5925 5950 5910
5923 5951 5952
5923 5952 5924
5926 5953 5951
5926 5951 5923
5932 5954 5953
5932 5953 5926
5897 5902 5901
5897 5901 5898
5955 5925 5910
5955 5910 5909
5955 5911 5914
5955 5914 5925
5956 5885 5938
5956 5938 5957
5895 5943 5941
5895 5941 5891
5895 5891 5892
5895 5892 5896
5922 5935 5934
5922 5934 5921
5919 5918 5958
5959 5958 5918
5932 5916 5931
5932 5931 5958
5959 5954 5932
5959 5932 5958
5960 5961 5962
5960 5962 5963
5964 5965 5966
5964 5966 5967
5968 5969 5970
5968 5970 5971
5964 5972 5973
5974 5975 5976
5974 5976 5977
5978 5968 5971
5978 5971 5979
5972 5980 5963
5972 5963 5962
5981 5982 5983
5981 5983 5974
5972 5964 5967
5972 5967 5980
5984 5985 5986
5987 5988 5969
5987 5969 5968
5968 5978 5989
5968 5989 5987
5978 5990 5991
5978 5991 5989
5985 5984 5992
5985 5992 5993
5994 5995 5996
5994 5996 5997
5997 5998 5999
5997 5999 5994
5998 6000 6001
5998 6001 5999
5997 5996 5988
5997 5988 5987
5987 5989 5998
5987 5998 5997
5989 5991 6000
5989 6000 5998
6002 6003 5995
6002 5995 5994
6004 6005 5999
6004 5999 6001
6006 6007 6008
6007 6009 6008
6010 6011 6012
6010 6012 6013
5993 5992 6011
5993 6011 6010
6014 6015 6016
6015 6017 6016
6002 6005 6018
6002 6018 6019
6005 6004 6020
6005 6020 6018
6021 6013 6015
6021 6015 6014
6013 6012 6017
6013 6017 6015
6022 6023 6024
6022 6024 6025
6026 6023 6022
6026 6022 6027
6028 6029 6030
6028 6030 6031
6019 6018 6007
6019 6007 6006
6018 6020 6009
6018 6009 6007
6032 6031 6033
6032 6033 6034
6035 6036 6037
6038 6039 6040
6038 6040 6041
6042 6043 6044
6042 6044 6045
6046 6047 6043
6046 6043 6042
6048 6049 6039
6048 6039 6050
6045 6044 6051
6045 6051 6052
6052 6051 6053
6052 6053 6054
6055 6048 6050
6055 6050 6056
6057 6055 6056
6057 6056 6058
6059 6057 6058
6059 6058 6060
6035 6059 6060
6035 6060 6036
6029 6061 6062
6029 6062 6030
6063 6064 6065
6063 6065 5918
6066 6067 6064
6066 6064 6063
6061 6068 6067
6061 6067 6066
6033 6069 6070
6033 6070 6071
6037 6036 6072
6073 6050 6039
6073 6039 6038
6074 6056 6050
6074 6050 6073
6075 6058 6056
6075 6056 6074
6076 6060 6058
6076 6058 6075
6072 6036 6060
6072 6060 6076
6040 6039 6049
6040 6049 6047
6077 6078 6066
6077 6066 6063
6061 6066 6078
6061 6078 6062
5962 5961 6079
5962 6079 6080
6081 5972 5962
6081 5962 6080
6029 6082 6068
6029 6068 6061
6028 6083 6082
6028 6082 6029
6042 6084 6085
6042 6085 6046
6045 6086 6084
6045 6084 6042
6052 6087 6086
6052 6086 6045
6088 6087 6052
6088 6052 6054
6019 6089 6003
6019 6003 6002
6090 6089 6019
6090 6019 6006
5994 5999 6005
5994 6005 6002
6090 6006 6008
5965 5964 6091
6092 6093 6094
6092 6094 6095
6096 6095 6094
6096 6094 6097
6098 6099 6100
6098 6100 6101
6102 6103 6104
6102 6104 6105
6106 6107 6102
6106 6102 6105
6108 6109 6099
6108 6099 6098
6110 6111 6097
6110 6097 5981
6097 6094 5982
6097 5982 5981
6094 6093 6112
6094 6112 5982
5972 6081 5973
6113 6054 6053
6113 6088 6054
6023 6078 6077
6023 6077 6024
6062 6078 6023
6062 6023 6026
6046 6085 6114
6046 6114 6115
6031 6030 6069
6031 6069 6033
6069 6030 6062
6069 6062 6026
6069 6026 6027
6069 6027 6070
6116 6047 6046
6116 6046 6115
6117 6040 6047
6117 6047 6116
6040 6117 6118
6040 6118 6041
6119 6083 6028
6119 6028 6120
6120 6028 6031
6120 6031 6032
6034 6033 6071
6034 6071 6121
6122 6123 6124
6125 6126 6127
6125 6127 6128
6126 6129 6130
6131 6132 6133
6131 6133 6134
6134 6133 6109
6134 6109 6108
5974 5983 6135
5974 6135 5975
5977 6110 5981
5977 5981 5974
6097 6111 6136
6097 6136 6096
6137 6133 6132
6137 6132 6138
6129 6126 6139
6129 6139 6140
6141 6142 6143
6141 6143 6144
6141 6145 6146
6141 6146 6142
6147 6148 6146
6147 6146 6145
6024 6148 6147
6024 6147 6025
6149 5921 5934
6149 5934 6150
6149 6151 5917
6149 5917 5921
5917 6151 6152
5917 6152 5918
6077 6063 5918
6077 5918 6152
6142 6149 6150
6142 6150 6143
6142 6146 6151
6142 6151 6149
6151 6146 6148
6151 6148 6152
6024 6077 6152
6024 6152 6148
6153 6154 5993
6153 5993 6010
6021 6153 6010
6021 6010 6013
5978 5979 5990
5990 5985 5993
5990 5993 6154
5990 6155 5985
5964 5973 6091
6122 6156 6157
6122 6157 6123
6126 6125 6158
6126 6158 6139
5983 6159 6160
5983 6160 6135
5982 6112 6159
5982 6159 5983
6115 6114 6119
6115 6119 6120
6116 6115 6120
6116 6120 6032
6116 6032 6034
6116 6034 6117
6117 6034 6121
6117 6121 6118
6161 6162 6163
6161 6163 6164
6165 6166 6161
6165 6161 6164
6167 6168 6166
6167 6166 6165
6168 6167 6169
6168 6169 6170
5971 5970 6162
5971 6162 6161
6170 5986 6155
6170 6155 6168
5971 6161 6166
5971 6166 5979
6168 6155 5979
6168 5979 6166
5990 5979 6155
6127 6126 6130
6105 6099 6109
6105 6109 6106
6104 6100 6099
6104 6099 6105
5977 5976 6131
5977 6131 6134
5977 6134 6108
5977 6108 6110
6111 6110 6108
6111 6108 6098
6136 6111 6098
6136 6098 6101
6150 5934 5933
6150 5933 6171
6143 6150 6171
6143 6171 6172
6129 6140 6124
5937 6173 5957
5937 5957 5938
5939 6174 6173
5939 6173 5937
5940 6175 6174
5940 6174 5939
6176 6175 5940
6176 5940 5941
5943 6177 6176
5943 6176 5941
5942 6178 6177
5942 6177 5943
5944 6179 6178
5944 6178 5942
5945 6180 6179
5945 6179 5944
5946 6181 6180
5946 6180 5945
5947 6182 6181
5947 6181 5946
6183 6182 5947
6183 5947 5948
5949 6184 6183
5949 6183 5948
5950 6185 6184
5950 6184 5949
5924 5952 6185
5924 6185 5950
6065 5959 5918
5931 5919 5958
6080 6079 6186
6080 6186 6187
6080 6187 6188
6080 6188 6081
5973 6081 6188
5973 6188 6189
6091 5973 6189
6091 6189 6190
6157 6156 6137
6157 6137 6138
6106 6109 6133
6106 6133 6137
6106 6137 6156
6106 6156 6107
6140 6122 6124
6158 6103 6102
6158 6102 6139
6107 6140 6139
6107 6139 6102
6107 6156 6122
6107 6122 6140
6172 6191 6144
6172 6144 6143
5922 6192 6193
5922 6193 5935
5935 6193 6194
5935 6194 5936
5922 5920 6195
5920 5919 5929
6192 5922 6195
5920 5928 6195
6159 6187 6186
6159 6186 6160
6112 6188 6187
6112 6187 6159
6093 6189 6188
6093 6188 6112
6190 6189 6093
6190 6093 6092
6169 6167 5967
6169 5967 5966
5963 6164 6163
5963 6163 5960
5980 6165 6164
5980 6164 5963
5967 6167 6165
5967 6165 5980
6196 6197 6198
6196 6198 6199
6200 6201 6202
6200 6202 6203
6203 6202 6197
6203 6197 6196
6204 6205 6206
6204 6206 6201
6204 6201 6200
6207 6208 6209
6207 6209 6210
6211 6208 6207
6211 6207 6212
6210 6209 6213
6210 6213 6214
6215 6216 6217
6214 6213 6218
6214 6218 6219
6219 6218 6216
6219 6216 6215
5986 5985 6155
6220 6221 6222
6220 6222 6223
6224 6225 6226
6224 6226 6227
6228 6229 6230
6222 6231 6232
6222 6232 6233
6234 6235 6236
6234 6236 6237
6230 6238 6228
6228 6239 6240
6241 6242 6243
6241 6243 6244
6245 6246 6247
6245 6247 6248
6249 6247 6246
6249 6246 6250
6251 6252 6253
6251 6253 6254
6223 6222 6233
6223 6233 6255
6221 6256 6231
6221 6231 6222
6257 6258 6259
6257 6259 6260
6239 6238 6243
6261 6262 6244
6261 6244 6243
6242 6241 6263
6242 6263 6264
6254 6265 6266
6254 6266 6251
6267 6268 6254
6267 6254 6253
6233 6232 6267
6233 6267 6269
6237 6236 6270
6237 6270 6268
6255 6233 6269
6255 6269 6271
6235 6234 6272
6235 6272 6273
6274 6275 6276
6274 6276 6277
6253 6278 6269
6253 6269 6267
6269 6278 6279
6269 6279 6271
6280 6281 6282
6280 6282 6283
6284 6285 6281
6284 6281 6280
6286 6287 6288
6286 6288 6289
6290 6291 6292
6290 6292 6293
6294 6295 6296
6294 6296 6297
6285 6298 6299
6285 6299 6300
6299 6298 6301
6299 6301 6302
6302 6301 6296
6302 6296 6295
6303 6304 6305
6303 6305 6306
6307 6308 6304
6307 6304 6303
6309 6310 6311
6309 6311 6312
6287 6309 6312
6287 6312 6288
6281 6313 6314
6281 6314 6282
6239 6242 6240
6315 6316 6317
6315 6317 6318
6319 6320 6321
6319 6321 6322
6318 6317 6323
6318 6323 6324
6325 6326 6327
6325 6327 6328
6329 6330 6331
6329 6331 6332
6333 6299 6329
6333 6329 6332
6334 6300 6299
6334 6299 6333
6335 6336 6337
6335 6337 6338
6339 6340 6341
6342 6343 6344
6342 6344 6345
6342 6346 6347
6342 6347 6343
6347 6346 6348
6347 6348 6349
6350 6343 6347
6350 6347 6351
6351 6352 6353
6351 6353 6354
6355 6350 6351
6355 6351 6354
6356 6357 6358
6356 6358 6359
6354 6360 6361
6354 6361 6355
6361 6362 6363
6361 6363 6355
6364 6365 6357
6364 6357 6356
6366 6367 6368
6366 6368 6369
6370 6371 6372
6370 6372 6373
6368 6374 6357
6375 6376 6377
6375 6377 6378
6379 6380 6381
6379 6381 6382
6383 6384 6385
6383 6385 6386
6385 6384 6387
6385 6387 6388
6387 6389 6390
6387 6390 6388
6391 6392 6393
6391 6393 6394
6395 6396 6397
6395 6397 6398
6398 6397 6399
6398 6399 6400
6400 6399 6401
6400 6401 6402
6403 6404 6405
6403 6405 6406
6407 6408 6394
6407 6394 6393
6409 6410 6408
6409 6408 6407
6411 6412 6413
6411 6413 6414
6415 6416 6417
6418 6419 6420
6421 6422 6423
6421 6423 6424
6383 6386 6422
6383 6422 6421
6419 6425 6426
6278 6253 6252
6278 6252 6427
6428 6429 6430
6428 6430 6431
6257 6275 6274
6257 6274 6258
6234 6231 6256
6234 6256 6272
6231 6234 6237
6231 6237 6232
6232 6237 6268
6232 6268 6267
6270 6265 6254
6270 6254 6268
6432 6433 6318
6432 6318 6324
6434 6229 6435
6436 6437 6438
6436 6438 6240
6368 6357 6365
6368 6365 6369
6336 6375 6378
6336 6378 6337
6382 6381 6371
6382 6371 6370
6439 6440 6441
6439 6441 6442
6443 6307 6303
6443 6303 6444
6306 6445 6444
6306 6444 6303
6446 6297 6296
6446 6296 6447
6447 6296 6301
6447 6301 6448
6448 6301 6298
6448 6298 6449
6449 6298 6285
6449 6285 6284
6300 6313 6281
6300 6281 6285
6350 6355 6363
6350 6363 6450
6451 6452 6424
6451 6424 6423
6453 6442 6441
6453 6441 6454
6282 6314 6455
6282 6455 6456
6350 6450 6344
6350 6344 6343
6451 6457 6458
6451 6458 6452
6459 6460 6457
6459 6457 6451
6461 6462 6260
6461 6260 6259
6227 6226 6463
6227 6463 6464
6465 6466 6467
6465 6467 6468
6469 6470 6471
6469 6471 6472
6473 6474 6475
6473 6475 6476
6464 6463 6466
6464 6466 6465
6476 6475 6477
6476 6477 6478
6479 6480 6481
6479 6481 6482
6305 6294 6297
6305 6297 6306
6445 6306 6297
6445 6297 6446
6361 6483 6484
6485 6486 6487
6485 6487 6488
6489 6490 6491
6489 6491 6492
6493 6494 6495
6493 6495 6496
6497 6498 6499
6497 6499 6500
6501 6502 6503
6504 6505 6506
6504 6506 6507
6508 6509 6505
6508 6505 6504
6507 6506 6510
6507 6510 6511
6512 6513 6514
6515 6516 6517
6515 6517 6518
6519 6520 6521
6519 6521 6522
6523 6524 6525
6523 6525 6526
6514 6527 6528
6514 6528 6512
6529 6530 6531
6529 6531 6532
6533 6534 6535
6533 6535 6536
6533 6537 6538
6533 6538 6534
6537 6539 6540
6537 6540 6538
6539 6541 6542
6539 6542 6540
6543 6544 6545
6543 6545 6546
6547 6548 6513
6517 6516 6548
6517 6548 6547
6549 6550 6551
6549 6551 6552
6553 6528 6527
6553 6527 6554
6511 6510 6555
6511 6555 6556
6487 6486 6557
6487 6557 6558
6552 6551 6559
6552 6559 6560
6561 6562 6563
6561 6563 6564
6565 6566 6567
6565 6567 6568
6569 6570 6571
6569 6571 6572
6560 6559 6520
6560 6520 6519
6530 6536 6535
6530 6535 6531
6573 6574 6575
6573 6575 6576
6577 6578 6574
6577 6574 6573
6556 6555 6566
6556 6566 6565
6498 6578 6577
6498 6577 6499
6562 6509 6579
6562 6579 6563
6506 6575 6574
6506 6574 6510
6578 6555 6510
6578 6510 6574
6498 6566 6555
6498 6555 6578
6497 6567 6566
6497 6566 6498
6486 6570 6569
6486 6569 6557
6485 6570 6486
6580 6581 6550
6580 6550 6549
6582 6583 6584
6582 6584 6585
6494 6586 6587
6526 6525 6588
6526 6588 6589
6544 6524 6523
6544 6523 6545
6590 6491 6591
6592 6503 6502
6592 6502 6593
6594 6595 6596
6594 6596 6597
6491 6590 6587
6491 6587 6598
6599 6600 6601
6599 6601 6602
6603 6604 6600
6603 6600 6599
6581 6580 6605
6581 6605 6606
6516 6527 6514
6516 6514 6548
6554 6527 6516
6554 6516 6515
6520 6530 6529
6520 6529 6521
6559 6536 6530
6559 6530 6520
6551 6533 6536
6551 6536 6559
6550 6537 6533
6550 6533 6551
6581 6539 6537
6581 6537 6550
6541 6539 6581
6541 6581 6606
6600 6544 6543
6600 6543 6601
6604 6524 6544
6604 6544 6600
6525 6524 6604
6525 6604 6607
6588 6525 6607
6588 6607 6608
6548 6514 6513
6570 6485 6609
6570 6609 6571
6609 6485 6610
6610 6485 6488
6340 6611 6612
6613 6614 6615
6340 6612 6341
6616 6617 6618
6616 6618 6619
6279 6278 6427
6279 6427 6620
6230 6620 6427
6374 6368 6621
6349 6348 6622
6349 6622 6623
6624 6625 6626
6624 6626 6627
6628 6629 6630
6628 6630 6631
6632 6633 6634
6626 6635 6636
6626 6636 6627
6637 6638 6639
6637 6639 6640
6619 6641 6642
6619 6642 6643
6623 6622 6644
6623 6644 6645
6646 6417 6412
6646 6412 6411
6404 6615 6614
6404 6614 6405
6611 6379 6382
6611 6382 6612
6341 6612 6382
6341 6382 6370
6339 6341 6370
6339 6370 6373
6381 6375 6336
6381 6336 6371
6381 6380 6376
6381 6376 6375
6402 6401 6403
6402 6403 6406
6414 6413 6410
6414 6410 6409
6371 6336 6335
6371 6335 6372
6378 6377 6366
6378 6366 6369
6369 6365 6337
6369 6337 6378
6364 6338 6337
6364 6337 6365
6618 6647 6641
6618 6641 6619
6225 6648 6226
6291 6649 6292
6226 6648 6463
6466 6648 6467
6463 6648 6466
6480 6650 6651
6480 6651 6481
6481 6651 6652
6481 6652 6482
6258 6256 6221
6258 6221 6259
6274 6272 6256
6274 6256 6258
6273 6272 6274
6273 6274 6277
6475 6307 6443
6475 6443 6477
6475 6474 6308
6475 6308 6307
6289 6469 6472
6289 6472 6286
6221 6220 6461
6221 6461 6259
6653 6654 6316
6653 6316 6315
6655 6656 6653
6655 6653 6315
6390 6389 6392
6390 6392 6391
6331 6330 6326
6331 6326 6325
6322 6321 6657
6322 6657 6658
6659 6660 6396
6659 6396 6395
6660 6659 6661
6660 6661 6662
6658 6657 6663
6658 6663 6664
6664 6663 6665
6664 6665 6666
6667 6668 6662
6667 6662 6661
6666 6665 6669
6666 6669 6670
6671 6672 6668
6671 6668 6667
6670 6669 6673
6670 6673 6674
6675 6676 6672
6675 6672 6671
6433 6655 6315
6433 6315 6318
6677 6435 6678
6679 6680 6676
6679 6676 6675
6674 6673 6681
6674 6681 6682
6683 6684 6680
6683 6680 6679
6682 6681 6685
6682 6685 6686
6687 6677 6438
6687 6438 6437
6441 6688 6645
6441 6645 6454
6353 6689 6690
6353 6690 6691
6692 6691 6690
6693 6374 6621
6693 6694 6374
6358 6694 6695
6359 6358 6695
6429 6428 6696
6429 6696 6697
6698 6311 6310
6698 6310 6699
6616 6619 6643
6616 6643 6700
6320 6319 6701
6320 6701 6702
6327 6625 6624
6327 6624 6328
6430 6703 6704
6430 6704 6431
6617 6654 6653
6617 6653 6618
6618 6653 6656
6618 6656 6647
6701 6705 6706
6701 6706 6702
6704 6703 6629
6704 6629 6628
6635 6707 6708
6635 6708 6636
6706 6705 6640
6706 6640 6639
6642 6709 6634
6642 6634 6643
6710 6631 6630
6633 6700 6643
6633 6643 6634
6711 6638 6637
6709 6632 6634
6708 6707 6712
6228 6240 6438
6713 6585 6714
6489 6492 6715
6601 6606 6605
6601 6605 6602
6543 6541 6606
6543 6606 6601
6541 6543 6546
6541 6546 6542
6590 6495 6494
6492 6716 6717
6718 6489 6719
6720 6501 6586
6720 6586 6721
6586 6494 6493
6586 6493 6721
6587 6503 6592
6587 6592 6598
6587 6586 6503
6489 6715 6719
6716 6596 6595
6694 6358 6374
6722 6359 6695
6491 6598 6716
6592 6596 6716
6592 6716 6598
6586 6501 6503
6590 6494 6587
6717 6715 6492
6491 6490 6723
6590 6591 6724
6597 6596 6592
6597 6592 6593
6588 6584 6583
6588 6583 6589
6584 6588 6608
6584 6608 6714
6532 6553 6554
6532 6554 6529
6521 6529 6554
6521 6554 6515
6522 6521 6515
6522 6515 6518
6557 6497 6500
6557 6500 6558
6569 6567 6497
6569 6497 6557
6568 6567 6569
6568 6569 6572
6725 6621 6726
6725 6726 6727
6367 6726 6621
6509 6508 6728
6509 6728 6579
6324 6323 6230
6434 6432 6324
6434 6324 6229
6729 6725 6727
6729 6727 6730
6731 6693 6725
6731 6725 6729
6732 6694 6693
6732 6693 6731
6695 6694 6732
6695 6732 6733
6734 6722 6695
6734 6695 6733
6735 6729 6730
6735 6730 6736
6737 6731 6729
6737 6729 6735
6738 6732 6731
6738 6731 6737
6732 6738 6739
6732 6739 6733
6734 6733 6739
6734 6739 6740
6688 6623 6645
6352 6623 6688
6351 6347 6349
6725 6693 6621
6260 6227 6464
6260 6464 6257
6275 6257 6464
6275 6464 6465
6275 6465 6468
6275 6468 6276
6651 6476 6478
6651 6478 6652
6651 6650 6473
6651 6473 6476
6471 6470 6290
6471 6290 6293
6260 6462 6224
6260 6224 6227
6229 6228 6678
6690 6689 6440
6690 6440 6741
6229 6678 6435
6692 6742 6691
6354 6353 6691
6354 6691 6360
6743 6283 6282
6743 6282 6456
6368 6367 6621
6374 6358 6357
6455 6744 6745
6455 6745 6746
6455 6314 6747
6455 6747 6744
6747 6314 6313
6747 6313 6748
6748 6313 6300
6748 6300 6334
6678 6228 6438
6438 6677 6678
6251 6266 6262
6251 6262 6261
6238 6252 6251
6238 6251 6261
6230 6427 6238
6745 6749 6750
6745 6750 6746
6751 6746 6750
6751 6750 6752
6422 6753 6754
6422 6754 6423
6386 6755 6753
6386 6753 6422
6385 6756 6755
6385 6755 6386
6756 6385 6388
6756 6388 6757
6390 6758 6757
6390 6757 6388
6758 6390 6391
6758 6391 6759
6759 6391 6394
6759 6394 6760
6408 6761 6760
6408 6760 6394
6410 6762 6761
6410 6761 6408
6413 6763 6762
6413 6762 6410
6412 6764 6763
6412 6763 6413
6417 6416 6764
6417 6764 6412
6754 6459 6451
6754 6451 6423
6415 6417 6646
6765 6766 6419
6460 6425 6418
6458 6457 6418
6458 6418 6420
6457 6460 6418
6419 6418 6425
6751 6456 6455
6751 6455 6746
6743 6456 6751
6743 6751 6767
6768 6767 6751
6768 6751 6752
6239 6243 6242
6238 6261 6243
6352 6349 6623
6769 6770 6771
6771 6770 6772
6771 6772 6741
6741 6772 6690
6773 6774 6775
6773 6775 6776
6776 6775 6777
6776 6777 6778
6778 6777 6779
6778 6779 6780
6749 6773 6776
6749 6776 6750
6750 6776 6778
6750 6778 6752
6752 6778 6780
6752 6780 6768
6250 6781 6249
6766 6420 6419
6249 6771 6439
6439 6771 6741
6439 6741 6440
6781 6771 6249
6442 6247 6249
6442 6249 6439
6453 6248 6247
6453 6247 6442
6240 6242 6264
6240 6264 6436
6590 6724 6495
6604 6603 6782
6604 6782 6607
6361 6360 6742
6361 6742 6483
6361 6484 6362
6772 6692 6690
6783 6784 6697
6783 6697 6696
6698 6699 6785
6698 6785 6786
6787 6788 6784
6787 6784 6783
6786 6785 6789
6786 6789 6790
6788 6787 6791
6788 6791 6792
6264 6263 6245
6264 6245 6248
6264 6248 6453
6264 6453 6436
6454 6437 6436
6454 6436 6453
6645 6687 6437
6645 6437 6454
6742 6360 6691
6351 6349 6352
6781 6769 6771
6622 6793 6794
6622 6794 6644
6348 6795 6793
6348 6793 6622
6346 6796 6795
6346 6795 6348
6797 6796 6346
6797 6346 6342
6798 6797 6342
6798 6342 6345
6794 6793 6735
6794 6735 6736
6735 6793 6795
6735 6795 6737
6737 6795 6796
6737 6796 6738
6738 6796 6797
6738 6797 6739
6739 6797 6798
6739 6798 6740
6720 6721 6579
6720 6579 6728
6563 6579 6721
6563 6721 6493
6564 6563 6493
6564 6493 6496
6440 6689 6688
6440 6688 6441
6688 6689 6353
6688 6353 6352
6505 6799 6575
6505 6575 6506
6575 6799 6800
6575 6800 6576
6509 6562 6799
6509 6799 6505
6562 6561 6800
6562 6800 6799
6714 6585 6584
6716 6595 6717
6491 6716 6492
6238 6427 6252
6324 6230 6229
6228 6238 6239
6801 6802 6803
6801 6803 6804
6805 6806 6807
6805 6807 6808
6809 6810 6811
6809 6811 6812
6813 6814 6815
6813 6815 6816
6817 6818 6819
6817 6819 6820
6821 6822 6820
6821 6820 6819
6823 6824 6825
6823 6825 6826
6827 6828 6824
6827 6824 6823
6829 6830 6831
6829 6831 6832
6833 6834 6830
6833 6830 6829
6835 6836 6813
6837 6838 6835
6837 6835 6839
6840 6841 6842
6843 6840 6844
6843 6844 6845
6846 6847 6802
6846 6802 6801
6848 6849 6850
6848 6850 6851
6852 6853 6834
6852 6834 6833
6854 6855 6856
6854 6856 6857
6858 6859 6838
6858 6838 6837
6860 6861 6859
6860 6859 6858
6862 6863 6828
6862 6828 6827
6803 6864 6865
6866 6867 6868
6866 6868 6869
6870 6871 6872
6870 6872 6873
6874 6875 6876
6874 6876 6877
6877 6876 6871
6877 6871 6870
6878 6879 6875
6878 6875 6874
6873 6872 6880
6869 6868 6881
6869 6881 6882
6882 6883 6884
6882 6884 6869
6882 6881 6885
6882 6885 6886
6887 6888 6889
6887 6889 6886
6887 6890 6891
6887 6891 6892
6893 6888 6887
6893 6887 6892
6892 6891 6894
6892 6894 6895
6893 6892 6895
6893 6895 6896
6826 6825 6806
6826 6806 6805
6832 6831 6811
6832 6811 6810
6897 6898 6856
6897 6856 6855
6899 6900 6860
6901 6902 6903
6901 6903 6904
6905 6906 6902
6905 6902 6901
6907 6908 6909
6907 6909 6910
6911 6912 6913
6911 6913 6914
6915 6908 6907
6915 6907 6916
6917 6918 6915
6917 6915 6916
6919 6920 6921
6919 6921 6922
6912 6911 6923
6912 6923 6924
6925 6926 6927
6925 6927 6928
6925 6904 6903
6925 6903 6926
6914 6913 6929
6914 6929 6930
6931 6932 6933
6931 6933 6934
6935 6922 6921
6935 6921 6936
6934 6937 6938
6934 6938 6931
6939 6940 6941
6939 6941 6942
6943 6944 6945
6943 6945 6939
6946 6947 6948
6946 6948 6949
6950 6951 6948
6950 6948 6947
6951 6950 6920
6951 6920 6919
6909 6952 6910
6943 6918 6917
6943 6917 6944
6953 6954 6955
6953 6955 6956
6957 6958 6959
6960 6961 6962
6963 6964 6961
6963 6961 6960
6965 6966 6964
6965 6964 6963
6965 6967 6968
6965 6968 6966
6967 6969 6970
6967 6970 6968
6969 6971 6972
6969 6972 6970
6971 6973 6974
6971 6974 6972
6973 6975 6976
6973 6976 6974
6977 6959 6958
6977 6958 6978
6979 6980 6981
6979 6981 6982
6983 6984 6980
6983 6980 6979
6982 6981 6985
6982 6985 6986
6987 6988 6989
6990 6987 6989
6991 6988 6987
6991 6987 6992
6992 6987 6990
6992 6990 6993
6864 6879 6878
6994 6995 6996
6994 6996 6997
6997 6996 6998
6997 6998 6999
7000 7001 6821
7000 6821 7002
6819 7003 7002
6819 7002 6821
6818 7004 7003
6818 7003 6819
7004 6818 6848
7004 6848 7005
7005 6848 6851
7005 6851 7006
7006 6851 6866
7006 6866 7007
6869 6884 7007
6869 7007 6866
7008 6820 6822
7008 6822 7009
6817 6820 7008
6817 7008 7010
6849 6846 6801
6849 6801 6850
7011 6873 6880
6851 6850 6867
6851 6867 6866
7012 7013 7014
7012 7014 7015
7015 7014 7016
7015 7016 7017
7018 7016 7014
7018 7014 7019
7020 7021 7022
7020 7022 7023
7024 7013 7021
7024 7021 7020
7017 7016 7025
7017 7025 7026
7026 7025 7027
7026 7027 7028
7029 7025 7016
7029 7016 7018
7025 7029 7030
7031 7032 7033
7031 7033 7034
7035 7036 7037
7035 7037 7038
7028 7027 7039
7028 7039 7040
7040 7039 7041
7040 7041 7042
7041 7043 7044
7041 7044 7042
7037 7036 7045
7037 7045 7046
7047 7022 7021
7047 7021 7048
7048 7021 7013
7048 7013 7012
7019 7014 7013
7019 7013 7024
7049 7050 7051
7023 7022 7050
7023 7050 7049
7051 7050 7052
7052 7050 7022
7052 7022 7047
7053 7054 7055
7053 7055 7056
7057 7058 7059
7057 7059 7060
7061 7054 7045
7061 7045 7062
6841 7036 6842
7063 7064 7058
7063 7058 7057
7065 7066 7067
7068 7069 7070
7068 7070 7071
7072 7073 7074
7072 7074 7075
7071 7070 7076
7071 7076 7077
7077 7076 7078
7077 7078 7079
7079 7078 7080
7079 7080 7081
7081 7080 7082
7081 7082 7083
7084 7083 7082
7084 7082 7085
7068 7067 7066
7068 7066 7069
7086 7073 7072
7075 7074 7087
7075 7087 7088
7088 7087 7089
7088 7089 7090
7090 7089 7091
7090 7091 7092
7092 7091 7093
7092 7093 7094
7094 7093 7095
7094 7095 7096
7096 7095 7097
7096 7097 7098
7099 7100 7098
7099 7098 7097
7101 7100 7102
7101 7102 7103
7101 7103 7104
7103 7105 7106
7103 7106 7104
7106 7105 7107
7106 7107 7108
7109 7110 7108
7111 7100 7101
6961 7112 7113
7046 7045 7054
7046 7054 7053
7062 7045 7036
7062 7036 6841
7114 7055 7054
7114 7054 7061
7060 7059 7055
7060 7055 7114
7056 7055 7059
7056 7059 7115
7116 7117 7118
7116 7118 7119
6829 6835 6838
6829 6838 6833
6833 6838 6859
6833 6859 6852
7120 6808 6807
7098 7100 7111
7098 7111 7121
7122 7094 7096
7122 7096 7123
7124 7092 7094
7124 7094 7122
7125 7090 7092
7125 7092 7124
7126 7088 7090
7126 7090 7125
7127 7075 7088
7127 7088 7126
7128 7072 7075
7128 7075 7127
7086 7072 7128
7129 7130 7131
7129 7131 7132
7129 7132 7133
7129 7133 7134
7135 7136 7134
7135 7134 7133
7137 7136 7135
7137 7135 7138
7139 7140 7137
7139 7137 7138
7141 7142 7140
7141 7140 7139
7143 7142 7141
7143 7141 7144
7145 7146 7147
7145 7147 7148
7149 7039 7150
7145 7143 7144
7145 7144 7146
7151 6946 6949
7152 7148 7147
6895 6894 7153
6895 7153 6896
6998 7154 6999
7155 7156 6878
7155 6878 6874
7157 7155 6874
7157 6874 6877
6870 7158 7157
6870 7157 6877
6873 7011 7158
6873 7158 6870
6804 6867 6850
6804 6850 6801
6868 6867 6865
6868 6865 6878
7159 6928 6927
7159 6927 7160
7161 7162 6898
7161 6898 6897
7163 6899 7164
7165 7166 7167
7168 7169 7170
7171 7166 7165
7172 6953 6956
7173 7162 7161
7173 7161 7174
7107 7175 7109
7107 7109 7108
7176 7177 7178
7176 7178 7179
6955 6954 7179
6955 7179 7178
7010 7008 7150
7010 7150 7030
7123 7096 7098
7123 7098 7121
7150 7027 7030
7180 7000 7181
7180 7181 7182
7182 7181 7183
7182 7183 7184
7184 7183 7185
7184 7185 7186
7186 7185 7187
7186 7187 6984
6984 7187 7188
6984 7188 6980
6980 7188 7189
6980 7189 6981
6981 7189 7190
6981 7190 6985
7112 6961 7159
7112 7159 7160
7115 7059 7058
7115 7058 7191
7167 7192 7170
7191 7058 7064
7191 7064 7193
7063 7168 7170
7063 7170 7064
7194 7193 7064
7194 7064 7170
7195 6930 6929
7034 7033 7035
7034 7035 7038
7167 7170 7169
7192 7194 7170
6939 6906 6905
6940 6939 6905
7196 7197 7198
7199 7043 7041
7199 7041 7149
7200 7201 7202
7200 7202 7203
7204 7199 7200
7204 7200 7203
7204 7032 7043
7204 7043 7199
7031 7044 7043
7031 7043 7032
7197 7205 7206
7196 7198 7109
7110 7113 7106
7110 7106 7108
7150 7039 7027
7027 7025 7030
7207 7205 7196
7196 7208 7207
7100 7099 7102
7209 7202 7201
7209 7201 7001
7210 7184 7186
7210 7186 7211
7211 7186 6984
7211 6984 6983
6854 6857 6853
6854 6853 6852
7176 6863 6862
7176 6862 7177
6854 6852 6859
6854 6859 6861
6855 6854 6861
6855 6861 6900
7163 6897 6855
7163 6855 6900
7161 6897 7163
7161 7163 7174
6832 6810 7212
6832 7212 6836
6813 6816 6839
6835 6829 6832
6835 6832 6836
7213 7214 7209
7213 7209 7215
7202 7209 7214
7202 7214 7216
7203 7202 7216
7203 7216 7217
7218 7204 7203
7218 7203 7217
7033 7032 7204
7033 7204 7218
6822 6821 7001
6822 7001 7201
7200 7009 6822
7200 6822 7201
6890 6887 6886
6890 6886 6885
6889 6883 6882
6889 6882 6886
6923 6942 6941
6923 6941 6924
6995 6994 6933
6995 6933 6932
7197 7196 7205
6962 6961 7113
7174 7163 7164
7216 6845 6844
7216 6844 7217
7218 7217 6844
7218 6844 6842
7035 7033 7218
7035 7218 6842
7166 7192 7167
7110 7219 6962
7110 6962 7113
6804 6803 6865
6867 6804 6865
7156 6868 6878
6865 6864 6878
7196 7109 7208
7109 7175 7208
7109 7198 7110
7163 6900 6899
7118 7117 7214
7118 7214 7213
6844 6840 6842
7036 7035 6842
7199 7149 7009
7199 7009 7200
7009 7149 7150
7009 7150 7008
7149 7041 7039
6818 6817 6849
6818 6849 6848
6846 6849 6817
6846 6817 7010
7030 6847 6846
7030 6846 7010
7209 7001 7000
6985 7190 6991
6985 6991 6992
6986 6985 6992
6986 6992 6993
6975 6977 6978
6975 6978 6976
6814 6836 7212
7117 7116 6843
7117 6843 6845
7216 7214 7117
7216 7117 6845
7116 7119 7220
7116 7220 7221
6843 7116 7221
6843 7221 7222
6840 6843 7222
6840 7222 6809
6812 6841 6840
6812 6840 6809
6815 6814 7221
6815 7221 7220
7221 6814 7212
6809 7222 7212
6809 7212 6810
6835 6813 6839
7209 7000 7215
7197 7223 7224
7197 7224 7198
7198 7224 7219
7198 7219 7110
7225 7121 6926
7225 6926 6903
6902 7226 7225
6902 7225 6903
7227 7226 6902
7227 6902 6906
6939 6945 7227
6939 7227 6906
7112 7104 7106
7112 7106 7113
7160 7101 7104
7160 7104 7112
6927 7111 7101
6927 7101 7160
6926 7121 7111
6926 7111 6927
6900 6861 6860
6814 6813 6836
7222 7221 7212
7173 7174 7164
7213 7215 7228
7215 7000 7180
7215 7180 7228
6491 6723 6591
