byte offset: 0
first index: 0
index count: 15468
topology: trianglelist
format: DXGI_FORMAT_R16_UINT

0 1 2
1 3 2
4 5 6
5 7 6
8 9 10
9 11 10
12 13 14
13 15 14
9 16 11
16 17 11
18 0 19
0 2 19
16 12 17
12 14 17
20 21 22
21 23 22
24 25 26
25 27 26
28 29 30
29 31 30
32 33 34
33 35 34
36 37 38
37 39 38
40 41 42
43 44 45
44 46 45
47 48 49
48 50 49
51 52 53
52 54 53
55 56 57
56 58 57
59 60 61
60 62 61
63 64 65
64 66 65
67 68 69
68 70 69
71 72 73
72 74 73
75 76 77
76 78 77
62 79 61
79 80 61
81 82 83
82 84 83
85 81 86
81 83 86
87 88 89
88 90 89
91 20 92
20 22 92
29 93 31
93 94 31
95 96 97
96 98 97
37 71 39
71 73 39
99 100 101
72 102 74
102 103 74
104 75 105
75 77 105
106 107 69
107 67 69
108 109 110
109 111 110
112 113 114
113 115 114
116 43 117
43 45 117
44 118 46
118 119 46
120 121 122
121 123 122
124 125 126
125 127 126
128 63 129
63 65 129
1 130 3
130 131 3
93 132 94
132 133 94
134 135 136
137 116 138
116 117 138
102 136 103
136 135 103
40 137 41
137 138 41
79 108 80
108 110 80
109 139 111
139 140 111
130 141 131
141 142 131
143 18 144
18 19 144
145 146 147
146 148 147
148 143 147
143 144 147
21 24 23
24 26 23
25 85 27
85 86 27
82 87 84
87 89 84
5 120 7
120 122 7
149 150 151
141 4 142
4 6 142
152 153 52
153 54 52
32 34 132
34 133 132
28 30 154
30 155 154
95 97 33
97 35 33
124 126 156
126 157 156
112 114 76
114 78 76
51 53 113
53 115 113
104 105 48
105 50 48
47 49 158
49 159 158
139 107 140
107 106 140
160 161 59
161 60 59
162 163 164
162 165 163
165 166 163
165 167 168
167 169 168
165 168 166
170 100 171
100 99 171
170 171 145
171 146 145
172 173 174
173 175 174
172 174 176
177 176 178
176 179 178
180 177 181
177 178 181
182 180 183
180 181 183
184 185 186
185 187 186
188 184 189
184 186 189
188 189 175
190 191 192
191 193 192
190 192 194
178 179 195
179 194 195
181 178 196
178 195 196
183 181 197
181 196 197
186 187 198
187 199 198
189 186 200
186 198 200
189 200 191
174 190 179
175 191 174
189 191 175
192 201 194
192 193 201
193 202 201
200 202 193
203 204 205
206 207 203
207 208 203
209 210 211
210 212 211
213 214 207
214 208 207
215 216 213
216 214 213
217 218 219
218 220 219
221 222 223
222 224 223
225 226 227
226 228 227
226 229 228
229 230 228
229 231 230
231 232 230
231 205 232
205 204 232
201 202 204
202 232 204
202 200 232
200 230 232
200 198 230
198 228 230
198 199 228
199 227 228
197 196 233
196 214 233
196 195 214
195 208 214
195 194 208
194 203 208
201 204 194
204 203 194
234 235 236
235 237 236
238 239 236
239 238 240
238 241 240
240 241 242
241 243 242
242 243 244
243 245 244
246 247 248
247 249 248
248 249 250
249 251 250
251 235 234
252 253 254
253 255 254
255 239 256
256 239 257
239 240 257
257 240 258
240 242 258
258 242 259
242 244 259
260 246 261
246 248 261
261 248 262
248 250 262
253 252 262
263 264 176
264 172 176
265 263 177
263 176 177
266 265 180
265 177 180
267 266 182
266 180 182
268 269 184
269 185 184
268 184 270
184 188 270
271 270 173
270 188 173
264 271 172
271 173 172
236 239 255
236 255 253
250 234 253
254 256 272
273 252 272
252 254 272
262 252 273
274 275 276
275 277 276
278 274 279
280 281 282
281 283 282
281 284 283
284 285 283
284 286 285
286 287 285
286 288 287
288 289 287
290 291 289
291 292 289
290 276 291
276 277 291
288 272 290
272 256 290
276 290 257
290 256 257
274 276 258
276 257 258
279 274 259
274 258 259
281 280 261
280 260 261
284 281 262
281 261 262
286 284 273
284 262 273
288 286 272
286 273 272
293 294 295
296 297 298
299 300 301
300 302 301
206 203 303
203 205 303
216 233 214
289 288 290
274 278 275
278 304 275
210 305 212
294 293 306
293 307 306
219 308 217
309 310 298
310 296 298
174 179 176
191 190 174
200 193 191
237 238 236
234 236 253
250 253 262
190 194 179
255 256 254
188 175 173
251 234 250
237 235 264
235 271 264
238 237 263
237 264 263
241 238 265
238 263 265
243 241 266
241 265 266
245 243 267
243 266 267
249 247 268
247 269 268
268 270 249
270 251 249
235 251 271
251 270 271
311 312 313
312 314 313
314 315 313
316 315 317
315 318 317
317 318 319
318 320 319
319 320 321
320 322 321
323 324 325
324 326 325
325 326 327
326 328 327
328 311 327
329 330 331
330 332 331
332 333 331
333 316 334
316 317 334
334 317 335
317 319 335
335 319 336
319 321 336
337 323 338
323 325 338
338 325 339
325 327 339
327 330 339
313 316 332
311 313 330
327 311 330
331 333 340
341 329 340
329 331 340
339 329 341
342 343 344
345 346 342
346 347 342
348 349 350
349 351 350
345 352 346
352 353 346
352 354 353
354 355 353
356 357 358
357 359 358
360 361 362
361 363 362
364 365 366
365 367 366
368 369 364
369 365 364
370 371 368
371 369 368
344 343 370
343 371 370
370 341 344
341 340 344
368 339 370
339 341 370
364 338 368
338 339 368
366 337 364
337 338 364
352 335 372
335 336 372
345 334 352
334 335 352
342 333 345
333 334 345
342 344 333
344 340 333
373 374 375
374 376 375
377 375 378
379 377 380
377 378 380
381 379 382
379 380 382
383 381 384
381 382 384
385 386 387
386 388 387
389 385 390
385 387 390
389 376 374
391 392 393
392 394 393
391 395 378
380 378 396
378 395 396
382 380 397
380 396 397
384 382 398
382 397 398
387 388 399
388 400 399
390 387 401
387 399 401
392 401 394
314 402 315
402 403 315
315 403 318
403 404 318
318 404 320
404 405 320
320 405 322
405 406 322
324 407 326
407 408 326
328 326 409
326 408 409
328 409 312
409 410 312
312 410 314
410 402 314
375 391 378
375 392 391
390 392 376
393 411 395
393 394 411
394 412 411
401 412 394
413 414 415
414 416 415
417 418 416
419 420 421
420 422 421
423 424 419
424 420 419
425 426 423
426 424 423
427 428 425
428 426 425
429 430 427
430 431 427
413 415 430
415 431 430
395 411 431
411 428 431
395 431 396
431 415 396
396 415 397
415 416 397
397 416 398
416 418 398
400 422 399
422 420 399
399 420 401
420 424 401
401 424 412
424 426 412
412 426 411
426 428 411
432 433 434
435 436 437
438 439 440
439 441 440
343 342 442
342 347 442
354 352 372
427 431 428
443 417 414
417 416 414
349 348 444
445 432 446
432 434 446
358 359 447
435 448 436
448 449 436
313 315 316
330 313 332
339 330 329
373 375 377
376 392 375
390 401 392
332 316 333
391 393 395
328 312 311
389 390 376
410 374 402
374 373 402
402 373 403
373 377 403
403 377 404
377 379 404
404 379 405
379 381 405
405 381 406
381 383 406
407 386 408
386 385 408
389 409 385
409 408 385
409 389 410
389 374 410
450 451 452
451 453 452
454 455 456
455 457 456
458 459 460
459 461 460
462 463 464
463 465 464
466 467 468
467 469 468
470 471 472
471 473 472
474 475 476
475 477 476
478 479 480
479 481 480
482 483 484
483 485 484
486 487 488
487 489 488
490 491 464
491 462 464
492 493 482
493 483 482
494 495 454
495 455 454
496 497 478
497 479 478
498 499 490
499 491 490
497 496 500
496 501 500
502 503 494
503 495 494
504 505 492
505 493 492
471 470 504
470 505 504
452 453 502
453 503 502
500 501 474
501 475 474
460 461 498
461 499 498
506 507 508
507 509 508
510 511 512
511 513 512
514 515 516
515 517 516
518 519 520
519 521 520
522 523 524
523 525 524
526 527 528
527 529 528
530 531 532
531 533 532
534 535 536
535 537 536
538 539 540
539 541 540
542 543 544
543 545 544
521 546 520
546 547 520
539 548 541
548 549 541
511 550 513
550 551 513
535 552 537
552 553 537
546 554 547
554 555 547
556 553 557
553 552 557
550 558 551
558 559 551
548 560 549
560 561 549
560 529 561
529 527 561
558 506 559
506 508 559
531 556 533
556 557 533
554 514 555
514 516 555
562 563 564
563 565 564
564 565 566
565 567 566
566 567 568
567 569 568
570 571 572
571 573 572
572 573 574
573 575 574
574 575 562
575 563 562
576 577 578
577 579 578
577 580 579
580 581 579
580 582 581
582 583 581
584 585 586
585 587 586
585 588 587
588 589 587
588 576 589
576 578 589
590 591 592
591 593 592
590 592 594
592 595 594
596 594 597
594 595 597
598 596 599
596 597 599
600 601 602
601 603 602
604 600 605
600 602 605
606 604 607
604 605 607
608 606 609
606 607 609
610 608 611
608 609 611
612 610 613
610 611 613
614 612 615
612 613 615
616 614 617
614 615 617
618 616 619
616 617 619
620 621 622
621 623 622
624 620 625
620 622 625
626 624 627
624 625 627
628 626 629
626 627 629
630 628 631
628 629 631
591 630 593
630 631 593
632 633 634
635 633 636
637 638 639
640 638 641
642 643 644
645 646 647
648 649 650
651 652 649
653 633 652
637 641 638
645 654 646
635 639 638
655 649 646
635 638 633
655 650 649
632 636 633
648 656 649
653 634 633
653 652 657
651 657 652
651 649 656
640 644 643
640 643 638
642 647 646
642 646 643
570 572 584
572 585 584
658 659 660
659 661 660
574 562 588
562 576 588
562 564 576
564 577 576
564 566 577
566 580 577
566 568 580
568 582 580
619 617 662
617 663 662
617 615 663
615 664 663
615 613 664
613 665 664
613 611 665
611 666 665
611 609 666
609 667 666
609 607 667
607 668 667
607 605 668
605 669 668
605 602 669
602 670 669
602 603 670
603 671 670
599 597 672
597 673 672
597 595 673
595 674 673
592 675 595
675 674 595
592 593 675
593 676 675
593 631 676
631 677 676
631 629 677
629 678 677
629 627 678
627 679 678
627 625 679
625 680 679
625 622 680
622 681 680
622 623 681
623 682 681
618 619 621
619 623 621
619 662 623
662 682 623
654 655 646
683 684 685
685 684 686
686 684 687
687 684 688
688 684 689
689 684 690
690 684 691
691 684 692
692 684 693
693 684 694
695 684 696
696 684 697
697 684 698
698 684 699
699 684 700
700 684 701
701 684 702
702 684 683
703 704 705
704 706 705
707 703 708
703 705 708
709 707 710
707 708 710
711 712 713
712 714 713
715 711 716
711 713 716
704 715 706
715 716 706
717 718 719
718 720 719
721 722 717
722 718 717
723 724 721
724 722 721
725 726 727
726 728 727
729 730 725
730 726 725
719 720 729
720 730 729
731 732 733
732 734 733
735 733 736
733 734 736
735 736 737
736 738 737
737 738 739
738 740 739
741 742 743
742 744 743
743 744 745
744 746 745
745 746 747
746 748 747
747 748 749
748 750 749
749 750 751
750 752 751
751 752 753
752 754 753
753 754 755
754 756 755
755 756 757
756 758 757
757 758 759
758 760 759
761 762 763
762 764 763
763 764 765
764 766 765
765 766 767
766 768 767
767 768 769
768 770 769
769 770 771
770 772 771
771 772 731
772 732 731
773 774 775
776 777 775
778 779 780
781 782 780
783 784 785
786 787 788
789 790 791
792 791 793
794 793 775
778 780 782
786 788 795
776 780 779
796 788 791
776 775 780
796 791 790
773 775 777
789 791 797
794 775 774
794 798 793
792 793 798
792 797 791
781 785 784
781 780 785
783 788 787
783 785 788
726 713 728
713 714 728
799 800 801
800 802 801
720 706 730
706 716 730
718 705 720
705 706 720
722 708 718
708 705 718
724 710 722
710 708 722
803 757 804
757 759 804
805 755 803
755 757 803
806 753 805
753 755 805
807 751 806
751 753 806
808 749 807
749 751 807
809 747 808
747 749 808
810 745 809
745 747 809
811 743 810
743 745 810
812 741 811
741 743 811
813 737 814
737 739 814
815 735 813
735 737 813
815 816 735
816 733 735
817 731 816
731 733 816
818 771 817
771 731 817
819 769 818
769 771 818
820 767 819
767 769 819
821 765 820
765 767 820
822 763 821
763 765 821
823 761 822
761 763 822
761 759 762
759 760 762
823 804 761
804 759 761
795 788 796
824 825 826
825 827 826
827 828 826
828 829 826
829 830 826
830 831 826
831 832 826
832 833 826
833 834 826
834 835 826
836 837 826
837 838 826
838 839 826
839 840 826
840 841 826
841 842 826
842 843 826
843 824 826
844 845 846
845 847 846
844 846 848
849 848 850
848 851 850
852 849 853
849 850 853
854 852 855
852 853 855
856 857 858
857 859 858
860 856 861
856 858 861
860 861 847
862 863 864
863 865 864
862 864 866
850 851 867
851 866 867
853 850 868
850 867 868
855 853 869
853 868 869
858 859 870
859 871 870
861 858 872
858 870 872
861 872 863
846 862 851
847 863 846
861 863 847
864 873 866
864 865 873
865 874 873
872 874 865
875 876 877
878 879 875
879 880 875
881 882 883
882 884 883
885 886 879
886 880 879
887 888 885
888 886 885
889 890 891
890 892 891
893 894 895
894 896 895
897 898 899
898 900 899
898 901 900
901 902 900
901 903 902
903 904 902
903 877 904
877 876 904
873 874 876
874 904 876
874 872 904
872 902 904
872 870 902
870 900 902
870 871 900
871 899 900
869 868 905
868 886 905
868 867 886
867 880 886
867 866 880
866 875 880
873 876 866
876 875 866
906 907 908
907 909 908
910 911 908
911 910 912
910 913 912
912 913 914
913 915 914
914 915 916
915 917 916
918 919 920
919 921 920
920 921 922
921 923 922
923 907 906
924 925 926
925 927 926
927 911 928
928 911 929
911 912 929
929 912 930
912 914 930
930 914 931
914 916 931
932 918 933
918 920 933
933 920 934
920 922 934
925 924 934
935 936 848
936 844 848
937 935 849
935 848 849
938 937 852
937 849 852
939 938 854
938 852 854
940 941 856
941 857 856
940 856 942
856 860 942
943 942 845
942 860 845
936 943 844
943 845 844
908 911 927
908 927 925
922 906 925
926 928 944
945 924 944
924 926 944
934 924 945
946 947 948
947 949 948
950 946 951
952 953 954
953 955 954
953 956 955
956 957 955
956 958 957
958 959 957
958 960 959
960 961 959
962 963 961
963 964 961
962 948 963
948 949 963
960 944 962
944 928 962
948 962 929
962 928 929
946 948 930
948 929 930
951 946 931
946 930 931
953 952 933
952 932 933
956 953 934
953 933 934
958 956 945
956 934 945
960 958 944
958 945 944
965 966 967
968 969 970
971 972 973
972 974 973
878 875 975
875 877 975
888 905 886
961 960 962
946 950 947
950 976 947
882 977 884
966 965 978
965 979 978
891 980 889
981 982 970
982 968 970
846 851 848
863 862 846
872 865 863
909 910 908
906 908 925
922 925 934
862 866 851
927 928 926
860 847 845
923 906 922
909 907 936
907 943 936
910 909 935
909 936 935
913 910 937
910 935 937
915 913 938
913 937 938
917 915 939
915 938 939
921 919 940
919 941 940
940 942 921
942 923 921
907 923 943
923 942 943
983 984 985
984 986 985
986 987 985
988 987 989
987 990 989
989 990 991
990 992 991
991 992 993
992 994 993
995 996 997
996 998 997
997 998 999
998 1000 999
1000 983 999
1001 1002 1003
1002 1004 1003
1004 1005 1003
1005 988 1006
988 989 1006
1006 989 1007
989 991 1007
1007 991 1008
991 993 1008
1009 995 1010
995 997 1010
1010 997 1011
997 999 1011
999 1002 1011
985 988 1004
983 985 1002
999 983 1002
1003 1005 1012
1013 1001 1012
1001 1003 1012
1011 1001 1013
1014 1015 1016
1017 1018 1014
1018 1019 1014
1020 1021 1022
1021 1023 1022
1017 1024 1018
1024 1025 1018
1024 1026 1025
1026 1027 1025
1028 1029 1030
1029 1031 1030
1032 1033 1034
1033 1035 1034
1036 1037 1038
1037 1039 1038
1040 1041 1036
1041 1037 1036
1042 1043 1040
1043 1041 1040
1016 1015 1042
1015 1043 1042
1042 1013 1016
1013 1012 1016
1040 1011 1042
1011 1013 1042
1036 1010 1040
1010 1011 1040
1038 1009 1036
1009 1010 1036
1024 1007 1044
1007 1008 1044
1017 1006 1024
1006 1007 1024
1014 1005 1017
1005 1006 1017
1014 1016 1005
1016 1012 1005
1045 1046 1047
1046 1048 1047
1049 1047 1050
1051 1049 1052
1049 1050 1052
1053 1051 1054
1051 1052 1054
1055 1053 1056
1053 1054 1056
1057 1058 1059
1058 1060 1059
1061 1057 1062
1057 1059 1062
1061 1048 1046
1063 1064 1065
1064 1066 1065
1063 1067 1050
1052 1050 1068
1050 1067 1068
1054 1052 1069
1052 1068 1069
1056 1054 1070
1054 1069 1070
1059 1060 1071
1060 1072 1071
1062 1059 1073
1059 1071 1073
1064 1073 1066
986 1074 987
1074 1075 987
987 1075 990
1075 1076 990
990 1076 992
1076 1077 992
992 1077 994
1077 1078 994
996 1079 998
1079 1080 998
1000 998 1081
998 1080 1081
1000 1081 984
1081 1082 984
984 1082 986
1082 1074 986
1047 1063 1050
1047 1064 1063
1062 1064 1048
1065 1083 1067
1065 1066 1083
1066 1084 1083
1073 1084 1066
1085 1086 1087
1086 1088 1087
1089 1090 1088
1091 1092 1093
1092 1094 1093
1095 1096 1091
1096 1092 1091
1097 1098 1095
1098 1096 1095
1099 1100 1097
1100 1098 1097
1101 1102 1099
1102 1103 1099
1085 1087 1102
1087 1103 1102
1067 1083 1103
1083 1100 1103
1067 1103 1068
1103 1087 1068
1068 1087 1069
1087 1088 1069
1069 1088 1070
1088 1090 1070
1072 1094 1071
1094 1092 1071
1071 1092 1073
1092 1096 1073
1073 1096 1084
1096 1098 1084
1084 1098 1083
1098 1100 1083
1104 1105 1106
1107 1108 1109
1110 1111 1112
1111 1113 1112
1015 1014 1114
1014 1019 1114
1026 1024 1044
1099 1103 1100
1115 1089 1086
1089 1088 1086
1021 1020 1116
1117 1104 1118
1104 1106 1118
1030 1031 1119
1107 1120 1108
1120 1121 1108
985 987 988
1002 985 1004
1011 1002 1001
1045 1047 1049
1048 1064 1047
1062 1073 1064
1004 988 1005
1063 1065 1067
1000 984 983
1061 1062 1048
1082 1046 1074
1046 1045 1074
1074 1045 1075
1045 1049 1075
1075 1049 1076
1049 1051 1076
1076 1051 1077
1051 1053 1077
1077 1053 1078
1053 1055 1078
1079 1058 1080
1058 1057 1080
1061 1081 1057
1081 1080 1057
1081 1061 1082
1061 1046 1082
1122 1123 1124
1123 1125 1124
1126 1127 1128
1127 1129 1128
1130 1131 1132
1131 1133 1132
1134 1135 1136
1135 1137 1136
1138 1139 1140
1139 1141 1140
1142 1143 1144
1143 1145 1144
1146 1147 1148
1147 1149 1148
1150 1151 1152
1151 1153 1152
1154 1155 1156
1155 1157 1156
1158 1159 1160
1159 1161 1160
1162 1163 1136
1163 1134 1136
1164 1165 1154
1165 1155 1154
1166 1167 1126
1167 1127 1126
1168 1169 1150
1169 1151 1150
1170 1171 1162
1171 1163 1162
1169 1168 1172
1168 1173 1172
1174 1175 1166
1175 1167 1166
1176 1177 1164
1177 1165 1164
1143 1142 1176
1142 1177 1176
1124 1125 1174
1125 1175 1174
1172 1173 1146
1173 1147 1146
1132 1133 1170
1133 1171 1170
1178 1179 1180
1179 1181 1180
1182 1183 1184
1183 1185 1184
1186 1187 1188
1187 1189 1188
1190 1191 1192
1191 1193 1192
1194 1195 1196
1195 1197 1196
1198 1199 1200
1199 1201 1200
1202 1203 1204
1203 1205 1204
1206 1207 1208
1207 1209 1208
1210 1211 1212
1211 1213 1212
1214 1215 1216
1215 1217 1216
1193 1218 1192
1218 1219 1192
1211 1220 1213
1220 1221 1213
1183 1222 1185
1222 1223 1185
1207 1224 1209
1224 1225 1209
1218 1226 1219
1226 1227 1219
1228 1225 1229
1225 1224 1229
1222 1230 1223
1230 1231 1223
1220 1232 1221
1232 1233 1221
1232 1201 1233
1201 1199 1233
1230 1178 1231
1178 1180 1231
1203 1228 1205
1228 1229 1205
1226 1186 1227
1186 1188 1227
1234 1235 1236
1235 1237 1236
1236 1237 1238
1237 1239 1238
1238 1239 1240
1239 1241 1240
1242 1243 1244
1243 1245 1244
1244 1245 1246
1245 1247 1246
1246 1247 1234
1247 1235 1234
1248 1249 1250
1249 1251 1250
1249 1252 1251
1252 1253 1251
1252 1254 1253
1254 1255 1253
1256 1257 1258
1257 1259 1258
1257 1260 1259
1260 1261 1259
1260 1248 1261
1248 1250 1261
1262 1263 1264
1263 1265 1264
1262 1264 1266
1264 1267 1266
1268 1266 1269
1266 1267 1269
1270 1268 1271
1268 1269 1271
1272 1273 1274
1273 1275 1274
1276 1272 1277
1272 1274 1277
1278 1276 1279
1276 1277 1279
1280 1278 1281
1278 1279 1281
1282 1280 1283
1280 1281 1283
1284 1282 1285
1282 1283 1285
1286 1284 1287
1284 1285 1287
1288 1286 1289
1286 1287 1289
1290 1288 1291
1288 1289 1291
1292 1293 1294
1293 1295 1294
1296 1292 1297
1292 1294 1297
1298 1296 1299
1296 1297 1299
1300 1298 1301
1298 1299 1301
1302 1300 1303
1300 1301 1303
1263 1302 1265
1302 1303 1265
1304 1305 1306
1307 1305 1308
1309 1310 1311
1312 1310 1313
1314 1315 1316
1317 1318 1319
1320 1321 1322
1323 1324 1321
1325 1305 1324
1309 1313 1310
1317 1326 1318
1307 1311 1310
1327 1321 1318
1307 1310 1305
1327 1322 1321
1304 1308 1305
1320 1328 1321
1325 1306 1305
1325 1324 1329
1323 1329 1324
1323 1321 1328
1312 1316 1315
1312 1315 1310
1314 1319 1318
1314 1318 1315
1242 1244 1256
1244 1257 1256
1244 1246 1257
1246 1260 1257
1246 1234 1260
1234 1248 1260
1234 1236 1248
1236 1249 1248
1236 1238 1249
1238 1252 1249
1238 1240 1252
1240 1254 1252
1291 1289 1330
1289 1331 1330
1289 1287 1331
1287 1332 1331
1287 1285 1332
1285 1333 1332
1285 1283 1333
1283 1334 1333
1283 1281 1334
1281 1335 1334
1281 1279 1335
1279 1336 1335
1279 1277 1336
1277 1337 1336
1277 1274 1337
1274 1338 1337
1274 1275 1338
1275 1339 1338
1271 1269 1340
1269 1341 1340
1269 1267 1341
1267 1342 1341
1264 1343 1267
1343 1342 1267
1264 1265 1343
1265 1344 1343
1265 1303 1344
1303 1345 1344
1303 1301 1345
1301 1346 1345
1301 1299 1346
1299 1347 1346
1299 1297 1347
1297 1348 1347
1297 1294 1348
1294 1349 1348
1294 1295 1349
1295 1350 1349
1290 1291 1293
1291 1295 1293
1291 1330 1295
1330 1350 1295
1326 1327 1318
1351 1352 1353
1353 1352 1354
1354 1352 1355
1355 1352 1356
1356 1352 1357
1357 1352 1358
1358 1352 1359
1359 1352 1360
1360 1352 1361
1361 1352 1362
1363 1352 1364
1364 1352 1365
1365 1352 1366
1366 1352 1367
1367 1352 1368
1368 1352 1369
1369 1352 1370
1370 1352 1351
1371 1372 1373
1372 1374 1373
1375 1371 1376
1371 1373 1376
1377 1375 1378
1375 1376 1378
1379 1380 1381
1380 1382 1381
1383 1379 1384
1379 1381 1384
1372 1383 1374
1383 1384 1374
1385 1386 1387
1386 1388 1387
1389 1390 1385
1390 1386 1385
1391 1392 1389
1392 1390 1389
1393 1394 1395
1394 1396 1395
1397 1398 1393
1398 1394 1393
1387 1388 1397
1388 1398 1397
1399 1400 1401
1400 1402 1401
1403 1401 1404
1401 1402 1404
1403 1404 1405
1404 1406 1405
1405 1406 1407
1406 1408 1407
1409 1410 1411
1410 1412 1411
1411 1412 1413
1412 1414 1413
1413 1414 1415
1414 1416 1415
1415 1416 1417
1416 1418 1417
1417 1418 1419
1418 1420 1419
1419 1420 1421
1420 1422 1421
1421 1422 1423
1422 1424 1423
1423 1424 1425
1424 1426 1425
1425 1426 1427
1426 1428 1427
1429 1430 1431
1430 1432 1431
1431 1432 1433
1432 1434 1433
1433 1434 1435
1434 1436 1435
1435 1436 1437
1436 1438 1437
1437 1438 1439
1438 1440 1439
1439 1440 1399
1440 1400 1399
1441 1442 1443
1444 1445 1443
1446 1447 1448
1449 1450 1448
1451 1452 1453
1454 1455 1456
1457 1458 1459
1460 1459 1461
1462 1461 1443
1446 1448 1450
1454 1456 1463
1444 1448 1447
1464 1456 1459
1444 1443 1448
1464 1459 1458
1441 1443 1445
1457 1459 1465
1462 1443 1442
1462 1466 1461
1460 1461 1466
1460 1465 1459
1449 1453 1452
1449 1448 1453
1451 1456 1455
1451 1453 1456
1394 1381 1396
1381 1382 1396
1398 1384 1394
1384 1381 1394
1388 1374 1398
1374 1384 1398
1386 1373 1388
1373 1374 1388
1390 1376 1386
1376 1373 1386
1392 1378 1390
1378 1376 1390
1467 1425 1468
1425 1427 1468
1469 1423 1467
1423 1425 1467
1470 1421 1469
1421 1423 1469
1471 1419 1470
1419 1421 1470
1472 1417 1471
1417 1419 1471
1473 1415 1472
1415 1417 1472
1474 1413 1473
1413 1415 1473
1475 1411 1474
1411 1413 1474
1476 1409 1475
1409 1411 1475
1477 1405 1478
1405 1407 1478
1479 1403 1477
1403 1405 1477
1479 1480 1403
1480 1401 1403
1481 1399 1480
1399 1401 1480
1482 1439 1481
1439 1399 1481
1483 1437 1482
1437 1439 1482
1484 1435 1483
1435 1437 1483
1485 1433 1484
1433 1435 1484
1486 1431 1485
1431 1433 1485
1487 1429 1486
1429 1431 1486
1429 1427 1430
1427 1428 1430
1487 1468 1429
1468 1427 1429
1463 1456 1464
1488 1489 1490
1489 1491 1490
1491 1492 1490
1492 1493 1490
1493 1494 1490
1494 1495 1490
1495 1496 1490
1496 1497 1490
1497 1498 1490
1498 1499 1490
1500 1501 1490
1501 1502 1490
1502 1503 1490
1503 1504 1490
1504 1505 1490
1505 1506 1490
1506 1507 1490
1507 1488 1490
1508 1509 1510
1509 1511 1510
1511 1512 1510
1513 1512 1514
1512 1515 1514
1514 1515 1516
1515 1517 1516
1516 1517 1518
1517 1519 1518
1520 1521 1522
1521 1523 1522
1522 1523 1524
1523 1525 1524
1525 1508 1524
1526 1527 1528
1527 1529 1528
1529 1530 1528
1530 1513 1531
1513 1514 1531
1531 1514 1532
1514 1516 1532
1532 1516 1533
1516 1518 1533
1534 1520 1535
1520 1522 1535
1535 1522 1536
1522 1524 1536
1524 1527 1536
1510 1513 1529
1508 1510 1527
1524 1508 1527
1528 1530 1537
1538 1526 1537
1526 1528 1537
1536 1526 1538
1539 1540 1541
1542 1543 1539
1543 1544 1539
1545 1546 1547
1546 1548 1547
1542 1549 1543
1549 1550 1543
1549 1551 1550
1551 1552 1550
1553 1554 1555
1554 1556 1555
1557 1558 1559
1558 1560 1559
1561 1562 1563
1562 1564 1563
1565 1566 1561
1566 1562 1561
1567 1568 1565
1568 1566 1565
1541 1540 1567
1540 1568 1567
1567 1538 1541
1538 1537 1541
1565 1536 1567
1536 1538 1567
1561 1535 1565
1535 1536 1565
1563 1534 1561
1534 1535 1561
1549 1532 1569
1532 1533 1569
1542 1531 1549
1531 1532 1549
1539 1530 1542
1530 1531 1542
1539 1541 1530
1541 1537 1530
1570 1571 1572
1571 1573 1572
1574 1572 1575
1576 1574 1577
1574 1575 1577
1578 1576 1579
1576 1577 1579
1580 1578 1581
1578 1579 1581
1582 1583 1584
1583 1585 1584
1586 1582 1587
1582 1584 1587
1586 1573 1571
1588 1589 1590
1589 1591 1590
1588 1592 1575
1577 1575 1593
1575 1592 1593
1579 1577 1594
1577 1593 1594
1581 1579 1595
1579 1594 1595
1584 1585 1596
1585 1597 1596
1587 1584 1598
1584 1596 1598
1589 1598 1591
1511 1599 1512
1599 1600 1512
1512 1600 1515
1600 1601 1515
1515 1601 1517
1601 1602 1517
1517 1602 1519
1602 1603 1519
1521 1604 1523
1604 1605 1523
1525 1523 1606
1523 1605 1606
1525 1606 1509
1606 1607 1509
1509 1607 1511
1607 1599 1511
1572 1588 1575
1572 1589 1588
1587 1589 1573
1590 1608 1592
1590 1591 1608
1591 1609 1608
1598 1609 1591
1610 1611 1612
1611 1613 1612
1614 1615 1613
1616 1617 1618
1617 1619 1618
1620 1621 1616
1621 1617 1616
1622 1623 1620
1623 1621 1620
1624 1625 1622
1625 1623 1622
1626 1627 1624
1627 1628 1624
1610 1612 1627
1612 1628 1627
1592 1608 1628
1608 1625 1628
1592 1628 1593
1628 1612 1593
1593 1612 1594
1612 1613 1594
1594 1613 1595
1613 1615 1595
1597 1619 1596
1619 1617 1596
1596 1617 1598
1617 1621 1598
1598 1621 1609
1621 1623 1609
1609 1623 1608
1623 1625 1608
1629 1630 1631
1632 1633 1634
1635 1636 1637
1636 1638 1637
1540 1539 1639
1539 1544 1639
1551 1549 1569
1624 1628 1625
1640 1614 1611
1614 1613 1611
1546 1545 1641
1642 1629 1643
1629 1631 1643
1555 1556 1644
1632 1645 1633
1645 1646 1633
1510 1512 1513
1527 1510 1529
1536 1527 1526
1570 1572 1574
1573 1589 1572
1587 1598 1589
1529 1513 1530
1588 1590 1592
1525 1509 1508
1586 1587 1573
1607 1571 1599
1571 1570 1599
1599 1570 1600
1570 1574 1600
1600 1574 1601
1574 1576 1601
1601 1576 1602
1576 1578 1602
1602 1578 1603
1578 1580 1603
1604 1583 1605
1583 1582 1605
1586 1606 1582
1606 1605 1582
1606 1586 1607
1586 1571 1607
1647 1648 1649
1648 1650 1649
1651 1652 1653
1652 1654 1653
1655 1656 1657
1656 1658 1657
1659 1660 1661
1660 1662 1661
1663 1664 1665
1664 1666 1665
1667 1668 1669
1668 1670 1669
1671 1672 1673
1672 1674 1673
1675 1676 1677
1676 1678 1677
1679 1680 1681
1680 1682 1681
1683 1684 1685
1684 1686 1685
1687 1688 1661
1688 1659 1661
1689 1690 1679
1690 1680 1679
1691 1692 1651
1692 1652 1651
1693 1694 1675
1694 1676 1675
1695 1696 1687
1696 1688 1687
1694 1693 1697
1693 1698 1697
1699 1700 1691
1700 1692 1691
1701 1702 1689
1702 1690 1689
1668 1667 1701
1667 1702 1701
1649 1650 1699
1650 1700 1699
1697 1698 1671
1698 1672 1671
1657 1658 1695
1658 1696 1695
1703 1704 1705
1704 1706 1705
1705 1706 1707
1706 1708 1707
1707 1708 1709
1708 1710 1709
1711 1712 1713
1712 1714 1713
1713 1714 1715
1714 1716 1715
1715 1716 1703
1716 1704 1703
1717 1718 1719
1718 1720 1719
1718 1721 1720
1721 1722 1720
1721 1723 1722
1723 1724 1722
1725 1726 1727
1726 1728 1727
1726 1729 1728
1729 1730 1728
1729 1717 1730
1717 1719 1730
1731 1732 1733
1732 1734 1733
1731 1733 1735
1733 1736 1735
1737 1735 1738
1735 1736 1738
1739 1737 1740
1737 1738 1740
1741 1742 1743
1742 1744 1743
1745 1741 1746
1741 1743 1746
1747 1745 1748
1745 1746 1748
1749 1747 1750
1747 1748 1750
1751 1749 1752
1749 1750 1752
1753 1751 1754
1751 1752 1754
1755 1753 1756
1753 1754 1756
1757 1755 1758
1755 1756 1758
1759 1757 1760
1757 1758 1760
1761 1762 1763
1762 1764 1763
1765 1761 1766
1761 1763 1766
1767 1765 1768
1765 1766 1768
1769 1767 1770
1767 1768 1770
1771 1769 1772
1769 1770 1772
1732 1771 1734
1771 1772 1734
1773 1774 1775
1776 1774 1777
1778 1779 1780
1781 1779 1782
1783 1784 1785
1786 1787 1788
1789 1790 1791
1792 1793 1790
1794 1774 1793
1778 1782 1779
1786 1795 1787
1776 1780 1779
1796 1790 1787
1776 1779 1774
1796 1791 1790
1773 1777 1774
1789 1797 1790
1794 1775 1774
1794 1793 1798
1792 1798 1793
1792 1790 1797
1781 1785 1784
1781 1784 1779
1783 1788 1787
1783 1787 1784
1711 1713 1725
1713 1726 1725
1713 1715 1726
1715 1729 1726
1715 1703 1729
1703 1717 1729
1703 1705 1717
1705 1718 1717
1705 1707 1718
1707 1721 1718
1707 1709 1721
1709 1723 1721
1760 1758 1799
1758 1800 1799
1758 1756 1800
1756 1801 1800
1756 1754 1801
1754 1802 1801
1754 1752 1802
1752 1803 1802
1752 1750 1803
1750 1804 1803
1750 1748 1804
1748 1805 1804
1748 1746 1805
1746 1806 1805
1746 1743 1806
1743 1807 1806
1743 1744 1807
1744 1808 1807
1740 1738 1809
1738 1810 1809
1738 1736 1810
1736 1811 1810
1733 1812 1736
1812 1811 1736
1733 1734 1812
1734 1813 1812
1734 1772 1813
1772 1814 1813
1772 1770 1814
1770 1815 1814
1770 1768 1815
1768 1816 1815
1768 1766 1816
1766 1817 1816
1766 1763 1817
1763 1818 1817
1763 1764 1818
1764 1819 1818
1759 1760 1762
1760 1764 1762
1760 1799 1764
1799 1819 1764
1795 1796 1787
1820 1821 1822
1822 1821 1823
1823 1821 1824
1824 1821 1825
1825 1821 1826
1826 1821 1827
1827 1821 1828
1828 1821 1829
1829 1821 1830
1830 1821 1831
1832 1821 1833
1833 1821 1834
1834 1821 1835
1835 1821 1836
1836 1821 1837
1837 1821 1838
1838 1821 1839
1839 1821 1820
1840 1841 1842
1841 1843 1842
1844 1840 1845
1840 1842 1845
1846 1844 1847
1844 1845 1847
1848 1849 1850
1849 1851 1850
1852 1848 1853
1848 1850 1853
1841 1852 1843
1852 1853 1843
1854 1855 1856
1855 1857 1856
1858 1859 1854
1859 1855 1854
1860 1861 1858
1861 1859 1858
1862 1863 1864
1863 1865 1864
1866 1867 1862
1867 1863 1862
1856 1857 1866
1857 1867 1866
1868 1869 1870
1869 1871 1870
1872 1870 1873
1870 1871 1873
1872 1873 1874
1873 1875 1874
1874 1875 1876
1875 1877 1876
1878 1879 1880
1879 1881 1880
1880 1881 1882
1881 1883 1882
1882 1883 1884
1883 1885 1884
1884 1885 1886
1885 1887 1886
1886 1887 1888
1887 1889 1888
1888 1889 1890
1889 1891 1890
1890 1891 1892
1891 1893 1892
1892 1893 1894
1893 1895 1894
1894 1895 1896
1895 1897 1896
1898 1899 1900
1899 1901 1900
1900 1901 1902
1901 1903 1902
1902 1903 1904
1903 1905 1904
1904 1905 1906
1905 1907 1906
1906 1907 1908
1907 1909 1908
1908 1909 1868
1909 1869 1868
1910 1911 1912
1913 1914 1912
1915 1916 1917
1918 1919 1917
1920 1921 1922
1923 1924 1925
1926 1927 1928
1929 1928 1930
1931 1930 1912
1915 1917 1919
1923 1925 1932
1913 1917 1916
1933 1925 1928
1913 1912 1917
1933 1928 1927
1910 1912 1914
1926 1928 1934
1931 1912 1911
1931 1935 1930
1929 1930 1935
1929 1934 1928
1918 1922 1921
1918 1917 1922
1920 1925 1924
1920 1922 1925
1863 1850 1865
1850 1851 1865
1867 1853 1863
1853 1850 1863
1857 1843 1867
1843 1853 1867
1855 1842 1857
1842 1843 1857
1859 1845 1855
1845 1842 1855
1861 1847 1859
1847 1845 1859
1936 1894 1937
1894 1896 1937
1938 1892 1936
1892 1894 1936
1939 1890 1938
1890 1892 1938
1940 1888 1939
1888 1890 1939
1941 1886 1940
1886 1888 1940
1942 1884 1941
1884 1886 1941
1943 1882 1942
1882 1884 1942
1944 1880 1943
1880 1882 1943
1945 1878 1944
1878 1880 1944
1946 1874 1947
1874 1876 1947
1948 1872 1946
1872 1874 1946
1948 1949 1872
1949 1870 1872
1950 1868 1949
1868 1870 1949
1951 1908 1950
1908 1868 1950
1952 1906 1951
1906 1908 1951
1953 1904 1952
1904 1906 1952
1954 1902 1953
1902 1904 1953
1955 1900 1954
1900 1902 1954
1956 1898 1955
1898 1900 1955
1898 1896 1899
1896 1897 1899
1956 1937 1898
1937 1896 1898
1932 1925 1933
1957 1958 1959
1958 1960 1959
1960 1961 1959
1961 1962 1959
1962 1963 1959
1963 1964 1959
1964 1965 1959
1965 1966 1959
1966 1967 1959
1967 1968 1959
1969 1970 1959
1970 1971 1959
1971 1972 1959
1972 1973 1959
1973 1974 1959
1974 1975 1959
1975 1976 1959
1976 1957 1959
1977 1978 1979
1978 1980 1979
1981 1982 1983
1982 1984 1983
1985 1986 1987
1986 1988 1987
1989 1990 1991
1990 1992 1991
1993 1994 1985
1994 1986 1985
1979 1980 1995
1980 1996 1995
1991 1992 1993
1992 1994 1993
1997 1998 1999
1998 2000 1999
2001 2002 2003
2002 2004 2003
2005 2006 2007
2006 2008 2007
2009 2010 2011
2010 2012 2011
2013 2014 2015
2014 2016 2015
2017 2018 2019
2020 2021 2022
2021 2023 2022
2024 2025 2026
2025 2027 2026
2028 2029 2030
2029 2031 2030
2032 2033 2034
2033 2035 2034
2036 2037 2038
2037 2039 2038
2040 2041 2042
2041 2043 2042
2044 2045 2046
2045 2047 2046
2048 2049 2050
2049 2051 2050
2052 2053 2054
2053 2055 2054
2056 2057 2037
2057 2039 2037
2058 2059 2060
2059 2061 2060
2060 2061 2062
2061 2063 2062
2064 2065 2066
2065 2067 2066
1999 2000 2068
2000 2069 2068
2070 2071 2005
2071 2006 2005
2072 2073 2074
2073 2075 2074
2050 2051 2013
2051 2014 2013
2076 2077 2078
2079 2080 2048
2080 2049 2048
2054 2055 2081
2055 2082 2081
2083 2046 2084
2046 2047 2084
2085 2086 2087
2086 2088 2087
2089 2090 2091
2090 2092 2091
2022 2023 2093
2023 2094 2093
2095 2096 2020
2096 2021 2020
2097 2098 2099
2098 2100 2099
2101 2102 2103
2102 2104 2103
2042 2043 2105
2043 2106 2105
2107 2108 1977
2108 1978 1977
2109 2110 2070
2110 2071 2070
2111 2112 2113
2093 2094 2114
2094 2115 2114
2113 2112 2079
2112 2080 2079
2114 2115 2019
2115 2017 2019
2087 2088 2056
2088 2057 2056
2116 2117 2085
2117 2086 2085
2118 2119 2107
2119 2108 2107
1995 1996 2120
1996 2121 2120
2122 2123 2124
2123 2125 2124
2120 2121 2123
2121 2125 2123
2003 2004 1997
2004 1998 1997
2062 2063 2001
2063 2002 2001
2066 2067 2058
2067 2059 2058
2099 2100 1981
2100 1982 1981
2126 2127 2097
2127 2098 2097
1983 1984 2118
1984 2119 2118
2028 2128 2029
2128 2129 2029
2109 2011 2110
2011 2012 2110
2130 2007 2131
2007 2008 2131
2009 2074 2010
2074 2075 2010
2132 2103 2133
2103 2104 2133
2052 2091 2053
2091 2092 2053
2089 2030 2090
2030 2031 2090
2024 2081 2025
2081 2082 2025
2134 2026 2135
2026 2027 2135
2083 2084 2116
2084 2117 2116
2136 2036 2137
2036 2038 2137
2138 2139 2140
2138 2140 2141
2140 2142 2141
2141 2143 2144
2144 2143 2145
2141 2142 2143
2076 2078 2146
2078 2147 2146
2147 2122 2146
2122 2124 2146
2148 2149 2150
2149 2151 2150
2152 2153 2154
2155 2156 2157
2156 2158 2157
2159 2160 2161
2160 2162 2161
2163 2164 2159
2164 2160 2159
2156 2165 2158
2165 2166 2158
2161 2167 2168
2161 2162 2167
2162 2169 2167
2152 2170 2153
2163 2159 2171
2159 2172 2171
2173 2172 2159
2174 2155 2175
2155 2157 2175
2172 2176 2171
2165 2177 2166
2177 2178 2166
2178 2179 2166
2179 2180 2166
2181 2182 2183
2182 2184 2183
2180 2182 2166
2182 2181 2166
2185 2186 2187
2186 2188 2187
2189 2190 2184
2190 2183 2184
2191 2192 2164
2192 2160 2164
2192 2193 2160
2193 2162 2160
2193 2194 2162
2194 2169 2162
2195 2152 2175
2170 2195 2196
2197 2190 2198
2190 2189 2198
2199 2153 2191
2153 2192 2191
2153 2170 2192
2170 2193 2192
2196 2194 2170
2194 2193 2170
2198 2185 2197
2189 2184 2200
2184 2201 2200
2180 2202 2203
2188 2204 2205
2150 2205 2206
2202 2207 2208
2186 2198 2209
2198 2210 2209
2182 2211 2184
2211 2201 2184
2204 2209 2212
2209 2213 2212
2213 2209 2214
2209 2210 2214
2210 2200 2214
2200 2215 2214
2216 2217 2211
2217 2201 2211
2203 2202 2218
2202 2219 2218
2150 2206 2148
2206 2220 2148
2221 2222 2223
2222 2224 2223
2167 2169 2151
2169 2225 2151
2226 2169 2194
2196 2197 2194
2197 2227 2194
2195 2190 2196
2190 2197 2196
2195 2228 2190
2228 2183 2190
2157 2158 2181
2166 2181 2158
2220 2206 2229
2206 2230 2229
2231 2221 2230
2232 2176 2172
2173 2233 2172
2233 2232 2172
2148 2234 2149
2234 2235 2149
2236 2237 2238
2239 2240 2241
2200 2210 2189
2210 2198 2189
2242 2207 2179
2242 2178 2177
2242 2179 2178
2243 2207 2244
2170 2152 2195
2174 2175 2154
2175 2152 2154
2245 2238 2246
2231 2205 2204
2231 2204 2247
2204 2212 2247
2226 2225 2169
2227 2226 2194
2201 2217 2200
2217 2215 2200
2248 2249 2250
2249 2251 2250
2237 2249 2248
2245 2236 2238
2220 2248 2250
2248 2220 2229
2224 2240 2239
2239 2241 2252
2246 2238 2252
2238 2239 2252
2237 2248 2238
2239 2238 2223
2220 2250 2148
2228 2175 2157
2183 2228 2181
2228 2157 2181
2153 2199 2154
2195 2175 2228
2250 2251 2234
2250 2234 2148
2151 2149 2253
2254 2255 2253
2255 2168 2253
2168 2255 2173
2255 2233 2173
2149 2235 2253
2235 2254 2253
2253 2168 2167
2173 2161 2168
2167 2151 2253
2161 2173 2159
2221 2247 2222
2223 2238 2248
2223 2248 2229
2229 2230 2223
2230 2221 2223
2231 2230 2206
2224 2239 2223
2203 2211 2180
2211 2182 2180
2203 2218 2211
2218 2216 2211
2232 2256 2176
2150 2257 2205
2205 2231 2206
2204 2188 2209
2188 2186 2209
2205 2257 2188
2150 2151 2258
2151 2225 2258
2226 2187 2258
2258 2257 2150
2258 2225 2226
2227 2185 2226
2185 2187 2226
2187 2257 2258
2198 2186 2185
2185 2227 2197
2187 2188 2257
2259 2260 2261
2260 2262 2261
2263 2264 2265
2264 2266 2265
2267 2268 2269
2270 2263 2271
2263 2265 2271
2272 2273 2274
2275 2276 2277
2263 2270 2278
2270 2279 2278
2280 2281 2282
2283 2284 2265
2271 2265 2285
2265 2284 2285
2286 2287 2288
2287 2289 2288
2290 2291 2292
2291 2293 2292
2294 2295 2296
2295 2297 2296
2276 2298 2299
2300 2301 2302
2303 2302 2287
2302 2289 2287
2304 2305 2306
2305 2307 2306
2308 2309 2310
2309 2311 2310
2312 2313 2314
2313 2315 2314
2316 2317 2285
2317 2271 2285
2318 2270 2317
2270 2271 2317
2270 2318 2279
2318 2319 2279
2320 2321 2322
2321 2323 2322
2304 2324 2305
2304 2325 2324
2325 2326 2324
2305 2327 2307
2327 2321 2307
2264 2263 2328
2263 2278 2328
2329 2330 2331
2306 2307 2332
2307 2333 2332
2260 2334 2262
2334 2335 2262
2336 2337 2338
2337 2339 2338
2340 2341 2337
2341 2339 2337
2342 2343 2341
2261 2312 2314
2318 2341 2319
2341 2343 2319
2344 2295 2259
2295 2260 2259
2294 2334 2295
2334 2260 2295
2288 2289 2336
2289 2337 2336
2302 2340 2289
2340 2337 2289
2302 2342 2340
2345 2275 2277
2298 2267 2346
2267 2347 2346
2269 2272 2348
2272 2349 2348
2274 2313 2350
2313 2351 2350
2312 2352 2313
2352 2351 2313
2262 2312 2261
2292 2293 2353
2293 2345 2353
2354 2346 2347
2349 2355 2348
2355 2350 2356
2357 2356 2352
2356 2351 2352
2335 2357 2262
2357 2352 2262
2358 2290 2354
2290 2292 2354
2354 2355 2358
2355 2359 2358
2360 2359 2356
2359 2355 2356
2361 2360 2357
2360 2356 2357
2334 2362 2335
2362 2363 2335
2364 2362 2294
2362 2334 2294
2364 2365 2288
2365 2286 2288
2293 2366 2275
2366 2367 2275
2329 2331 2368
2369 2370 2371
2370 2372 2371
2291 2373 2293
2373 2366 2293
2344 2374 2295
2374 2297 2295
2375 2376 2377
2308 2303 2282
2303 2287 2282
2280 2282 2286
2282 2287 2286
2378 2280 2365
2280 2286 2365
2296 2378 2365
2364 2294 2365
2294 2296 2365
2379 2380 2291
2380 2373 2291
2381 2379 2290
2379 2291 2290
2283 2381 2358
2381 2290 2358
2358 2359 2283
2359 2284 2283
2285 2284 2360
2284 2359 2360
2361 2316 2360
2316 2285 2360
2362 2336 2363
2336 2338 2363
2364 2288 2362
2288 2336 2362
2382 2383 2384
2383 2375 2384
2385 2386 2382
2386 2383 2382
2376 2383 2386
2387 2377 2374
2377 2297 2374
2377 2376 2297
2376 2296 2297
2378 2296 2376
2370 2369 2388
2369 2329 2388
2325 2304 2389
2304 2306 2389
2371 2372 2379
2372 2380 2379
2390 2283 2266
2283 2265 2266
2389 2306 2391
2306 2332 2391
2283 2390 2381
2390 2392 2381
2393 2394 2369
2394 2329 2369
2394 2330 2329
2393 2369 2392
2369 2371 2392
2390 2266 2391
2266 2389 2391
2264 2325 2266
2325 2389 2266
2264 2328 2325
2328 2326 2325
2392 2371 2381
2371 2379 2381
2333 2330 2394
2393 2391 2394
2391 2332 2394
2393 2392 2391
2392 2390 2391
2330 2395 2331
2330 2320 2395
2320 2322 2395
2333 2394 2332
2309 2308 2281
2308 2282 2281
2280 2378 2396
2281 2280 2396
2397 2398 2399
2378 2376 2386
2302 2301 2342
2363 2361 2335
2361 2357 2335
2338 2316 2363
2316 2361 2363
2316 2338 2317
2338 2339 2317
2341 2318 2339
2318 2317 2339
2342 2341 2340
2327 2323 2321
2333 2307 2320
2307 2321 2320
2333 2320 2330
2324 2327 2305
2400 2386 2401
2386 2385 2401
2402 2396 2400
2396 2386 2400
2402 2403 2396
2403 2281 2396
2399 2404 2405
2406 2407 2408
2409 2403 2410
2403 2409 2281
2409 2309 2281
2311 2309 2409
2404 2399 2401
2399 2400 2401
2408 2402 2399
2402 2400 2399
2408 2410 2402
2410 2403 2402
2407 2410 2408
2398 2408 2399
2397 2399 2405
2404 2411 2405
2398 2406 2408
2404 2412 2411
2329 2368 2388
2387 2413 2377
2375 2413 2414
2377 2413 2375
2375 2383 2376
2299 2298 2353
2298 2346 2353
2276 2268 2298
2354 2292 2346
2268 2267 2298
2292 2353 2346
2267 2269 2347
2269 2348 2347
2273 2272 2269
2268 2273 2269
2354 2347 2348
2355 2354 2348
2345 2277 2353
2277 2299 2353
2276 2299 2277
2293 2275 2345
2272 2274 2349
2274 2350 2349
2315 2313 2274
2273 2315 2274
2355 2349 2350
2350 2351 2356
2262 2352 2312
2415 2300 2303
2300 2302 2303
2415 2303 2310
2303 2308 2310
2207 2202 2179
2202 2180 2179
2207 2243 2208
2208 2219 2202
2207 2242 2244
2231 2247 2221
2416 2417 2418
2417 2419 2418
2420 2421 2422
2421 2423 2422
2424 2425 2426
2425 2427 2426
2428 2429 2424
2429 2425 2424
2430 2431 2432
2431 2433 2432
2434 2435 2430
2435 2431 2430
2436 2437 2434
2437 2435 2434
2438 2439 2436
2439 2437 2436
2438 2440 2439
2440 2441 2439
2442 2443 2444
2443 2445 2444
2443 2446 2445
2446 2447 2445
2442 2444 2448
2444 2449 2448
2448 2449 2440
2449 2441 2440
2450 2420 2451
2420 2422 2451
2452 2416 2453
2416 2418 2453
2454 2450 2455
2450 2451 2455
2454 2455 2417
2455 2419 2417
2456 2457 2421
2457 2423 2421
2456 2426 2457
2426 2427 2457
2458 2459 2460
2459 2461 2460
2462 2463 2464
2463 2465 2464
2464 2465 2466
2465 2467 2466
2460 2461 2468
2461 2469 2468
2468 2469 2462
2469 2463 2462
2466 2467 2470
2467 2471 2470
2472 2473 2474
2473 2475 2474
2470 2471 2476
2471 2477 2476
2478 2479 2458
2479 2459 2458
2480 2481 2482
2481 2483 2482
2474 2475 2484
2475 2485 2484
2476 2477 2472
2477 2473 2472
2486 2482 2487
2482 2483 2487
2484 2485 2480
2485 2481 2480
2488 2489 2490
2489 2491 2490
2492 2493 2494
2493 2495 2494
2496 2492 2497
2492 2494 2497
2498 2488 2499
2488 2490 2499
2493 2498 2495
2498 2499 2495
2500 2496 2501
2496 2497 2501
2502 2503 2504
2503 2505 2504
2506 2500 2507
2500 2501 2507
2489 2508 2491
2508 2509 2491
2510 2511 2512
2511 2513 2512
2514 2502 2515
2502 2504 2515
2503 2506 2505
2506 2507 2505
2516 2517 2512
2517 2510 2512
2511 2514 2513
2514 2515 2513
2518 2519 2520
2519 2521 2520
2521 2519 2428
2519 2429 2428
2432 2433 2520
2433 2518 2520
2522 2523 2524
2523 2525 2524
2526 2527 2528
2529 2530 2531
2530 2532 2531
2533 2534 2535
2534 2536 2535
2534 2537 2536
2537 2538 2536
2539 2540 2529
2540 2530 2529
2535 2541 2542
2543 2533 2542
2533 2535 2542
2526 2528 2544
2545 2536 2546
2536 2538 2546
2547 2536 2545
2531 2532 2548
2532 2549 2548
2545 2546 2550
2551 2552 2539
2552 2540 2539
2553 2554 2539
2554 2551 2539
2555 2556 2557
2556 2558 2557
2558 2556 2539
2556 2553 2539
2559 2560 2561
2560 2562 2561
2557 2563 2555
2563 2564 2555
2534 2565 2537
2565 2566 2537
2533 2567 2534
2567 2565 2534
2543 2568 2533
2568 2567 2533
2569 2548 2526
2544 2570 2569
2571 2572 2563
2572 2564 2563
2565 2528 2566
2528 2573 2566
2567 2544 2565
2544 2528 2565
2567 2568 2544
2568 2570 2544
2572 2571 2562
2574 2555 2575
2555 2564 2575
2553 2576 2577
2559 2578 2579
2524 2580 2578
2577 2581 2582
2583 2572 2584
2572 2560 2584
2574 2585 2555
2585 2556 2555
2586 2584 2587
2584 2579 2587
2583 2584 2588
2584 2586 2588
2589 2575 2588
2575 2583 2588
2574 2590 2585
2590 2591 2585
2592 2577 2593
2577 2576 2593
2524 2525 2580
2525 2594 2580
2595 2596 2597
2596 2598 2597
2599 2543 2522
2543 2542 2522
2600 2568 2543
2601 2571 2568
2571 2570 2568
2571 2563 2570
2563 2569 2570
2557 2602 2563
2602 2569 2563
2531 2558 2529
2539 2529 2558
2603 2580 2604
2580 2594 2604
2605 2603 2598
2606 2545 2550
2606 2607 2545
2607 2547 2545
2608 2609 2523
2609 2525 2523
2610 2611 2612
2613 2614 2615
2572 2583 2564
2583 2575 2564
2616 2554 2582
2616 2552 2551
2616 2551 2554
2617 2618 2582
2544 2569 2526
2526 2548 2527
2548 2549 2527
2619 2620 2611
2605 2579 2578
2587 2579 2621
2579 2605 2621
2600 2543 2599
2601 2568 2600
2589 2590 2575
2590 2574 2575
2622 2623 2624
2623 2625 2624
2612 2625 2623
2619 2611 2610
2594 2624 2625
2625 2604 2594
2595 2613 2615
2613 2626 2614
2613 2611 2626
2611 2620 2626
2612 2611 2625
2613 2597 2611
2594 2525 2624
2602 2531 2548
2531 2602 2558
2602 2557 2558
2528 2527 2573
2569 2602 2548
2624 2609 2622
2624 2525 2609
2522 2627 2523
2541 2628 2627
2628 2629 2627
2607 2628 2547
2628 2541 2547
2629 2608 2627
2608 2523 2627
2627 2542 2541
2547 2541 2535
2542 2627 2522
2535 2536 2547
2598 2596 2621
2597 2625 2611
2597 2604 2625
2598 2603 2597
2603 2604 2597
2605 2580 2603
2595 2597 2613
2556 2585 2553
2585 2576 2553
2591 2593 2585
2593 2576 2585
2606 2550 2630
2524 2578 2631
2578 2580 2605
2560 2559 2584
2559 2579 2584
2578 2559 2631
2524 2632 2522
2522 2632 2599
2600 2632 2561
2632 2524 2631
2632 2600 2599
2601 2600 2562
2600 2561 2562
2561 2632 2631
2572 2562 2560
2562 2571 2601
2561 2631 2559
2633 2634 2635
2634 2636 2635
2637 2638 2639
2638 2640 2639
2641 2642 2643
2639 2640 2644
2640 2645 2644
2646 2647 2648
2649 2650 2651
2652 2645 2653
2645 2640 2653
2654 2655 2656
2657 2639 2658
2658 2639 2659
2639 2644 2659
2660 2661 2662
2661 2663 2662
2664 2665 2666
2665 2667 2666
2668 2669 2670
2669 2671 2670
2651 2672 2673
2674 2675 2676
2660 2675 2661
2675 2677 2661
2678 2679 2680
2679 2681 2680
2682 2683 2684
2683 2685 2684
2686 2687 2688
2687 2689 2688
2644 2690 2659
2690 2691 2659
2644 2645 2690
2645 2692 2690
2693 2692 2652
2692 2645 2652
2694 2695 2696
2695 2697 2696
2681 2679 2698
2699 2700 2698
2700 2681 2698
2695 2701 2678
2701 2679 2678
2653 2640 2702
2640 2638 2702
2703 2704 2705
2706 2678 2707
2678 2680 2707
2708 2709 2633
2709 2634 2633
2710 2711 2712
2711 2713 2712
2710 2714 2711
2714 2715 2711
2716 2714 2717
2635 2688 2689
2717 2714 2693
2714 2692 2693
2634 2669 2636
2669 2718 2636
2634 2709 2669
2709 2671 2669
2711 2660 2713
2660 2662 2713
2711 2715 2660
2715 2675 2660
2675 2715 2716
2719 2650 2649
2720 2641 2721
2641 2673 2721
2722 2646 2723
2646 2642 2723
2724 2687 2725
2687 2647 2725
2724 2726 2687
2726 2689 2687
2633 2635 2689
2719 2664 2727
2664 2666 2727
2728 2720 2721
2722 2723 2729
2729 2730 2725
2724 2730 2726
2730 2731 2726
2726 2731 2633
2731 2708 2633
2666 2667 2728
2667 2732 2728
2733 2729 2732
2729 2728 2732
2729 2733 2730
2733 2734 2730
2730 2734 2731
2734 2735 2731
2736 2737 2708
2737 2709 2708
2709 2737 2671
2737 2738 2671
2663 2739 2662
2739 2738 2662
2740 2741 2649
2741 2664 2649
2703 2742 2704
2743 2744 2745
2744 2746 2745
2741 2747 2664
2747 2665 2664
2668 2748 2669
2748 2718 2669
2749 2750 2751
2661 2677 2655
2677 2685 2655
2661 2655 2663
2655 2654 2663
2663 2654 2739
2654 2752 2739
2670 2739 2752
2670 2671 2739
2671 2738 2739
2747 2753 2665
2753 2754 2665
2665 2754 2667
2754 2755 2667
2667 2755 2732
2755 2657 2732
2658 2733 2657
2733 2732 2657
2733 2658 2734
2658 2659 2734
2659 2691 2734
2691 2735 2734
2712 2713 2736
2713 2737 2736
2713 2662 2737
2662 2738 2737
2749 2756 2757
2756 2758 2757
2756 2759 2758
2759 2760 2758
2751 2759 2756
2668 2750 2748
2750 2761 2748
2670 2751 2668
2751 2750 2668
2752 2751 2670
2703 2746 2762
2746 2744 2762
2680 2681 2763
2681 2700 2763
2753 2743 2754
2743 2745 2754
2639 2657 2637
2657 2764 2637
2707 2680 2765
2680 2763 2765
2766 2764 2755
2764 2657 2755
2703 2767 2746
2767 2768 2746
2767 2703 2705
2745 2746 2766
2746 2768 2766
2763 2637 2765
2637 2764 2765
2763 2700 2637
2700 2638 2637
2699 2702 2700
2702 2638 2700
2754 2745 2755
2745 2766 2755
2706 2767 2705
2707 2765 2767
2765 2768 2767
2764 2766 2765
2766 2768 2765
2705 2704 2769
2696 2697 2769
2697 2705 2769
2706 2707 2767
2655 2685 2656
2685 2683 2656
2654 2770 2752
2656 2770 2654
2771 2772 2773
2752 2770 2759
2675 2716 2676
2731 2735 2708
2735 2736 2708
2735 2691 2736
2691 2712 2736
2710 2712 2690
2712 2691 2690
2690 2692 2710
2692 2714 2710
2716 2715 2714
2701 2695 2694
2695 2678 2697
2678 2706 2697
2706 2705 2697
2698 2679 2701
2760 2759 2774
2759 2775 2774
2759 2770 2775
2770 2776 2775
2656 2777 2770
2777 2776 2770
2772 2778 2779
2780 2781 2782
2783 2784 2777
2683 2783 2656
2783 2777 2656
2682 2783 2683
2775 2772 2774
2772 2779 2774
2775 2776 2772
2776 2781 2772
2777 2784 2776
2784 2781 2776
2782 2781 2784
2773 2772 2781
2771 2778 2772
2779 2778 2785
2773 2781 2780
2779 2785 2786
2703 2762 2742
2761 2750 2787
2749 2757 2788
2750 2749 2787
2749 2751 2756
2672 2727 2673
2727 2721 2673
2651 2673 2643
2728 2721 2666
2643 2673 2641
2666 2721 2727
2641 2720 2642
2720 2723 2642
2648 2642 2646
2643 2642 2648
2728 2723 2720
2729 2723 2728
2672 2650 2727
2650 2719 2727
2651 2650 2672
2664 2719 2649
2646 2722 2647
2722 2725 2647
2686 2647 2687
2648 2647 2686
2729 2725 2722
2725 2730 2724
2633 2689 2726
2789 2677 2674
2677 2675 2674
2685 2677 2684
2677 2789 2684
2553 2577 2554
2577 2582 2554
2582 2581 2617
2581 2577 2592
2582 2618 2616
2605 2598 2621
121 149 123
149 151 123
2127 2126 2790
2791 2792 2793
2792 2794 2793
2795 2796 2797
2796 2798 2797
2799 2800 2801
2800 2802 2801
2803 2804 2795
2804 2796 2795
2805 2806 2807
2806 2808 2807
2809 2810 2811
2810 2812 2811
2813 2794 2814
2794 2792 2814
2815 2816 2817
2818 2791 2819
2791 2793 2819
2820 2821 2822
2801 2802 2823
2802 2824 2823
2810 2805 2812
2805 2807 2812
2825 2795 2826
2795 2797 2826
2820 2822 2827
2815 2817 2828
2829 2830 2824
2830 2823 2824
2831 2832 2798
2832 2797 2798
2815 2833 2816
2834 2817 2835
2817 2816 2835
2836 2822 2826
2822 2821 2826
2837 2821 2820
2838 2833 2839
2833 2840 2839
2825 2837 2841
2837 2842 2841
2835 2816 2838
2816 2833 2838
2843 2827 2836
2827 2822 2836
2832 2831 2844
2831 2845 2844
2846 2818 2847
2818 2819 2847
2848 2828 2834
2828 2817 2834
2830 2829 2849
2829 2850 2849
2811 2851 2809
2851 2852 2809
2820 2842 2837
2815 2840 2833
2831 2818 2845
2818 2846 2845
2800 2806 2802
2806 2805 2802
2805 2810 2802
2810 2824 2802
2809 2829 2810
2829 2824 2810
2829 2809 2850
2809 2852 2850
2804 2814 2796
2814 2792 2796
2796 2792 2798
2792 2791 2798
2818 2831 2791
2831 2798 2791
2837 2825 2821
2825 2826 2821
2830 2834 2823
2834 2835 2823
2795 2825 2803
2825 2841 2803
2849 2848 2830
2848 2834 2830
2832 2836 2797
2836 2826 2797
2801 2838 2799
2838 2839 2799
2823 2835 2801
2835 2838 2801
2844 2843 2832
2843 2836 2832
2794 2853 2793
2853 2854 2793
2855 2856 2857
2856 2858 2857
2859 2860 2861
2860 2862 2861
2856 2863 2858
2863 2864 2858
2808 2865 2807
2865 2866 2807
2812 2867 2811
2867 2868 2811
2853 2794 2869
2794 2813 2869
2870 2871 2872
2793 2854 2819
2854 2873 2819
2874 2875 2876
2877 2859 2878
2859 2861 2878
2807 2866 2812
2866 2867 2812
2857 2858 2879
2858 2880 2879
2874 2881 2875
2870 2882 2871
2878 2883 2877
2883 2884 2877
2857 2885 2855
2885 2886 2855
2870 2872 2887
2872 2871 2888
2871 2889 2888
2876 2875 2879
2875 2890 2879
2891 2874 2876
2892 2887 2893
2887 2894 2893
2895 2891 2896
2891 2880 2896
2887 2872 2894
2872 2888 2894
2875 2881 2890
2881 2897 2890
2898 2886 2899
2886 2885 2899
2819 2873 2847
2873 2900 2847
2871 2882 2889
2882 2901 2889
2902 2884 2903
2884 2883 2903
2904 2851 2868
2851 2811 2868
2874 2891 2895
2870 2887 2892
2900 2873 2898
2873 2886 2898
2866 2865 2859
2865 2860 2859
2877 2867 2859
2867 2866 2859
2877 2884 2867
2884 2868 2867
2904 2868 2902
2868 2884 2902
2853 2869 2856
2869 2863 2856
2854 2853 2855
2853 2856 2855
2855 2886 2854
2886 2873 2854
2879 2880 2876
2880 2891 2876
2888 2889 2878
2889 2883 2878
2896 2880 2864
2880 2858 2864
2889 2901 2883
2901 2903 2883
2879 2890 2857
2890 2885 2857
2893 2894 2862
2894 2861 2862
2894 2888 2861
2888 2878 2861
2890 2897 2885
2897 2899 2885
2905 2906 2907
2906 2908 2907
2905 2907 2909
2910 2909 2911
2909 2912 2911
2913 2910 2914
2910 2911 2914
2915 2913 2916
2913 2914 2916
2917 2918 2919
2918 2920 2919
2921 2917 2922
2917 2919 2922
2921 2922 2908
2923 2924 2925
2924 2926 2925
2923 2925 2927
2911 2912 2928
2912 2927 2928
2914 2911 2929
2911 2928 2929
2916 2914 2930
2914 2929 2930
2919 2920 2931
2920 2932 2931
2922 2919 2933
2919 2931 2933
2922 2933 2924
2907 2923 2912
2908 2924 2907
2922 2924 2908
2925 2934 2927
2925 2926 2934
2926 2935 2934
2933 2935 2926
2936 2937 2938
2939 2940 2936
2940 2941 2936
2942 2943 2944
2943 2945 2944
2946 2947 2940
2947 2941 2940
2948 2949 2946
2949 2947 2946
2950 2951 2952
2951 2953 2952
2954 2955 2956
2955 2957 2956
2958 2959 2960
2959 2961 2960
2959 2962 2961
2962 2963 2961
2962 2964 2963
2964 2965 2963
2964 2938 2965
2938 2937 2965
2934 2935 2937
2935 2965 2937
2935 2933 2965
2933 2963 2965
2933 2931 2963
2931 2961 2963
2931 2932 2961
2932 2960 2961
2930 2929 2966
2929 2947 2966
2929 2928 2947
2928 2941 2947
2928 2927 2941
2927 2936 2941
2934 2937 2927
2937 2936 2927
2967 2968 2969
2968 2970 2969
2971 2972 2969
2972 2971 2973
2971 2974 2973
2973 2974 2975
2974 2976 2975
2975 2976 2977
2976 2978 2977
2979 2980 2981
2980 2982 2981
2981 2982 2983
2982 2984 2983
2984 2968 2967
2985 2986 2987
2986 2988 2987
2988 2972 2989
2989 2972 2990
2972 2973 2990
2990 2973 2991
2973 2975 2991
2991 2975 2992
2975 2977 2992
2993 2979 2994
2979 2981 2994
2994 2981 2995
2981 2983 2995
2986 2985 2995
2996 2997 2909
2997 2905 2909
2998 2996 2910
2996 2909 2910
2999 2998 2913
2998 2910 2913
3000 2999 2915
2999 2913 2915
3001 3002 2917
3002 2918 2917
3001 2917 3003
2917 2921 3003
3004 3003 2906
3003 2921 2906
2997 3004 2905
3004 2906 2905
2969 2972 2988
2969 2988 2986
2983 2967 2986
2987 2989 3005
3006 2985 3005
2985 2987 3005
2995 2985 3006
3007 3008 3009
3008 3010 3009
3011 3007 3012
3013 3014 3015
3014 3016 3015
3014 3017 3016
3017 3018 3016
3017 3019 3018
3019 3020 3018
3019 3021 3020
3021 3022 3020
3023 3024 3022
3024 3025 3022
3023 3009 3024
3009 3010 3024
3021 3005 3023
3005 2989 3023
3009 3023 2990
3023 2989 2990
3007 3009 2991
3009 2990 2991
3012 3007 2992
3007 2991 2992
3014 3013 2994
3013 2993 2994
3017 3014 2995
3014 2994 2995
3019 3017 3006
3017 2995 3006
3021 3019 3005
3019 3006 3005
3026 3027 3028
3029 3030 3031
3032 3033 3034
3033 3035 3034
2939 2936 3036
2936 2938 3036
2949 2966 2947
3022 3021 3023
3007 3011 3008
3011 3037 3008
2943 3038 2945
3027 3026 3039
3026 3040 3039
2952 3041 2950
3042 3043 3031
3043 3029 3031
2907 2912 2909
2924 2923 2907
2933 2926 2924
2970 2971 2969
2967 2969 2986
2983 2986 2995
2923 2927 2912
2988 2989 2987
2921 2908 2906
2984 2967 2983
2970 2968 2997
2968 3004 2997
2971 2970 2996
2970 2997 2996
2974 2971 2998
2971 2996 2998
2976 2974 2999
2974 2998 2999
2978 2976 3000
2976 2999 3000
2982 2980 3001
2980 3002 3001
3001 3003 2982
3003 2984 2982
2968 2984 3004
2984 3003 3004
3044 3045 3046
3045 3047 3046
3048 3049 3050
3049 3051 3050
3052 3053 3054
3053 3055 3054
3056 3057 3058
3057 3059 3058
3060 3061 3062
3061 3063 3062
3064 3065 3066
3065 3067 3066
3068 3069 3070
3069 3071 3070
3072 3073 3074
3073 3075 3074
3076 3077 3078
3077 3079 3078
3080 3081 3082
3081 3083 3082
3059 3084 3058
3084 3085 3058
3077 3086 3079
3086 3087 3079
3049 3088 3051
3088 3089 3051
3073 3090 3075
3090 3091 3075
3084 3092 3085
3092 3093 3085
3094 3091 3095
3091 3090 3095
3088 3096 3089
3096 3097 3089
3086 3098 3087
3098 3099 3087
3098 3067 3099
3067 3065 3099
3096 3044 3097
3044 3046 3097
3069 3094 3071
3094 3095 3071
3092 3052 3093
3052 3054 3093
3100 3101 3102
3101 3103 3102
3104 3105 3106
3105 3107 3106
3108 3104 3109
3104 3106 3109
3108 3109 3110
3111 3110 3112
3110 3109 3112
3111 3112 3113
3114 3113 3115
3113 3112 3115
3114 3115 3116
3117 3116 3118
3116 3115 3118
3117 3118 3119
3120 3119 3121
3119 3118 3121
3120 3121 3122
3121 3123 3122
3124 3125 3126
3125 3123 3126
3124 3126 3127
3128 3129 3130
3128 3130 3131
3130 3132 3131
3133 3131 3132
3134 3135 3136
3135 3137 3136
3138 3135 3134
3139 3140 3134
3140 3138 3134
3141 3140 3139
3142 3143 3139
3143 3141 3139
3144 3143 3142
3145 3146 3142
3146 3144 3142
3147 3146 3145
3102 3103 3145
3103 3147 3145
3137 3133 3136
3133 3132 3136
3123 3125 3122
3148 3149 3150
3149 3151 3150
3152 3153 3154
3153 3155 3154
3156 3157 3158
3157 3159 3158
3157 3160 3159
3160 3161 3159
3162 2431 3163
2431 3164 3163
2431 2435 3164
2435 3165 3164
2435 2437 3165
2437 3166 3165
2437 2439 3166
2439 3167 3166
3168 3169 2439
3169 3167 2439
3170 3171 3172
3171 3173 3172
2447 3174 3170
3174 3171 3170
3175 3172 3176
3172 3173 3176
3168 3175 3169
3175 3176 3169
3154 3155 3177
3155 3178 3177
3150 3151 3179
3151 3180 3179
3177 3178 3181
3178 3182 3181
3148 3181 3149
3181 3182 3149
3152 3183 3153
3183 3184 3153
3156 3158 3183
3158 3184 3183
3185 3186 3187
3186 3188 3187
3160 3185 3161
3185 3187 3161
3186 3162 3188
3162 3163 3188
2378 2386 2396
2752 2759 2751
3189 3190 2487
3190 2486 2487
3191 2517 3192
2517 2516 3192
2384 2414 3193
2375 2414 2384
2788 2757 3194
2749 2788 2787
3127 3195 3196
3127 3126 3195
3195 3129 3196
3130 3129 3195
3197 3198 2040
3198 2041 2040
64 3199 66
3199 3200 66
3201 3202 3203
3202 3204 3203
3203 3205 3201
3203 3206 3205
3207 3203 3204
3203 3207 3208
3209 3210 3211
3210 3212 3211
3213 3214 3215
3214 3216 3215
3209 3217 3210
3217 3218 3210
3217 3219 3218
3219 3220 3218
3221 3215 3222
3215 3216 3222
3201 3214 3202
3214 3212 3202
3218 3207 3210
3207 3204 3210
3208 3207 3220
3207 3218 3220
3202 3212 3204
3212 3210 3204
3205 3216 3201
3216 3214 3201
3216 3205 3222
3205 3206 3222
3217 3223 3219
3223 3224 3219
3225 3223 3209
3223 3217 3209
3211 3226 3209
3226 3225 3209
3213 3215 3227
3215 3228 3227
3221 3229 3215
3229 3228 3215
3211 3213 3226
3213 3227 3226
3212 3214 3211
3214 3213 3211
3230 3231 3232
3233 3234 3231
3235 3236 3231
3237 3238 3239
3240 3241 3242
3243 3244 3242
3231 3230 3245
3231 3245 3233
3234 3246 3247
3237 3244 3238
3248 3236 3228
3236 3235 3227
3235 3247 3225
3247 3249 3225
3249 3239 3223
3225 3249 3223
3250 3251 3252
3230 3232 3251
3232 3248 3251
3248 3253 3254
3255 3252 3251
3231 3236 3248
3228 3236 3227
3253 3248 3229
3248 3228 3229
3227 3235 3226
3256 3246 3233
3247 3246 3257
3241 3257 3246
3241 3240 3257
3240 3239 3249
3240 3242 3237
3240 3249 3257
3223 3239 3224
3233 3246 3234
3241 3246 3256
3235 3231 3234
3247 3257 3249
3237 3239 3240
3255 3248 3254
3251 3248 3255
3234 3247 3235
3231 3248 3232
3235 3225 3226
3242 3244 3237
3230 3251 3250
3258 3259 3260
3260 3259 3261
3259 3258 3262
3259 3262 3263
3264 3261 3259
3259 3265 3264
3266 3267 3268
3267 3269 3268
3270 3271 3272
3271 3273 3272
3274 3275 3267
3275 3269 3267
3276 3277 3274
3277 3275 3274
3270 3272 3278
3272 3279 3278
3266 3271 3260
3271 3258 3260
3261 3264 3267
3264 3274 3267
3274 3264 3276
3264 3265 3276
3267 3266 3261
3266 3260 3261
3271 3270 3258
3270 3262 3258
3263 3262 3278
3262 3270 3278
3280 3281 3277
3281 3275 3277
3275 3281 3269
3281 3282 3269
3282 3283 3269
3283 3268 3269
3284 3272 3285
3272 3273 3285
3284 3286 3272
3286 3279 3272
3285 3273 3283
3273 3268 3283
3273 3271 3268
3271 3266 3268
3287 3288 3289
3290 3289 3291
3292 3289 3293
3294 3295 3296
3297 3298 3299
3300 3298 3301
3289 3302 3287
3289 3290 3302
3291 3303 3304
3294 3296 3301
3305 3284 3293
3293 3285 3292
3292 3282 3303
3303 3282 3306
3306 3281 3295
3282 3281 3306
3307 3308 3309
3287 3309 3288
3288 3309 3305
3305 3310 3311
3312 3309 3308
3289 3305 3293
3284 3285 3293
3284 3305 3286
3305 3311 3286
3285 3283 3292
3313 3290 3304
3303 3314 3304
3299 3304 3314
3299 3314 3297
3297 3306 3295
3297 3294 3298
3297 3314 3306
3281 3280 3295
3290 3291 3304
3299 3313 3304
3292 3291 3289
3303 3306 3314
3294 3297 3295
3312 3310 3305
3309 3312 3305
3291 3292 3303
3289 3288 3305
3292 3283 3282
3298 3294 3301
3287 3307 3309
3315 3316 3317
3318 3319 3320
3321 3322 3323
3322 3324 3323
3325 3326 3327
3326 3328 3327
3329 3330 3331
3330 3332 3331
3333 3334 3335
3334 3336 3335
3337 3338 3339
3338 3340 3339
3341 3342 3343
3342 3344 3343
3345 3346 3347
3346 3348 3347
3349 3350 3351
3334 3333 3352
3333 3353 3352
3354 3355 3356
3357 3358 3359
3360 3361 3362
3361 3363 3362
3364 3365 3366
3365 3367 3366
3368 3369 3370
3325 3327 3371
3327 3372 3371
3336 3340 3335
3340 3338 3335
3373 3374 3375
3376 3377 3378
3377 3379 3378
3380 3330 3337
3330 3338 3337
3381 3382 3383
3384 3385 3386
3346 3387 3348
3387 3388 3348
3372 3389 3390
3389 3391 3390
3392 3393 3391
3393 3390 3391
3394 3395 3396
3397 3379 3398
3379 3399 3398
3400 3367 3365
3401 3358 3402
3358 3403 3402
3331 3332 3404
3332 3405 3404
3347 3348 3406
3348 3407 3406
3348 3388 3407
3388 3408 3407
3409 3407 3410
3407 3408 3410
3405 3411 3404
3411 3412 3404
3413 3412 3414
3412 3411 3414
3320 3415 3416
3415 3417 3416
3418 3419 3320
3419 3415 3320
3330 3380 3332
3380 3420 3332
3344 3342 3403
3342 3402 3403
3421 3422 3423
3422 3424 3423
3344 3425 3343
3425 3426 3343
3427 3428 3429
3430 3431 3432
3433 3434 3435
3434 3436 3435
3437 3438 3436
3438 3435 3436
3375 3439 3440
3439 3441 3440
3442 3443 3444
3445 3446 3410
3446 3409 3410
3447 3448 3449
3448 3450 3449
3451 3452 3450
3453 3454 3455
3456 3457 3458
3453 3427 3454
3459 3397 3460
3397 3461 3460
3326 3460 3328
3460 3461 3328
3462 3315 3463
3421 3423 3427
3454 3427 3464
3427 3423 3464
3354 3465 3466
3467 3368 3468
3383 3382 3469
3470 3471 3468
3471 3467 3468
3370 3345 3368
3351 3472 3473
3354 3474 3355
3474 3475 3355
3381 3476 3354
3476 3474 3354
3476 3381 3383
3469 3477 3478
3479 3480 3477
3481 3482 3483
3482 3484 3483
3485 3486 3384
3486 3385 3384
3487 3488 3489
3488 3490 3489
3491 3492 3493
3492 3494 3493
3495 3496 3377
3496 3497 3377
3498 3390 3499
3390 3393 3499
3459 3378 3397
3378 3379 3397
3479 3477 3444
3500 3501 3444
3363 3361 3502
3447 3449 3503
3449 3504 3503
3505 3506 3449
3507 3508 3449
3507 3449 3450
3359 3352 3509
3417 3413 3416
3413 3414 3416
3447 3446 3448
3446 3445 3448
3442 3444 3510
3444 3443 3511
3352 3353 3512
3353 3513 3512
3349 3351 3473
3381 3466 3382
3436 3434 3514
3434 3515 3514
3406 3516 3470
3516 3442 3470
3517 3442 3516
3347 3406 3468
3406 3470 3468
3518 3519 3517
3458 3428 3453
3428 3427 3453
3509 3437 3514
3437 3436 3514
3512 3513 3440
3513 3375 3440
3345 3513 3346
3513 3353 3346
3514 3515 3357
3520 3521 3435
3522 3435 3438
3441 3523 3524
3349 3473 3523
3389 3372 3525
3372 3327 3525
3328 3526 3327
3526 3525 3327
3527 3526 3461
3526 3328 3461
3397 3398 3461
3398 3527 3461
3494 3492 3495
3492 3496 3495
3342 3341 3340
3341 3339 3340
3330 3329 3338
3329 3335 3338
3387 3333 3329
3333 3335 3329
3353 3333 3346
3333 3387 3346
3528 3479 3444
3518 3517 3447
3451 3450 3415
3451 3415 3419
3448 3445 3417
3445 3413 3417
3450 3448 3415
3448 3417 3415
3388 3387 3331
3387 3329 3331
3408 3388 3404
3388 3331 3404
3410 3408 3412
3408 3404 3412
3445 3410 3413
3410 3412 3413
3442 3517 3443
3442 3510 3470
3487 3486 3488
3486 3529 3488
3360 3362 3530
3362 3531 3530
3493 3494 3532
3494 3533 3532
3495 3534 3494
3534 3533 3494
3376 3534 3377
3534 3495 3377
3438 3437 3441
3437 3509 3440
3509 3512 3440
3359 3509 3514
3352 3512 3509
3532 3533 3343
3533 3341 3343
3339 3341 3534
3341 3533 3534
3376 3337 3534
3337 3339 3534
3376 3378 3337
3378 3380 3337
3521 3433 3435
3351 3350 3535
3536 3537 3351
3537 3472 3351
3538 3366 3539
3366 3367 3539
3540 3538 3541
3538 3539 3541
3542 3405 3420
3405 3332 3420
3543 3411 3542
3411 3405 3542
3411 3543 3414
3543 3544 3414
3545 3416 3544
3416 3414 3544
3545 3318 3416
3318 3320 3416
3378 3459 3380
3459 3420 3380
3542 3420 3460
3420 3459 3460
3543 3542 3326
3542 3460 3326
3326 3325 3543
3325 3544 3543
3545 3544 3371
3544 3325 3371
3498 3499 3318
3499 3319 3318
3452 3546 3450
3547 3548 3549
3548 3550 3549
3551 3548 3552
3548 3547 3552
3553 3551 3554
3551 3552 3554
3553 3554 3555
3554 3556 3555
3557 3316 3558
3316 3315 3558
3559 3560 3561
3560 3562 3561
3475 3474 3560
3474 3562 3560
3561 3563 3559
3506 3504 3449
3508 3505 3449
3362 3363 3493
3363 3491 3493
3493 3532 3362
3532 3531 3362
3531 3532 3426
3425 3344 3564
3344 3403 3564
3358 3455 3403
3455 3564 3403
3455 3358 3357
3364 3366 3491
3366 3492 3491
3538 3496 3366
3496 3492 3366
3540 3497 3538
3497 3496 3538
3398 3399 3548
3399 3550 3548
3482 3481 3539
3481 3541 3539
3488 3547 3490
3547 3549 3490
3529 3552 3488
3552 3547 3488
3395 3565 3566
3565 3567 3566
3551 3527 3548
3527 3398 3548
3553 3526 3551
3526 3527 3551
3555 3525 3553
3525 3526 3553
3558 3315 3389
3315 3391 3389
3395 3568 3396
3569 3395 3321
3395 3566 3321
3549 3541 3490
3541 3481 3490
3550 3540 3549
3540 3541 3549
3399 3497 3550
3497 3540 3550
3379 3377 3399
3377 3497 3399
3340 3336 3342
3336 3402 3342
3334 3401 3336
3401 3402 3336
3334 3352 3401
3352 3359 3401
3483 3489 3481
3489 3490 3481
3570 3571 3489
3571 3487 3489
3323 3572 3321
3567 3565 3573
3566 3567 3570
3567 3571 3570
3321 3566 3322
3566 3570 3322
3400 3574 3482
3574 3484 3482
3482 3539 3400
3539 3367 3400
3489 3483 3570
3483 3322 3570
3483 3484 3322
3484 3324 3322
3574 3324 3484
3535 3356 3355
3355 3475 3536
3475 3537 3536
3560 3575 3475
3575 3537 3475
3576 3575 3559
3575 3560 3559
3563 3576 3559
3432 3577 3430
3577 3578 3430
3453 3455 3357
3515 3458 3357
3458 3453 3357
3434 3456 3515
3456 3458 3515
3433 3579 3434
3514 3357 3359
3580 3365 3364
3364 3491 3580
3491 3363 3580
3581 3582 3583
3584 3585 3582
3586 3587 3584
3587 3585 3584
3586 3588 3587
3588 3431 3587
3564 3455 3589
3455 3454 3589
3358 3401 3359
3360 3590 3591
3360 3530 3590
3530 3581 3590
3530 3592 3581
3592 3584 3581
3592 3593 3584
3593 3586 3584
3594 3595 3589
3454 3464 3589
3437 3440 3441
3409 3516 3407
3516 3406 3407
3516 3409 3517
3409 3446 3517
3517 3446 3447
3372 3390 3371
3390 3498 3371
3318 3545 3498
3545 3371 3498
3557 3596 3597
3598 3599 3554
3599 3556 3554
3386 3385 3567
3385 3571 3567
3385 3486 3571
3486 3487 3571
3556 3599 3600
3558 3555 3557
3555 3556 3557
3558 3389 3555
3389 3525 3555
3598 3529 3485
3529 3486 3485
3598 3554 3529
3554 3552 3529
3599 3598 3485
3360 3591 3361
3590 3581 3601
3580 3363 3502
3519 3443 3517
3522 3520 3435
3602 3522 3438
3579 3456 3434
3524 3602 3438
3524 3438 3441
3457 3428 3458
3501 3528 3444
3444 3511 3500
3480 3603 3477
3478 3604 3469
3603 3478 3477
3600 3596 3556
3596 3557 3556
3316 3557 3597
3315 3317 3605
3463 3315 3605
3463 3605 3606
3450 3546 3507
3447 3503 3518
3607 3391 3315
3608 3609 3391
3609 3392 3391
3391 3607 3610
3391 3610 3608
3609 3611 3392
3607 3315 3462
3567 3573 3386
3568 3395 3569
3395 3394 3565
3321 3572 3569
3612 3463 3613
3462 3463 3612
3581 3583 3601
3584 3582 3581
3441 3439 3349
3374 3439 3375
3439 3374 3349
3369 3373 3370
3373 3369 3535
3369 3368 3465
3467 3382 3466
3467 3471 3382
3471 3510 3477
3470 3510 3471
3510 3444 3477
3382 3471 3469
3535 3369 3356
3369 3465 3356
3373 3535 3374
3465 3368 3467
3373 3375 3513
3368 3345 3347
3373 3345 3370
3373 3513 3345
3368 3347 3468
3374 3535 3350
3465 3467 3466
3349 3523 3441
3349 3374 3350
3354 3356 3465
3354 3466 3381
3383 3469 3604
3351 3535 3536
3535 3355 3536
3471 3477 3469
3418 3320 3614
3320 3319 3614
3615 3595 3593
3586 3595 3588
3595 3594 3588
3594 3424 3588
3616 3617 3618
3617 3619 3618
3619 3424 3422
3577 3432 3588
3432 3431 3588
3615 3620 3595
3620 3589 3595
3424 3594 3464
3594 3589 3464
3464 3423 3424
3421 3429 3621
3429 3428 3621
3578 3617 3616
3617 3578 3577
3424 3577 3588
3424 3617 3577
3617 3424 3619
3421 3622 3623
3421 3624 3622
3421 3621 3624
3427 3429 3421
3623 3618 3422
3618 3619 3422
3623 3422 3421
3595 3586 3593
3592 3615 3593
3426 3532 3343
3531 3592 3530
3426 3615 3592
3426 3620 3615
3426 3592 3531
3426 3425 3620
3589 3620 3564
3620 3425 3564
3625 3626 3627
3628 3629 3630
3631 3632 3633
3632 3634 3633
3635 3636 3637
3636 3638 3637
3639 3640 3641
3640 3642 3641
3643 3644 3645
3644 3646 3645
3647 3648 3649
3648 3650 3649
3651 3652 3653
3652 3654 3653
3655 3656 3657
3656 3658 3657
3659 3660 3661
3662 3646 3663
3646 3644 3663
3664 3665 3666
3667 3668 3669
3670 3671 3672
3671 3673 3672
3674 3675 3676
3675 3677 3676
3678 3679 3680
3681 3637 3682
3637 3638 3682
3648 3647 3645
3647 3643 3645
3683 3684 3685
3686 3687 3688
3687 3689 3688
3648 3640 3650
3640 3690 3650
3691 3692 3693
3694 3695 3696
3697 3698 3655
3698 3656 3655
3699 3700 3701
3700 3681 3701
3701 3702 3699
3702 3703 3699
3704 3705 3706
3707 3686 3708
3686 3709 3708
3710 3675 3674
3711 3669 3712
3669 3713 3712
3714 3639 3715
3639 3641 3715
3716 3655 3717
3655 3657 3717
3718 3697 3716
3697 3655 3716
3718 3716 3719
3716 3720 3719
3721 3722 3715
3722 3714 3715
3722 3721 3723
3721 3724 3723
3725 3726 3727
3726 3629 3727
3726 3728 3629
3728 3729 3629
3730 3690 3639
3690 3640 3639
3712 3652 3711
3652 3651 3711
3731 3732 3733
3732 3734 3733
3651 3653 3735
3653 3736 3735
3737 3738 3739
3740 3741 3742
3743 3744 3745
3744 3746 3745
3745 3747 3743
3747 3748 3743
3684 3749 3750
3750 3749 3751
3752 3753 3754
3720 3755 3719
3755 3756 3719
3757 3758 3759
3758 3760 3759
3761 3757 3762
3763 3764 3765
3766 3767 3768
3763 3765 3737
3769 3709 3770
3709 3771 3770
3769 3770 3635
3770 3636 3635
3772 3773 3625
3731 3737 3732
3732 3737 3774
3737 3765 3774
3664 3775 3776
3777 3778 3678
3692 3779 3693
3777 3780 3778
3780 3781 3778
3679 3678 3658
3660 3782 3783
3784 3785 3666
3785 3664 3666
3785 3786 3664
3786 3691 3664
3786 3692 3691
3779 3787 3788
3789 3788 3790
3791 3792 3793
3792 3794 3793
3696 3795 3694
3795 3796 3694
3797 3798 3799
3798 3800 3799
3801 3802 3803
3802 3804 3803
3805 3806 3687
3806 3807 3687
3702 3701 3808
3701 3809 3808
3686 3688 3709
3688 3771 3709
3789 3753 3788
3810 3753 3811
3670 3812 3671
3813 3759 3814
3759 3760 3814
3815 3759 3816
3817 3759 3818
3817 3757 3759
3668 3819 3663
3723 3724 3727
3724 3725 3727
3756 3755 3758
3755 3760 3758
3752 3820 3753
3753 3821 3754
3822 3662 3823
3662 3663 3823
3659 3782 3660
3691 3693 3775
3824 3744 3825
3744 3743 3825
3752 3826 3781
3826 3717 3781
3827 3826 3752
3781 3717 3778
3717 3657 3778
3828 3827 3829
3737 3739 3763
3739 3767 3763
3743 3748 3825
3748 3819 3825
3684 3822 3749
3822 3823 3749
3662 3822 3656
3822 3658 3656
3825 3667 3824
3830 3745 3831
3832 3747 3745
3751 3833 3834
3659 3834 3782
3637 3681 3835
3681 3700 3835
3835 3836 3637
3836 3635 3637
3635 3836 3769
3836 3837 3769
3837 3708 3769
3708 3709 3769
3806 3802 3807
3802 3801 3807
3649 3654 3647
3654 3652 3647
3645 3642 3648
3642 3640 3648
3645 3646 3642
3646 3698 3642
3698 3646 3656
3646 3662 3656
3838 3753 3789
3828 3760 3827
3761 3726 3757
3761 3728 3726
3724 3756 3725
3756 3758 3725
3725 3758 3726
3758 3757 3726
3642 3698 3641
3698 3697 3641
3641 3697 3715
3697 3718 3715
3715 3718 3721
3718 3719 3721
3721 3719 3724
3719 3756 3724
3752 3754 3827
3752 3781 3820
3839 3795 3798
3795 3800 3798
3840 3672 3841
3672 3673 3841
3842 3801 3843
3801 3803 3843
3842 3844 3801
3844 3807 3801
3807 3844 3687
3844 3689 3687
3747 3751 3748
3823 3819 3749
3819 3748 3749
3668 3825 3819
3663 3819 3823
3654 3842 3653
3842 3843 3653
3842 3654 3844
3654 3649 3844
3649 3650 3844
3650 3689 3844
3690 3688 3650
3688 3689 3650
3831 3745 3746
3660 3845 3661
3783 3846 3660
3846 3847 3660
3674 3676 3848
3676 3849 3848
3848 3849 3850
3849 3851 3850
3639 3714 3730
3714 3852 3730
3714 3722 3852
3722 3853 3852
3854 3853 3723
3853 3722 3723
3723 3727 3854
3727 3855 3854
3629 3628 3727
3628 3855 3727
3730 3771 3690
3771 3688 3690
3771 3730 3770
3730 3852 3770
3770 3852 3636
3852 3853 3636
3854 3638 3853
3638 3636 3853
3638 3854 3682
3854 3855 3682
3630 3808 3628
3808 3809 3628
3762 3757 3856
3857 3858 3859
3858 3860 3859
3860 3858 3861
3858 3862 3861
3861 3862 3863
3862 3864 3863
3865 3863 3866
3863 3864 3866
3625 3627 3867
3627 3868 3867
3869 3870 3871
3870 3872 3871
3869 3785 3870
3785 3784 3870
3871 3872 3873
3816 3759 3813
3818 3759 3815
3804 3670 3803
3670 3672 3803
3840 3843 3672
3843 3803 3672
3840 3736 3843
3735 3874 3651
3874 3711 3651
3874 3764 3711
3764 3669 3711
3764 3667 3669
3802 3676 3804
3676 3677 3804
3802 3806 3676
3806 3849 3676
3806 3805 3849
3805 3851 3849
3857 3707 3858
3707 3708 3858
3850 3794 3848
3794 3792 3848
3859 3860 3797
3860 3798 3797
3860 3861 3798
3861 3839 3798
3875 3876 3877
3876 3706 3877
3708 3837 3858
3837 3862 3858
3837 3836 3862
3836 3864 3862
3836 3835 3864
3835 3866 3864
3699 3625 3700
3625 3867 3700
3706 3705 3878
3877 3706 3634
3706 3879 3634
3794 3850 3797
3850 3859 3797
3850 3851 3859
3851 3857 3859
3851 3805 3857
3805 3707 3857
3805 3687 3707
3687 3686 3707
3712 3643 3652
3643 3647 3652
3712 3713 3643
3713 3644 3643
3668 3663 3713
3663 3644 3713
3797 3799 3794
3799 3793 3794
3800 3880 3799
3880 3881 3799
3633 3634 3882
3875 3883 3876
3880 3875 3881
3875 3877 3881
3881 3877 3632
3877 3634 3632
3791 3884 3792
3884 3710 3792
3674 3848 3710
3848 3792 3710
3632 3793 3881
3793 3799 3881
3631 3791 3632
3791 3793 3632
3884 3791 3631
3845 3666 3665
3846 3784 3847
3784 3666 3847
3846 3885 3784
3885 3870 3784
3870 3885 3872
3885 3886 3872
3873 3872 3886
3741 3740 3887
3740 3888 3887
3763 3667 3764
3763 3767 3667
3767 3824 3667
3767 3766 3824
3766 3744 3824
3746 3744 3889
3825 3668 3667
3890 3677 3675
3670 3804 3890
3804 3677 3890
3891 3892 3893
3894 3893 3895
3895 3896 3894
3896 3897 3894
3742 3898 3896
3898 3897 3896
3765 3764 3899
3764 3874 3899
3669 3668 3713
3673 3900 3901
3891 3841 3901
3841 3673 3901
3894 3902 3891
3902 3841 3891
3897 3903 3894
3903 3902 3894
3904 3899 3905
3765 3899 3774
3748 3751 3749
3717 3826 3716
3826 3720 3716
3755 3720 3827
3720 3826 3827
3827 3760 3755
3809 3701 3682
3701 3681 3682
3682 3855 3809
3855 3628 3809
3868 3906 3907
3865 3908 3863
3908 3909 3863
3880 3696 3875
3696 3695 3875
3800 3795 3880
3795 3696 3880
3865 3910 3908
3865 3866 3868
3866 3867 3868
3835 3700 3866
3700 3867 3866
3795 3839 3796
3839 3909 3796
3861 3863 3839
3863 3909 3839
3908 3796 3909
3673 3671 3900
3901 3911 3891
3890 3812 3670
3829 3827 3754
3832 3745 3830
3912 3747 3832
3889 3744 3766
3833 3747 3912
3833 3751 3747
3768 3767 3739
3811 3753 3838
3753 3810 3821
3790 3788 3913
3787 3779 3914
3913 3788 3787
3868 3907 3865
3907 3910 3865
3627 3906 3868
3625 3915 3626
3773 3915 3625
3773 3916 3915
3757 3817 3856
3760 3828 3814
3917 3625 3699
3703 3918 3699
3918 3919 3699
3699 3920 3917
3699 3919 3920
3918 3703 3921
3917 3772 3625
3875 3695 3883
3878 3879 3706
3706 3876 3704
3634 3879 3882
3922 3923 3773
3772 3922 3773
3891 3911 3892
3894 3891 3893
3751 3659 3750
3685 3684 3750
3750 3659 3685
3680 3679 3683
3683 3845 3680
3680 3776 3678
3777 3775 3693
3777 3693 3780
3780 3788 3820
3781 3780 3820
3820 3788 3753
3693 3779 3780
3845 3665 3680
3680 3665 3776
3683 3685 3845
3776 3777 3678
3683 3822 3684
3678 3657 3658
3683 3679 3658
3683 3658 3822
3678 3778 3657
3685 3661 3845
3776 3775 3777
3659 3751 3834
3659 3661 3685
3664 3776 3665
3664 3691 3775
3692 3914 3779
3660 3847 3845
3845 3847 3666
3780 3779 3788
3630 3629 3924
3629 3729 3924
3925 3903 3905
3904 3905 3898
3905 3897 3898
3904 3898 3734
3926 3927 3928
3927 3929 3928
3926 3733 3734
3887 3898 3741
3741 3898 3742
3899 3930 3905
3930 3925 3905
3734 3774 3904
3774 3899 3904
3774 3734 3732
3731 3931 3738
3738 3931 3739
3888 3929 3927
3927 3887 3888
3734 3898 3887
3734 3887 3927
3927 3926 3734
3731 3932 3933
3731 3933 3934
3731 3934 3931
3737 3731 3738
3932 3733 3928
3733 3926 3928
3932 3731 3733
3905 3903 3897
3902 3903 3925
3736 3653 3843
3840 3841 3902
3736 3902 3925
3736 3925 3930
3736 3840 3902
3736 3930 3735
3899 3874 3930
3874 3735 3930
