byte offset: 0
first index: 0
index count: 15468
topology: trianglelist
format: DXGI_FORMAT_R16_UINT

0 1 2
0 2 3
4 5 6
4 6 7
8 9 10
8 10 11
12 13 14
12 14 15
16 17 9
16 9 8
3 2 18
3 18 19
15 14 17
15 17 16
20 21 22
20 22 23
24 25 26
24 26 27
28 29 30
28 30 31
32 33 34
32 34 35
36 37 38
36 38 39
40 41 42
43 44 45
43 45 46
47 48 49
47 49 50
51 52 53
51 53 54
55 56 57
55 57 58
59 60 61
59 61 62
63 64 65
63 65 66
67 68 69
67 69 70
71 72 73
71 73 74
75 76 77
75 77 78
79 80 61
79 61 60
81 82 83
81 83 84
84 83 85
84 85 86
87 88 89
87 89 90
23 22 91
23 91 92
93 94 29
93 29 28
95 96 97
95 97 98
74 73 37
74 37 36
99 100 101
102 103 72
102 72 71
78 77 104
78 104 105
106 70 69
106 69 107
108 109 110
108 110 111
112 113 114
112 114 115
46 45 116
46 116 117
118 119 44
118 44 43
120 121 122
120 122 123
124 125 126
124 126 127
66 65 128
66 128 129
130 131 1
130 1 0
132 133 94
132 94 93
134 135 136
117 116 137
117 137 138
136 135 103
136 103 102
138 137 41
138 41 40
111 110 80
111 80 79
139 140 109
139 109 108
141 142 131
141 131 130
19 18 143
19 143 144
145 146 147
145 147 148
144 143 147
144 147 146
27 26 21
27 21 20
86 85 25
86 25 24
90 89 82
90 82 81
123 122 5
123 5 4
149 150 151
7 6 142
7 142 141
152 52 51
152 51 153
34 133 132
34 132 35
30 154 155
30 155 31
97 33 32
97 32 98
126 156 157
126 157 127
114 76 75
114 75 115
53 113 112
53 112 54
104 48 47
104 47 105
49 158 159
49 159 50
106 107 140
106 140 139
160 59 62
160 62 161
162 163 164
165 166 163
165 163 162
165 167 168
167 169 168
165 168 166
100 99 170
100 170 171
170 145 148
170 148 171
172 173 174
172 174 175
175 174 176
176 177 178
176 178 179
179 178 180
179 180 181
181 180 182
181 182 183
184 185 186
184 186 187
187 186 188
187 188 189
189 188 173
190 191 192
190 192 193
193 192 194
177 194 195
177 195 178
178 195 196
178 196 180
180 196 197
180 197 182
185 198 199
185 199 186
186 199 200
186 200 188
188 200 190
174 193 177
173 190 174
188 190 173
192 201 194
191 202 201
191 201 192
200 202 191
203 204 205
206 207 203
206 203 208
209 210 211
209 211 212
213 207 206
213 206 214
215 213 214
215 214 216
217 218 219
217 219 220
221 222 223
221 223 224
225 226 227
225 227 228
229 230 226
229 226 225
231 232 230
231 230 229
205 204 232
205 232 231
202 232 204
202 204 201
200 230 232
200 232 202
199 226 230
199 230 200
198 227 226
198 226 199
196 213 233
196 233 197
195 207 213
195 213 196
194 203 207
194 207 195
204 203 194
204 194 201
234 235 236
234 236 237
238 239 236
238 240 241
238 241 239
240 242 243
240 243 241
242 244 245
242 245 243
246 247 248
246 248 249
247 250 251
247 251 248
250 234 237
252 253 254
252 254 255
253 239 256
239 241 257
239 257 256
241 243 258
241 258 257
243 245 259
243 259 258
249 248 260
249 260 261
248 251 262
248 262 260
252 255 262
263 175 176
263 176 264
264 176 179
264 179 265
265 179 181
265 181 266
266 181 183
266 183 267
268 184 187
268 187 269
187 189 270
187 270 269
270 189 172
270 172 271
271 172 175
271 175 263
236 239 253
236 253 252
251 237 252
254 256 272
255 254 272
255 272 273
262 255 273
274 275 276
274 276 277
278 277 279
280 281 282
280 282 283
284 285 281
284 281 280
286 287 285
286 285 284
288 289 287
288 287 286
290 291 289
290 289 292
276 275 290
276 290 292
272 256 292
272 292 288
292 256 257
292 257 276
276 257 258
276 258 277
277 258 259
277 259 279
283 261 260
283 260 280
280 260 262
280 262 284
284 262 273
284 273 286
286 273 272
286 272 288
293 294 295
296 297 298
299 300 301
299 301 302
203 205 303
203 303 208
215 233 213
289 288 292
278 304 274
278 274 277
209 305 210
293 306 307
293 307 294
219 308 220
309 296 298
309 298 310
174 177 176
190 193 174
200 191 190
235 238 236
237 236 252
251 252 262
193 194 177
253 256 254
189 173 172
250 237 251
234 271 263
234 263 235
235 263 264
235 264 238
238 264 265
238 265 240
240 265 266
240 266 242
242 266 267
242 267 244
246 268 269
246 269 247
270 250 247
270 247 269
250 270 271
250 271 234
311 312 313
311 313 314
312 315 313
315 316 317
315 317 318
316 319 320
316 320 317
319 321 322
319 322 320
323 324 325
323 325 326
324 327 328
324 328 325
327 314 328
329 330 331
329 331 332
330 333 331
318 317 334
318 334 333
317 320 335
317 335 334
320 322 336
320 336 335
326 325 337
326 337 338
325 328 339
325 339 337
328 329 339
313 318 330
314 313 329
328 314 329
331 333 340
332 331 340
332 340 341
339 332 341
342 343 344
345 346 342
345 342 347
348 349 350
348 350 351
352 353 345
352 345 347
354 355 353
354 353 352
356 357 358
356 358 359
360 361 362
360 362 363
364 365 366
364 366 367
368 364 367
368 367 369
370 368 369
370 369 371
343 370 371
343 371 344
341 340 344
341 344 371
339 341 371
339 371 369
337 339 369
337 369 367
338 337 367
338 367 366
335 336 372
335 372 352
334 335 352
334 352 347
333 334 347
333 347 342
344 340 333
344 333 342
373 374 375
373 375 376
377 375 378
377 378 379
377 379 380
380 379 381
380 381 382
382 381 383
382 383 384
385 386 387
385 387 388
388 387 389
388 389 390
390 374 373
391 392 393
391 393 394
394 395 378
378 395 396
378 396 379
379 396 397
379 397 381
381 397 398
381 398 383
386 399 400
386 400 387
387 400 401
387 401 389
391 401 392
402 403 315
402 315 312
403 404 316
403 316 315
404 405 319
404 319 316
405 406 321
405 321 319
407 408 324
407 324 323
324 408 409
324 409 327
409 410 311
409 311 327
410 402 312
410 312 311
375 394 378
375 391 394
389 391 374
393 411 395
392 412 411
392 411 393
401 412 392
413 414 415
413 415 416
417 418 414
419 420 421
419 421 422
423 419 422
423 422 424
425 423 424
425 424 426
427 425 426
427 426 428
429 430 428
429 428 431
415 430 429
415 429 416
411 427 430
411 430 395
430 415 396
430 396 395
415 414 397
415 397 396
414 418 398
414 398 397
420 419 400
420 400 399
419 423 401
419 401 400
423 425 412
423 412 401
425 427 411
425 411 412
432 433 434
435 436 437
438 439 440
438 440 441
342 346 442
342 442 343
354 352 372
428 430 427
417 414 413
417 413 443
348 351 444
432 434 445
432 445 446
358 357 447
448 449 436
448 436 435
313 315 318
329 313 330
339 329 332
376 375 377
374 391 375
389 401 391
330 318 333
394 393 395
327 311 314
390 389 374
373 376 402
373 402 410
376 377 403
376 403 402
377 380 404
377 404 403
380 382 405
380 405 404
382 384 406
382 406 405
385 388 408
385 408 407
409 408 388
409 388 390
390 373 410
390 410 409
450 451 452
450 452 453
454 455 456
454 456 457
458 459 460
458 460 461
462 463 464
462 464 465
466 467 468
466 468 469
470 471 472
470 472 473
474 475 476
474 476 477
478 479 480
478 480 481
482 483 484
482 484 485
486 487 488
486 488 489
490 465 464
490 464 491
492 482 485
492 485 493
494 454 457
494 457 495
496 478 481
496 481 497
498 490 491
498 491 499
497 500 501
497 501 496
502 494 495
502 495 503
504 492 493
504 493 505
473 504 505
473 505 470
451 502 503
451 503 452
500 474 477
500 477 501
459 498 499
459 499 460
506 507 508
506 508 509
510 511 512
510 512 513
514 515 516
514 516 517
518 519 520
518 520 521
522 523 524
522 524 525
526 527 528
526 528 529
530 531 532
530 532 533
534 535 536
534 536 537
538 539 540
538 540 541
542 543 544
542 544 545
546 547 520
546 520 519
548 549 539
548 539 538
550 551 511
550 511 510
552 553 535
552 535 534
554 555 547
554 547 546
553 552 556
553 556 557
558 559 551
558 551 550
560 561 549
560 549 548
527 526 561
527 561 560
509 508 559
509 559 558
557 556 531
557 531 530
517 516 555
517 555 554
562 563 564
562 564 565
563 566 567
563 567 564
566 568 569
566 569 567
570 571 572
570 572 573
571 574 575
571 575 572
574 562 565
574 565 575
576 577 578
576 578 579
580 581 577
580 577 576
582 583 581
582 581 580
584 585 586
584 586 587
588 589 585
588 585 584
579 578 589
579 589 588
590 591 592
590 592 593
592 594 595
592 595 593
595 594 596
595 596 597
597 596 598
597 598 599
600 601 602
600 602 603
603 602 604
603 604 605
605 604 606
605 606 607
607 606 608
607 608 609
609 608 610
609 610 611
611 610 612
611 612 613
613 612 614
613 614 615
615 614 616
615 616 617
617 616 618
617 618 619
620 621 622
620 622 623
623 622 624
623 624 625
625 624 626
625 626 627
627 626 628
627 628 629
629 628 630
629 630 631
631 630 591
631 591 590
632 633 634
635 633 636
637 638 639
640 638 641
642 643 644
645 646 647
648 649 650
651 652 649
653 633 652
637 641 638
645 654 646
635 639 638
655 649 646
635 638 633
655 650 649
632 636 633
648 656 649
653 634 633
653 652 657
651 657 652
651 649 656
640 644 643
640 643 638
642 647 646
642 646 643
572 584 587
572 587 573
658 659 660
658 660 661
565 579 588
565 588 575
564 576 579
564 579 565
567 580 576
567 576 564
569 582 580
569 580 567
616 662 663
616 663 618
614 664 662
614 662 616
612 665 664
612 664 614
610 666 665
610 665 612
608 667 666
608 666 610
606 668 667
606 667 608
604 669 668
604 668 606
602 670 669
602 669 604
601 671 670
601 670 602
596 672 673
596 673 598
594 674 672
594 672 596
675 674 594
675 594 592
591 676 675
591 675 592
630 677 676
630 676 591
628 678 677
628 677 630
626 679 678
626 678 628
624 680 679
624 679 626
622 681 680
622 680 624
621 682 681
621 681 622
618 621 620
618 620 619
663 682 621
663 621 618
654 655 646
683 684 685
685 684 686
686 684 687
687 684 688
688 684 689
689 684 690
690 684 691
691 684 692
692 684 693
693 684 694
695 684 696
696 684 697
697 684 698
698 684 699
699 684 700
700 684 701
701 684 702
702 684 683
703 704 705
703 705 706
706 705 707
706 707 708
708 707 709
708 709 710
711 712 713
711 713 714
714 713 715
714 715 716
716 715 704
716 704 703
717 718 719
717 719 720
721 717 720
721 720 722
723 721 722
723 722 724
725 726 727
725 727 728
729 725 728
729 728 730
718 729 730
718 730 719
731 732 733
731 733 734
733 732 735
733 735 736
735 737 738
735 738 736
737 739 740
737 740 738
741 742 743
741 743 744
742 745 746
742 746 743
745 747 748
745 748 746
747 749 750
747 750 748
749 751 752
749 752 750
751 753 754
751 754 752
753 755 756
753 756 754
755 757 758
755 758 756
757 759 760
757 760 758
761 762 763
761 763 764
762 765 766
762 766 763
765 767 768
765 768 766
767 769 770
767 770 768
769 771 772
769 772 770
771 731 734
771 734 772
773 774 775
776 777 775
778 779 780
781 782 780
783 784 785
786 787 788
789 790 791
792 791 793
794 793 775
778 780 782
786 788 795
776 780 779
796 788 791
776 775 780
796 791 790
773 775 777
789 791 797
794 775 774
794 798 793
792 793 798
792 797 791
781 785 784
781 780 785
783 788 787
783 785 788
713 712 726
713 726 725
799 800 801
799 801 802
704 715 729
704 729 718
705 704 718
705 718 717
707 705 717
707 717 721
709 707 721
709 721 723
758 760 803
758 803 804
756 758 804
756 804 805
754 756 805
754 805 806
752 754 806
752 806 807
750 752 807
750 807 808
748 750 808
748 808 809
746 748 809
746 809 810
743 746 810
743 810 811
744 743 811
744 811 812
738 740 813
738 813 814
736 738 814
736 814 815
816 733 736
816 736 815
734 733 816
734 816 817
772 734 817
772 817 818
770 772 818
770 818 819
768 770 819
768 819 820
766 768 820
766 820 821
763 766 821
763 821 822
764 763 822
764 822 823
760 759 761
760 761 764
803 760 764
803 764 823
795 788 796
824 825 826
825 827 826
827 828 826
828 829 826
829 830 826
830 831 826
831 832 826
832 833 826
833 834 826
834 835 826
836 837 826
837 838 826
838 839 826
839 840 826
840 841 826
841 842 826
842 843 826
843 824 826
844 845 846
844 846 847
847 846 848
848 849 850
848 850 851
851 850 852
851 852 853
853 852 854
853 854 855
856 857 858
856 858 859
859 858 860
859 860 861
861 860 845
862 863 864
862 864 865
865 864 866
849 866 867
849 867 850
850 867 868
850 868 852
852 868 869
852 869 854
857 870 871
857 871 858
858 871 872
858 872 860
860 872 862
846 865 849
845 862 846
860 862 845
864 873 866
863 874 873
863 873 864
872 874 863
875 876 877
878 879 875
878 875 880
881 882 883
881 883 884
885 879 878
885 878 886
887 885 886
887 886 888
889 890 891
889 891 892
893 894 895
893 895 896
897 898 899
897 899 900
901 902 898
901 898 897
903 904 902
903 902 901
877 876 904
877 904 903
874 904 876
874 876 873
872 902 904
872 904 874
871 898 902
871 902 872
870 899 898
870 898 871
868 885 905
868 905 869
867 879 885
867 885 868
866 875 879
866 879 867
876 875 866
876 866 873
906 907 908
906 908 909
910 911 908
910 912 913
910 913 911
912 914 915
912 915 913
914 916 917
914 917 915
918 919 920
918 920 921
919 922 923
919 923 920
922 906 909
924 925 926
924 926 927
925 911 928
911 913 929
911 929 928
913 915 930
913 930 929
915 917 931
915 931 930
921 920 932
921 932 933
920 923 934
920 934 932
924 927 934
935 847 848
935 848 936
936 848 851
936 851 937
937 851 853
937 853 938
938 853 855
938 855 939
940 856 859
940 859 941
859 861 942
859 942 941
942 861 844
942 844 943
943 844 847
943 847 935
908 911 925
908 925 924
923 909 924
926 928 944
927 926 944
927 944 945
934 927 945
946 947 948
946 948 949
950 949 951
952 953 954
952 954 955
956 957 953
956 953 952
958 959 957
958 957 956
960 961 959
960 959 958
962 963 961
962 961 964
948 947 962
948 962 964
944 928 964
944 964 960
964 928 929
964 929 948
948 929 930
948 930 949
949 930 931
949 931 951
955 933 932
955 932 952
952 932 934
952 934 956
956 934 945
956 945 958
958 945 944
958 944 960
965 966 967
968 969 970
971 972 973
971 973 974
875 877 975
875 975 880
887 905 885
961 960 964
950 976 946
950 946 949
881 977 882
965 978 979
965 979 966
891 980 892
981 968 970
981 970 982
846 849 848
862 865 846
872 863 862
907 910 908
909 908 924
923 924 934
865 866 849
925 928 926
861 845 844
922 909 923
906 943 935
906 935 907
907 935 936
907 936 910
910 936 937
910 937 912
912 937 938
912 938 914
914 938 939
914 939 916
918 940 941
918 941 919
942 922 919
942 919 941
922 942 943
922 943 906
983 984 985
983 985 986
984 987 985
987 988 989
987 989 990
988 991 992
988 992 989
991 993 994
991 994 992
995 996 997
995 997 998
996 999 1000
996 1000 997
999 986 1000
1001 1002 1003
1001 1003 1004
1002 1005 1003
990 989 1006
990 1006 1005
989 992 1007
989 1007 1006
992 994 1008
992 1008 1007
998 997 1009
998 1009 1010
997 1000 1011
997 1011 1009
1000 1001 1011
985 990 1002
986 985 1001
1000 986 1001
1003 1005 1012
1004 1003 1012
1004 1012 1013
1011 1004 1013
1014 1015 1016
1017 1018 1014
1017 1014 1019
1020 1021 1022
1020 1022 1023
1024 1025 1017
1024 1017 1019
1026 1027 1025
1026 1025 1024
1028 1029 1030
1028 1030 1031
1032 1033 1034
1032 1034 1035
1036 1037 1038
1036 1038 1039
1040 1036 1039
1040 1039 1041
1042 1040 1041
1042 1041 1043
1015 1042 1043
1015 1043 1016
1013 1012 1016
1013 1016 1043
1011 1013 1043
1011 1043 1041
1009 1011 1041
1009 1041 1039
1010 1009 1039
1010 1039 1038
1007 1008 1044
1007 1044 1024
1006 1007 1024
1006 1024 1019
1005 1006 1019
1005 1019 1014
1016 1012 1005
1016 1005 1014
1045 1046 1047
1045 1047 1048
1049 1047 1050
1049 1050 1051
1049 1051 1052
1052 1051 1053
1052 1053 1054
1054 1053 1055
1054 1055 1056
1057 1058 1059
1057 1059 1060
1060 1059 1061
1060 1061 1062
1062 1046 1045
1063 1064 1065
1063 1065 1066
1066 1067 1050
1050 1067 1068
1050 1068 1051
1051 1068 1069
1051 1069 1053
1053 1069 1070
1053 1070 1055
1058 1071 1072
1058 1072 1059
1059 1072 1073
1059 1073 1061
1063 1073 1064
1074 1075 987
1074 987 984
1075 1076 988
1075 988 987
1076 1077 991
1076 991 988
1077 1078 993
1077 993 991
1079 1080 996
1079 996 995
996 1080 1081
996 1081 999
1081 1082 983
1081 983 999
1082 1074 984
1082 984 983
1047 1066 1050
1047 1063 1066
1061 1063 1046
1065 1083 1067
1064 1084 1083
1064 1083 1065
1073 1084 1064
1085 1086 1087
1085 1087 1088
1089 1090 1086
1091 1092 1093
1091 1093 1094
1095 1091 1094
1095 1094 1096
1097 1095 1096
1097 1096 1098
1099 1097 1098
1099 1098 1100
1101 1102 1100
1101 1100 1103
1087 1102 1101
1087 1101 1088
1083 1099 1102
1083 1102 1067
1102 1087 1068
1102 1068 1067
1087 1086 1069
1087 1069 1068
1086 1090 1070
1086 1070 1069
1092 1091 1072
1092 1072 1071
1091 1095 1073
1091 1073 1072
1095 1097 1084
1095 1084 1073
1097 1099 1083
1097 1083 1084
1104 1105 1106
1107 1108 1109
1110 1111 1112
1110 1112 1113
1014 1018 1114
1014 1114 1015
1026 1024 1044
1100 1102 1099
1089 1086 1085
1089 1085 1115
1020 1023 1116
1104 1106 1117
1104 1117 1118
1030 1029 1119
1120 1121 1108
1120 1108 1107
985 987 990
1001 985 1002
1011 1001 1004
1048 1047 1049
1046 1063 1047
1061 1073 1063
1002 990 1005
1066 1065 1067
999 983 986
1062 1061 1046
1045 1048 1074
1045 1074 1082
1048 1049 1075
1048 1075 1074
1049 1052 1076
1049 1076 1075
1052 1054 1077
1052 1077 1076
1054 1056 1078
1054 1078 1077
1057 1060 1080
1057 1080 1079
1081 1080 1060
1081 1060 1062
1062 1045 1082
1062 1082 1081
1122 1123 1124
1122 1124 1125
1126 1127 1128
1126 1128 1129
1130 1131 1132
1130 1132 1133
1134 1135 1136
1134 1136 1137
1138 1139 1140
1138 1140 1141
1142 1143 1144
1142 1144 1145
1146 1147 1148
1146 1148 1149
1150 1151 1152
1150 1152 1153
1154 1155 1156
1154 1156 1157
1158 1159 1160
1158 1160 1161
1162 1137 1136
1162 1136 1163
1164 1154 1157
1164 1157 1165
1166 1126 1129
1166 1129 1167
1168 1150 1153
1168 1153 1169
1170 1162 1163
1170 1163 1171
1169 1172 1173
1169 1173 1168
1174 1166 1167
1174 1167 1175
1176 1164 1165
1176 1165 1177
1145 1176 1177
1145 1177 1142
1123 1174 1175
1123 1175 1124
1172 1146 1149
1172 1149 1173
1131 1170 1171
1131 1171 1132
1178 1179 1180
1178 1180 1181
1182 1183 1184
1182 1184 1185
1186 1187 1188
1186 1188 1189
1190 1191 1192
1190 1192 1193
1194 1195 1196
1194 1196 1197
1198 1199 1200
1198 1200 1201
1202 1203 1204
1202 1204 1205
1206 1207 1208
1206 1208 1209
1210 1211 1212
1210 1212 1213
1214 1215 1216
1214 1216 1217
1218 1219 1192
1218 1192 1191
1220 1221 1211
1220 1211 1210
1222 1223 1183
1222 1183 1182
1224 1225 1207
1224 1207 1206
1226 1227 1219
1226 1219 1218
1225 1224 1228
1225 1228 1229
1230 1231 1223
1230 1223 1222
1232 1233 1221
1232 1221 1220
1199 1198 1233
1199 1233 1232
1181 1180 1231
1181 1231 1230
1229 1228 1203
1229 1203 1202
1189 1188 1227
1189 1227 1226
1234 1235 1236
1234 1236 1237
1235 1238 1239
1235 1239 1236
1238 1240 1241
1238 1241 1239
1242 1243 1244
1242 1244 1245
1243 1246 1247
1243 1247 1244
1246 1234 1237
1246 1237 1247
1248 1249 1250
1248 1250 1251
1252 1253 1249
1252 1249 1248
1254 1255 1253
1254 1253 1252
1256 1257 1258
1256 1258 1259
1260 1261 1257
1260 1257 1256
1251 1250 1261
1251 1261 1260
1262 1263 1264
1262 1264 1265
1264 1266 1267
1264 1267 1265
1267 1266 1268
1267 1268 1269
1269 1268 1270
1269 1270 1271
1272 1273 1274
1272 1274 1275
1275 1274 1276
1275 1276 1277
1277 1276 1278
1277 1278 1279
1279 1278 1280
1279 1280 1281
1281 1280 1282
1281 1282 1283
1283 1282 1284
1283 1284 1285
1285 1284 1286
1285 1286 1287
1287 1286 1288
1287 1288 1289
1289 1288 1290
1289 1290 1291
1292 1293 1294
1292 1294 1295
1295 1294 1296
1295 1296 1297
1297 1296 1298
1297 1298 1299
1299 1298 1300
1299 1300 1301
1301 1300 1302
1301 1302 1303
1303 1302 1263
1303 1263 1262
1304 1305 1306
1307 1305 1308
1309 1310 1311
1312 1310 1313
1314 1315 1316
1317 1318 1319
1320 1321 1322
1323 1324 1321
1325 1305 1324
1309 1313 1310
1317 1326 1318
1307 1311 1310
1327 1321 1318
1307 1310 1305
1327 1322 1321
1304 1308 1305
1320 1328 1321
1325 1306 1305
1325 1324 1329
1323 1329 1324
1323 1321 1328
1312 1316 1315
1312 1315 1310
1314 1319 1318
1314 1318 1315
1244 1256 1259
1244 1259 1245
1247 1260 1256
1247 1256 1244
1237 1251 1260
1237 1260 1247
1236 1248 1251
1236 1251 1237
1239 1252 1248
1239 1248 1236
1241 1254 1252
1241 1252 1239
1288 1330 1331
1288 1331 1290
1286 1332 1330
1286 1330 1288
1284 1333 1332
1284 1332 1286
1282 1334 1333
1282 1333 1284
1280 1335 1334
1280 1334 1282
1278 1336 1335
1278 1335 1280
1276 1337 1336
1276 1336 1278
1274 1338 1337
1274 1337 1276
1273 1339 1338
1273 1338 1274
1268 1340 1341
1268 1341 1270
1266 1342 1340
1266 1340 1268
1343 1342 1266
1343 1266 1264
1263 1344 1343
1263 1343 1264
1302 1345 1344
1302 1344 1263
1300 1346 1345
1300 1345 1302
1298 1347 1346
1298 1346 1300
1296 1348 1347
1296 1347 1298
1294 1349 1348
1294 1348 1296
1293 1350 1349
1293 1349 1294
1290 1293 1292
1290 1292 1291
1331 1350 1293
1331 1293 1290
1326 1327 1318
1351 1352 1353
1353 1352 1354
1354 1352 1355
1355 1352 1356
1356 1352 1357
1357 1352 1358
1358 1352 1359
1359 1352 1360
1360 1352 1361
1361 1352 1362
1363 1352 1364
1364 1352 1365
1365 1352 1366
1366 1352 1367
1367 1352 1368
1368 1352 1369
1369 1352 1370
1370 1352 1351
1371 1372 1373
1371 1373 1374
1374 1373 1375
1374 1375 1376
1376 1375 1377
1376 1377 1378
1379 1380 1381
1379 1381 1382
1382 1381 1383
1382 1383 1384
1384 1383 1372
1384 1372 1371
1385 1386 1387
1385 1387 1388
1389 1385 1388
1389 1388 1390
1391 1389 1390
1391 1390 1392
1393 1394 1395
1393 1395 1396
1397 1393 1396
1397 1396 1398
1386 1397 1398
1386 1398 1387
1399 1400 1401
1399 1401 1402
1401 1400 1403
1401 1403 1404
1403 1405 1406
1403 1406 1404
1405 1407 1408
1405 1408 1406
1409 1410 1411
1409 1411 1412
1410 1413 1414
1410 1414 1411
1413 1415 1416
1413 1416 1414
1415 1417 1418
1415 1418 1416
1417 1419 1420
1417 1420 1418
1419 1421 1422
1419 1422 1420
1421 1423 1424
1421 1424 1422
1423 1425 1426
1423 1426 1424
1425 1427 1428
1425 1428 1426
1429 1430 1431
1429 1431 1432
1430 1433 1434
1430 1434 1431
1433 1435 1436
1433 1436 1434
1435 1437 1438
1435 1438 1436
1437 1439 1440
1437 1440 1438
1439 1399 1402
1439 1402 1440
1441 1442 1443
1444 1445 1443
1446 1447 1448
1449 1450 1448
1451 1452 1453
1454 1455 1456
1457 1458 1459
1460 1459 1461
1462 1461 1443
1446 1448 1450
1454 1456 1463
1444 1448 1447
1464 1456 1459
1444 1443 1448
1464 1459 1458
1441 1443 1445
1457 1459 1465
1462 1443 1442
1462 1466 1461
1460 1461 1466
1460 1465 1459
1449 1453 1452
1449 1448 1453
1451 1456 1455
1451 1453 1456
1381 1380 1394
1381 1394 1393
1383 1381 1393
1383 1393 1397
1372 1383 1397
1372 1397 1386
1373 1372 1386
1373 1386 1385
1375 1373 1385
1375 1385 1389
1377 1375 1389
1377 1389 1391
1426 1428 1467
1426 1467 1468
1424 1426 1468
1424 1468 1469
1422 1424 1469
1422 1469 1470
1420 1422 1470
1420 1470 1471
1418 1420 1471
1418 1471 1472
1416 1418 1472
1416 1472 1473
1414 1416 1473
1414 1473 1474
1411 1414 1474
1411 1474 1475
1412 1411 1475
1412 1475 1476
1406 1408 1477
1406 1477 1478
1404 1406 1478
1404 1478 1479
1480 1401 1404
1480 1404 1479
1402 1401 1480
1402 1480 1481
1440 1402 1481
1440 1481 1482
1438 1440 1482
1438 1482 1483
1436 1438 1483
1436 1483 1484
1434 1436 1484
1434 1484 1485
1431 1434 1485
1431 1485 1486
1432 1431 1486
1432 1486 1487
1428 1427 1429
1428 1429 1432
1467 1428 1432
1467 1432 1487
1463 1456 1464
1488 1489 1490
1489 1491 1490
1491 1492 1490
1492 1493 1490
1493 1494 1490
1494 1495 1490
1495 1496 1490
1496 1497 1490
1497 1498 1490
1498 1499 1490
1500 1501 1490
1501 1502 1490
1502 1503 1490
1503 1504 1490
1504 1505 1490
1505 1506 1490
1506 1507 1490
1507 1488 1490
1508 1509 1510
1508 1510 1511
1509 1512 1510
1512 1513 1514
1512 1514 1515
1513 1516 1517
1513 1517 1514
1516 1518 1519
1516 1519 1517
1520 1521 1522
1520 1522 1523
1521 1524 1525
1521 1525 1522
1524 1511 1525
1526 1527 1528
1526 1528 1529
1527 1530 1528
1515 1514 1531
1515 1531 1530
1514 1517 1532
1514 1532 1531
1517 1519 1533
1517 1533 1532
1523 1522 1534
1523 1534 1535
1522 1525 1536
1522 1536 1534
1525 1526 1536
1510 1515 1527
1511 1510 1526
1525 1511 1526
1528 1530 1537
1529 1528 1537
1529 1537 1538
1536 1529 1538
1539 1540 1541
1542 1543 1539
1542 1539 1544
1545 1546 1547
1545 1547 1548
1549 1550 1542
1549 1542 1544
1551 1552 1550
1551 1550 1549
1553 1554 1555
1553 1555 1556
1557 1558 1559
1557 1559 1560
1561 1562 1563
1561 1563 1564
1565 1561 1564
1565 1564 1566
1567 1565 1566
1567 1566 1568
1540 1567 1568
1540 1568 1541
1538 1537 1541
1538 1541 1568
1536 1538 1568
1536 1568 1566
1534 1536 1566
1534 1566 1564
1535 1534 1564
1535 1564 1563
1532 1533 1569
1532 1569 1549
1531 1532 1549
1531 1549 1544
1530 1531 1544
1530 1544 1539
1541 1537 1530
1541 1530 1539
1570 1571 1572
1570 1572 1573
1574 1572 1575
1574 1575 1576
1574 1576 1577
1577 1576 1578
1577 1578 1579
1579 1578 1580
1579 1580 1581
1582 1583 1584
1582 1584 1585
1585 1584 1586
1585 1586 1587
1587 1571 1570
1588 1589 1590
1588 1590 1591
1591 1592 1575
1575 1592 1593
1575 1593 1576
1576 1593 1594
1576 1594 1578
1578 1594 1595
1578 1595 1580
1583 1596 1597
1583 1597 1584
1584 1597 1598
1584 1598 1586
1588 1598 1589
1599 1600 1512
1599 1512 1509
1600 1601 1513
1600 1513 1512
1601 1602 1516
1601 1516 1513
1602 1603 1518
1602 1518 1516
1604 1605 1521
1604 1521 1520
1521 1605 1606
1521 1606 1524
1606 1607 1508
1606 1508 1524
1607 1599 1509
1607 1509 1508
1572 1591 1575
1572 1588 1591
1586 1588 1571
1590 1608 1592
1589 1609 1608
1589 1608 1590
1598 1609 1589
1610 1611 1612
1610 1612 1613
1614 1615 1611
1616 1617 1618
1616 1618 1619
1620 1616 1619
1620 1619 1621
1622 1620 1621
1622 1621 1623
1624 1622 1623
1624 1623 1625
1626 1627 1625
1626 1625 1628
1612 1627 1626
1612 1626 1613
1608 1624 1627
1608 1627 1592
1627 1612 1593
1627 1593 1592
1612 1611 1594
1612 1594 1593
1611 1615 1595
1611 1595 1594
1617 1616 1597
1617 1597 1596
1616 1620 1598
1616 1598 1597
1620 1622 1609
1620 1609 1598
1622 1624 1608
1622 1608 1609
1629 1630 1631
1632 1633 1634
1635 1636 1637
1635 1637 1638
1539 1543 1639
1539 1639 1540
1551 1549 1569
1625 1627 1624
1614 1611 1610
1614 1610 1640
1545 1548 1641
1629 1631 1642
1629 1642 1643
1555 1554 1644
1645 1646 1633
1645 1633 1632
1510 1512 1515
1526 1510 1527
1536 1526 1529
1573 1572 1574
1571 1588 1572
1586 1598 1588
1527 1515 1530
1591 1590 1592
1524 1508 1511
1587 1586 1571
1570 1573 1599
1570 1599 1607
1573 1574 1600
1573 1600 1599
1574 1577 1601
1574 1601 1600
1577 1579 1602
1577 1602 1601
1579 1581 1603
1579 1603 1602
1582 1585 1605
1582 1605 1604
1606 1605 1585
1606 1585 1587
1587 1570 1607
1587 1607 1606
1647 1648 1649
1647 1649 1650
1651 1652 1653
1651 1653 1654
1655 1656 1657
1655 1657 1658
1659 1660 1661
1659 1661 1662
1663 1664 1665
1663 1665 1666
1667 1668 1669
1667 1669 1670
1671 1672 1673
1671 1673 1674
1675 1676 1677
1675 1677 1678
1679 1680 1681
1679 1681 1682
1683 1684 1685
1683 1685 1686
1687 1662 1661
1687 1661 1688
1689 1679 1682
1689 1682 1690
1691 1651 1654
1691 1654 1692
1693 1675 1678
1693 1678 1694
1695 1687 1688
1695 1688 1696
1694 1697 1698
1694 1698 1693
1699 1691 1692
1699 1692 1700
1701 1689 1690
1701 1690 1702
1670 1701 1702
1670 1702 1667
1648 1699 1700
1648 1700 1649
1697 1671 1674
1697 1674 1698
1656 1695 1696
1656 1696 1657
1703 1704 1705
1703 1705 1706
1704 1707 1708
1704 1708 1705
1707 1709 1710
1707 1710 1708
1711 1712 1713
1711 1713 1714
1712 1715 1716
1712 1716 1713
1715 1703 1706
1715 1706 1716
1717 1718 1719
1717 1719 1720
1721 1722 1718
1721 1718 1717
1723 1724 1722
1723 1722 1721
1725 1726 1727
1725 1727 1728
1729 1730 1726
1729 1726 1725
1720 1719 1730
1720 1730 1729
1731 1732 1733
1731 1733 1734
1733 1735 1736
1733 1736 1734
1736 1735 1737
1736 1737 1738
1738 1737 1739
1738 1739 1740
1741 1742 1743
1741 1743 1744
1744 1743 1745
1744 1745 1746
1746 1745 1747
1746 1747 1748
1748 1747 1749
1748 1749 1750
1750 1749 1751
1750 1751 1752
1752 1751 1753
1752 1753 1754
1754 1753 1755
1754 1755 1756
1756 1755 1757
1756 1757 1758
1758 1757 1759
1758 1759 1760
1761 1762 1763
1761 1763 1764
1764 1763 1765
1764 1765 1766
1766 1765 1767
1766 1767 1768
1768 1767 1769
1768 1769 1770
1770 1769 1771
1770 1771 1772
1772 1771 1732
1772 1732 1731
1773 1774 1775
1776 1774 1777
1778 1779 1780
1781 1779 1782
1783 1784 1785
1786 1787 1788
1789 1790 1791
1792 1793 1790
1794 1774 1793
1778 1782 1779
1786 1795 1787
1776 1780 1779
1796 1790 1787
1776 1779 1774
1796 1791 1790
1773 1777 1774
1789 1797 1790
1794 1775 1774
1794 1793 1798
1792 1798 1793
1792 1790 1797
1781 1785 1784
1781 1784 1779
1783 1788 1787
1783 1787 1784
1713 1725 1728
1713 1728 1714
1716 1729 1725
1716 1725 1713
1706 1720 1729
1706 1729 1716
1705 1717 1720
1705 1720 1706
1708 1721 1717
1708 1717 1705
1710 1723 1721
1710 1721 1708
1757 1799 1800
1757 1800 1759
1755 1801 1799
1755 1799 1757
1753 1802 1801
1753 1801 1755
1751 1803 1802
1751 1802 1753
1749 1804 1803
1749 1803 1751
1747 1805 1804
1747 1804 1749
1745 1806 1805
1745 1805 1747
1743 1807 1806
1743 1806 1745
1742 1808 1807
1742 1807 1743
1737 1809 1810
1737 1810 1739
1735 1811 1809
1735 1809 1737
1812 1811 1735
1812 1735 1733
1732 1813 1812
1732 1812 1733
1771 1814 1813
1771 1813 1732
1769 1815 1814
1769 1814 1771
1767 1816 1815
1767 1815 1769
1765 1817 1816
1765 1816 1767
1763 1818 1817
1763 1817 1765
1762 1819 1818
1762 1818 1763
1759 1762 1761
1759 1761 1760
1800 1819 1762
1800 1762 1759
1795 1796 1787
1820 1821 1822
1822 1821 1823
1823 1821 1824
1824 1821 1825
1825 1821 1826
1826 1821 1827
1827 1821 1828
1828 1821 1829
1829 1821 1830
1830 1821 1831
1832 1821 1833
1833 1821 1834
1834 1821 1835
1835 1821 1836
1836 1821 1837
1837 1821 1838
1838 1821 1839
1839 1821 1820
1840 1841 1842
1840 1842 1843
1843 1842 1844
1843 1844 1845
1845 1844 1846
1845 1846 1847
1848 1849 1850
1848 1850 1851
1851 1850 1852
1851 1852 1853
1853 1852 1841
1853 1841 1840
1854 1855 1856
1854 1856 1857
1858 1854 1857
1858 1857 1859
1860 1858 1859
1860 1859 1861
1862 1863 1864
1862 1864 1865
1866 1862 1865
1866 1865 1867
1855 1866 1867
1855 1867 1856
1868 1869 1870
1868 1870 1871
1870 1869 1872
1870 1872 1873
1872 1874 1875
1872 1875 1873
1874 1876 1877
1874 1877 1875
1878 1879 1880
1878 1880 1881
1879 1882 1883
1879 1883 1880
1882 1884 1885
1882 1885 1883
1884 1886 1887
1884 1887 1885
1886 1888 1889
1886 1889 1887
1888 1890 1891
1888 1891 1889
1890 1892 1893
1890 1893 1891
1892 1894 1895
1892 1895 1893
1894 1896 1897
1894 1897 1895
1898 1899 1900
1898 1900 1901
1899 1902 1903
1899 1903 1900
1902 1904 1905
1902 1905 1903
1904 1906 1907
1904 1907 1905
1906 1908 1909
1906 1909 1907
1908 1868 1871
1908 1871 1909
1910 1911 1912
1913 1914 1912
1915 1916 1917
1918 1919 1917
1920 1921 1922
1923 1924 1925
1926 1927 1928
1929 1928 1930
1931 1930 1912
1915 1917 1919
1923 1925 1932
1913 1917 1916
1933 1925 1928
1913 1912 1917
1933 1928 1927
1910 1912 1914
1926 1928 1934
1931 1912 1911
1931 1935 1930
1929 1930 1935
1929 1934 1928
1918 1922 1921
1918 1917 1922
1920 1925 1924
1920 1922 1925
1850 1849 1863
1850 1863 1862
1852 1850 1862
1852 1862 1866
1841 1852 1866
1841 1866 1855
1842 1841 1855
1842 1855 1854
1844 1842 1854
1844 1854 1858
1846 1844 1858
1846 1858 1860
1895 1897 1936
1895 1936 1937
1893 1895 1937
1893 1937 1938
1891 1893 1938
1891 1938 1939
1889 1891 1939
1889 1939 1940
1887 1889 1940
1887 1940 1941
1885 1887 1941
1885 1941 1942
1883 1885 1942
1883 1942 1943
1880 1883 1943
1880 1943 1944
1881 1880 1944
1881 1944 1945
1875 1877 1946
1875 1946 1947
1873 1875 1947
1873 1947 1948
1949 1870 1873
1949 1873 1948
1871 1870 1949
1871 1949 1950
1909 1871 1950
1909 1950 1951
1907 1909 1951
1907 1951 1952
1905 1907 1952
1905 1952 1953
1903 1905 1953
1903 1953 1954
1900 1903 1954
1900 1954 1955
1901 1900 1955
1901 1955 1956
1897 1896 1898
1897 1898 1901
1936 1897 1901
1936 1901 1956
1932 1925 1933
1957 1958 1959
1958 1960 1959
1960 1961 1959
1961 1962 1959
1962 1963 1959
1963 1964 1959
1964 1965 1959
1965 1966 1959
1966 1967 1959
1967 1968 1959
1969 1970 1959
1970 1971 1959
1971 1972 1959
1972 1973 1959
1973 1974 1959
1974 1975 1959
1975 1976 1959
1976 1957 1959
1977 1978 1979
1977 1979 1980
1981 1982 1983
1981 1983 1984
1985 1986 1987
1985 1987 1988
1989 1990 1991
1989 1991 1992
1993 1985 1988
1993 1988 1994
1978 1995 1996
1978 1996 1979
1990 1993 1994
1990 1994 1991
1997 1998 1999
1997 1999 2000
2001 2002 2003
2001 2003 2004
2005 2006 2007
2005 2007 2008
2009 2010 2011
2009 2011 2012
2013 2014 2015
2013 2015 2016
2017 2018 2019
2020 2021 2022
2020 2022 2023
2024 2025 2026
2024 2026 2027
2028 2029 2030
2028 2030 2031
2032 2033 2034
2032 2034 2035
2036 2037 2038
2036 2038 2039
2040 2041 2042
2040 2042 2043
2044 2045 2046
2044 2046 2047
2048 2049 2050
2048 2050 2051
2052 2053 2054
2052 2054 2055
2056 2037 2036
2056 2036 2057
2058 2059 2060
2058 2060 2061
2059 2062 2063
2059 2063 2060
2064 2065 2066
2064 2066 2067
1998 2068 2069
1998 2069 1999
2070 2005 2008
2070 2008 2071
2072 2073 2074
2072 2074 2075
2049 2013 2016
2049 2016 2050
2076 2077 2078
2079 2048 2051
2079 2051 2080
2053 2081 2082
2053 2082 2054
2046 2045 2083
2046 2083 2084
2085 2086 2087
2085 2087 2088
2089 2090 2091
2089 2091 2092
2021 2093 2094
2021 2094 2022
2095 2020 2023
2095 2023 2096
2097 2098 2099
2097 2099 2100
2101 2102 2103
2101 2103 2104
2041 2105 2106
2041 2106 2042
2107 1977 1980
2107 1980 2108
2109 2070 2071
2109 2071 2110
2111 2112 2113
2093 2114 2115
2093 2115 2094
2112 2079 2080
2112 2080 2113
2114 2017 2019
2114 2019 2115
2086 2056 2057
2086 2057 2087
2116 2085 2088
2116 2088 2117
2118 2107 2108
2118 2108 2119
1995 2120 2121
1995 2121 1996
2122 2123 2124
2122 2124 2125
2120 2123 2122
2120 2122 2121
2002 1997 2000
2002 2000 2003
2062 2001 2004
2062 2004 2063
2065 2058 2061
2065 2061 2066
2098 1981 1984
2098 1984 2099
2126 2097 2100
2126 2100 2127
1982 2118 2119
1982 2119 1983
2128 2129 2028
2128 2028 2031
2011 2010 2109
2011 2109 2110
2007 2006 2130
2007 2130 2131
2074 2073 2009
2074 2009 2012
2103 2102 2132
2103 2132 2133
2091 2090 2052
2091 2052 2055
2030 2029 2089
2030 2089 2092
2082 2081 2024
2082 2024 2027
2026 2025 2134
2026 2134 2135
2083 2116 2117
2083 2117 2084
2039 2038 2136
2039 2136 2137
2138 2139 2140
2140 2141 2142
2140 2142 2138
2142 2143 2144
2144 2143 2145
2142 2141 2143
2078 2146 2147
2078 2147 2076
2125 2124 2147
2125 2147 2146
2148 2149 2150
2148 2150 2151
2152 2153 2154
2155 2156 2157
2155 2157 2158
2159 2160 2161
2159 2161 2162
2163 2159 2162
2163 2162 2164
2165 2166 2156
2165 2156 2155
2161 2167 2168
2160 2169 2167
2160 2167 2161
2152 2170 2153
2162 2171 2172
2162 2172 2164
2173 2171 2162
2158 2157 2174
2158 2174 2175
2171 2176 2172
2177 2178 2166
2177 2166 2165
2179 2180 2166
2179 2166 2178
2181 2182 2183
2181 2183 2184
2181 2184 2166
2181 2166 2180
2185 2186 2187
2185 2187 2188
2189 2183 2182
2189 2182 2190
2191 2159 2163
2191 2163 2192
2193 2160 2159
2193 2159 2191
2194 2169 2160
2194 2160 2193
2195 2152 2174
2170 2195 2196
2189 2190 2197
2189 2197 2198
2153 2191 2192
2153 2192 2199
2170 2193 2191
2170 2191 2153
2194 2193 2170
2194 2170 2196
2197 2188 2198
2182 2200 2201
2182 2201 2190
2180 2202 2203
2186 2204 2205
2150 2205 2206
2202 2207 2208
2197 2209 2210
2197 2210 2185
2211 2200 2182
2211 2182 2181
2210 2212 2213
2210 2213 2204
2210 2209 2214
2210 2214 2212
2201 2215 2214
2201 2214 2209
2216 2200 2211
2216 2211 2217
2202 2218 2219
2202 2219 2203
2206 2220 2151
2206 2151 2150
2221 2222 2223
2221 2223 2224
2169 2225 2149
2169 2149 2167
2226 2169 2194
2198 2227 2194
2198 2194 2196
2189 2198 2196
2189 2196 2195
2228 2183 2189
2228 2189 2195
2157 2156 2184
2166 2184 2156
2206 2229 2230
2206 2230 2220
2231 2224 2229
2232 2176 2171
2233 2232 2171
2233 2171 2173
2234 2235 2148
2234 2148 2151
2236 2237 2238
2239 2240 2241
2209 2197 2190
2209 2190 2201
2242 2207 2179
2242 2178 2177
2242 2179 2178
2243 2207 2244
2170 2152 2195
2174 2152 2154
2174 2154 2175
2245 2238 2246
2231 2205 2204
2204 2213 2247
2204 2247 2231
2226 2225 2169
2227 2226 2194
2216 2215 2201
2216 2201 2200
2248 2249 2250
2248 2250 2251
2237 2248 2251
2245 2236 2238
2220 2251 2250
2251 2220 2230
2222 2240 2239
2239 2241 2252
2238 2239 2252
2238 2252 2246
2237 2251 2238
2239 2238 2223
2220 2250 2151
2228 2174 2157
2228 2157 2184
2228 2184 2183
2153 2199 2154
2195 2174 2228
2250 2249 2234
2250 2234 2151
2149 2148 2253
2254 2168 2253
2254 2253 2255
2254 2233 2173
2254 2173 2168
2235 2255 2253
2235 2253 2148
2253 2168 2167
2173 2161 2168
2167 2149 2253
2161 2173 2162
2224 2247 2221
2223 2238 2251
2223 2251 2230
2229 2224 2223
2229 2223 2230
2231 2229 2206
2222 2239 2223
2211 2181 2180
2211 2180 2203
2219 2217 2211
2219 2211 2203
2232 2256 2176
2150 2257 2205
2205 2231 2206
2186 2185 2210
2186 2210 2204
2205 2257 2186
2150 2149 2258
2149 2225 2258
2226 2187 2258
2258 2257 2150
2258 2225 2226
2188 2187 2226
2188 2226 2227
2187 2257 2258
2197 2185 2188
2188 2227 2198
2187 2186 2257
2259 2260 2261
2259 2261 2262
2263 2264 2265
2263 2265 2266
2267 2268 2269
2266 2265 2270
2266 2270 2271
2272 2273 2274
2275 2276 2277
2271 2278 2279
2271 2279 2266
2280 2281 2282
2283 2284 2265
2265 2284 2285
2265 2285 2270
2286 2287 2288
2286 2288 2289
2290 2291 2292
2290 2292 2293
2294 2295 2296
2294 2296 2297
2276 2298 2299
2300 2301 2302
2302 2287 2286
2302 2286 2303
2304 2305 2306
2304 2306 2307
2308 2309 2310
2308 2310 2311
2312 2313 2314
2312 2314 2315
2316 2270 2285
2316 2285 2317
2271 2270 2316
2271 2316 2318
2318 2319 2278
2318 2278 2271
2320 2321 2322
2320 2322 2323
2307 2324 2304
2325 2326 2324
2325 2324 2307
2327 2320 2305
2327 2305 2304
2266 2279 2328
2266 2328 2263
2329 2330 2331
2305 2332 2333
2305 2333 2306
2334 2335 2260
2334 2260 2259
2336 2337 2338
2336 2338 2339
2340 2337 2336
2340 2336 2341
2342 2343 2340
2261 2315 2314
2340 2343 2319
2340 2319 2318
2294 2259 2262
2294 2262 2344
2334 2259 2294
2334 2294 2297
2287 2336 2339
2287 2339 2288
2341 2336 2287
2341 2287 2302
2302 2342 2341
2345 2275 2277
2267 2346 2347
2267 2347 2298
2272 2348 2349
2272 2349 2269
2312 2350 2351
2312 2351 2274
2352 2350 2312
2352 2312 2315
2260 2315 2261
2291 2345 2353
2291 2353 2292
2354 2347 2346
2348 2355 2349
2355 2351 2356
2356 2350 2352
2356 2352 2357
2357 2352 2260
2357 2260 2335
2293 2292 2354
2293 2354 2358
2355 2359 2358
2355 2358 2354
2359 2355 2356
2359 2356 2360
2360 2356 2357
2360 2357 2361
2362 2363 2335
2362 2335 2334
2362 2334 2297
2362 2297 2364
2365 2289 2288
2365 2288 2364
2366 2367 2275
2366 2275 2291
2329 2331 2368
2369 2370 2371
2369 2371 2372
2373 2366 2291
2373 2291 2290
2374 2295 2294
2374 2294 2344
2375 2376 2377
2303 2286 2282
2303 2282 2311
2282 2286 2289
2282 2289 2280
2280 2289 2365
2280 2365 2378
2296 2378 2365
2297 2296 2365
2297 2365 2364
2379 2373 2290
2379 2290 2380
2380 2290 2293
2380 2293 2381
2381 2293 2358
2381 2358 2283
2359 2284 2283
2359 2283 2358
2284 2359 2360
2284 2360 2285
2317 2285 2360
2317 2360 2361
2339 2338 2363
2339 2363 2362
2288 2339 2362
2288 2362 2364
2382 2375 2383
2382 2383 2384
2385 2382 2384
2385 2384 2386
2376 2382 2385
2377 2295 2374
2377 2374 2387
2376 2296 2295
2376 2295 2377
2378 2296 2376
2372 2329 2388
2372 2388 2369
2307 2306 2389
2307 2389 2325
2370 2379 2380
2370 2380 2371
2283 2265 2264
2283 2264 2390
2306 2333 2391
2306 2391 2389
2390 2392 2381
2390 2381 2283
2393 2329 2372
2393 2372 2394
2393 2330 2329
2372 2371 2392
2372 2392 2394
2264 2389 2391
2264 2391 2390
2325 2389 2264
2325 2264 2263
2328 2326 2325
2328 2325 2263
2371 2380 2381
2371 2381 2392
2332 2330 2393
2391 2333 2393
2391 2393 2394
2392 2390 2391
2392 2391 2394
2330 2395 2331
2323 2322 2395
2323 2395 2330
2332 2393 2333
2311 2282 2281
2311 2281 2308
2280 2378 2396
2281 2280 2396
2397 2398 2399
2378 2376 2385
2302 2301 2342
2361 2357 2335
2361 2335 2363
2317 2361 2363
2317 2363 2338
2338 2337 2316
2338 2316 2317
2318 2316 2337
2318 2337 2340
2342 2340 2341
2327 2321 2320
2305 2320 2323
2305 2323 2332
2332 2323 2330
2324 2327 2304
2385 2386 2400
2385 2400 2401
2396 2385 2401
2396 2401 2402
2403 2281 2396
2403 2396 2402
2399 2404 2405
2406 2407 2408
2409 2403 2410
2409 2308 2281
2409 2281 2403
2309 2308 2409
2399 2401 2400
2399 2400 2404
2402 2401 2399
2402 2399 2408
2410 2403 2402
2410 2402 2408
2407 2410 2408
2398 2408 2399
2397 2399 2405
2404 2411 2405
2398 2406 2408
2404 2412 2411
2329 2368 2388
2387 2413 2377
2375 2413 2414
2377 2413 2375
2375 2382 2376
2298 2347 2353
2298 2353 2299
2276 2268 2298
2354 2292 2347
2268 2267 2298
2292 2353 2347
2269 2349 2346
2269 2346 2267
2273 2272 2269
2268 2273 2269
2354 2346 2349
2355 2354 2349
2277 2299 2353
2277 2353 2345
2276 2299 2277
2291 2275 2345
2274 2351 2348
2274 2348 2272
2313 2312 2274
2273 2313 2274
2355 2348 2351
2351 2350 2356
2260 2352 2315
2300 2302 2303
2300 2303 2415
2303 2311 2310
2303 2310 2415
2202 2180 2179
2202 2179 2207
2207 2243 2208
2208 2218 2202
2207 2242 2244
2231 2247 2224
2416 2417 2418
2416 2418 2419
2420 2421 2422
2420 2422 2423
2424 2425 2426
2424 2426 2427
2428 2424 2427
2428 2427 2429
2430 2431 2432
2430 2432 2433
2434 2430 2433
2434 2433 2435
2436 2434 2435
2436 2435 2437
2438 2436 2437
2438 2437 2439
2440 2441 2438
2440 2438 2439
2442 2443 2444
2442 2444 2445
2446 2447 2443
2446 2443 2442
2444 2448 2449
2444 2449 2445
2448 2441 2440
2448 2440 2449
2423 2422 2450
2423 2450 2451
2419 2418 2452
2419 2452 2453
2451 2450 2454
2451 2454 2455
2454 2417 2416
2454 2416 2455
2456 2421 2420
2456 2420 2457
2426 2425 2456
2426 2456 2457
2458 2459 2460
2458 2460 2461
2462 2463 2464
2462 2464 2465
2463 2466 2467
2463 2467 2464
2459 2468 2469
2459 2469 2460
2468 2462 2465
2468 2465 2469
2466 2470 2471
2466 2471 2467
2472 2473 2474
2472 2474 2475
2470 2476 2477
2470 2477 2471
2478 2458 2461
2478 2461 2479
2480 2481 2482
2480 2482 2483
2473 2484 2485
2473 2485 2474
2476 2472 2475
2476 2475 2477
2482 2481 2486
2482 2486 2487
2484 2480 2483
2484 2483 2485
2488 2489 2490
2488 2490 2491
2492 2493 2494
2492 2494 2495
2495 2494 2496
2495 2496 2497
2491 2490 2498
2491 2498 2499
2499 2498 2493
2499 2493 2492
2497 2496 2500
2497 2500 2501
2502 2503 2504
2502 2504 2505
2501 2500 2506
2501 2506 2507
2508 2509 2489
2508 2489 2488
2510 2511 2512
2510 2512 2513
2505 2504 2514
2505 2514 2515
2507 2506 2503
2507 2503 2502
2516 2513 2512
2516 2512 2517
2515 2514 2511
2515 2511 2510
2518 2519 2520
2518 2520 2521
2518 2428 2429
2518 2429 2519
2431 2521 2520
2431 2520 2432
2522 2523 2524
2522 2524 2525
2526 2527 2528
2529 2530 2531
2529 2531 2532
2533 2534 2535
2533 2535 2536
2537 2538 2534
2537 2534 2533
2539 2529 2532
2539 2532 2540
2535 2541 2542
2536 2535 2542
2536 2542 2543
2526 2528 2544
2534 2538 2545
2534 2545 2546
2547 2534 2546
2530 2548 2549
2530 2549 2531
2546 2545 2550
2551 2539 2540
2551 2540 2552
2553 2552 2540
2553 2540 2554
2555 2556 2557
2555 2557 2558
2555 2554 2540
2555 2540 2556
2559 2560 2561
2559 2561 2562
2563 2564 2558
2563 2558 2557
2565 2566 2537
2565 2537 2533
2567 2565 2533
2567 2533 2536
2568 2567 2536
2568 2536 2543
2569 2549 2526
2544 2570 2569
2571 2564 2563
2571 2563 2572
2528 2573 2566
2528 2566 2565
2544 2528 2565
2544 2565 2567
2568 2570 2544
2568 2544 2567
2571 2572 2560
2558 2564 2574
2558 2574 2575
2554 2576 2577
2562 2578 2579
2524 2580 2578
2577 2581 2582
2571 2559 2583
2571 2583 2584
2585 2555 2558
2585 2558 2575
2583 2579 2586
2583 2586 2587
2583 2587 2588
2583 2588 2584
2574 2584 2588
2574 2588 2589
2590 2591 2585
2590 2585 2575
2577 2576 2592
2577 2592 2593
2523 2594 2580
2523 2580 2524
2595 2596 2597
2595 2597 2598
2543 2542 2525
2543 2525 2599
2600 2568 2543
2572 2570 2568
2572 2568 2601
2563 2569 2570
2563 2570 2572
2602 2569 2563
2602 2563 2557
2531 2556 2532
2540 2532 2556
2580 2594 2603
2580 2603 2604
2605 2604 2596
2606 2546 2550
2607 2547 2546
2607 2546 2606
2608 2523 2522
2608 2522 2609
2610 2611 2612
2613 2614 2615
2584 2574 2564
2584 2564 2571
2616 2553 2582
2616 2551 2552
2616 2552 2553
2617 2618 2582
2544 2569 2526
2549 2548 2527
2549 2527 2526
2619 2620 2611
2605 2579 2578
2579 2605 2621
2579 2621 2586
2600 2543 2599
2601 2568 2600
2590 2575 2574
2590 2574 2589
2622 2623 2624
2622 2624 2625
2612 2623 2622
2619 2611 2610
2594 2624 2623
2623 2603 2594
2598 2613 2615
2613 2626 2614
2611 2620 2626
2611 2626 2613
2612 2611 2623
2613 2597 2611
2594 2523 2624
2602 2531 2549
2602 2557 2556
2602 2556 2531
2528 2527 2573
2569 2602 2549
2624 2608 2625
2624 2523 2608
2525 2627 2522
2628 2629 2627
2628 2627 2541
2628 2541 2547
2628 2547 2607
2609 2522 2627
2609 2627 2629
2627 2542 2541
2547 2541 2535
2542 2627 2525
2535 2534 2547
2596 2595 2621
2597 2623 2611
2597 2603 2623
2604 2603 2597
2604 2597 2596
2605 2580 2604
2598 2597 2613
2585 2576 2554
2585 2554 2555
2592 2576 2585
2592 2585 2591
2606 2550 2630
2524 2578 2631
2578 2580 2605
2562 2579 2583
2562 2583 2559
2578 2562 2631
2524 2632 2525
2525 2632 2599
2600 2632 2561
2632 2524 2631
2632 2600 2599
2600 2561 2560
2600 2560 2601
2561 2632 2631
2571 2560 2559
2560 2572 2601
2561 2631 2562
2633 2634 2635
2633 2635 2636
2637 2638 2639
2637 2639 2640
2641 2642 2643
2638 2644 2645
2638 2645 2639
2646 2647 2648
2649 2650 2651
2644 2638 2652
2644 2652 2653
2654 2655 2656
2657 2639 2658
2639 2645 2659
2639 2659 2658
2660 2661 2662
2660 2662 2663
2664 2665 2666
2664 2666 2667
2668 2669 2670
2668 2670 2671
2651 2672 2673
2674 2675 2676
2675 2677 2660
2675 2660 2663
2678 2679 2680
2678 2680 2681
2682 2683 2684
2682 2684 2685
2686 2687 2688
2686 2688 2689
2690 2691 2659
2690 2659 2645
2644 2692 2690
2644 2690 2645
2692 2644 2653
2692 2653 2693
2694 2695 2696
2694 2696 2697
2679 2678 2698
2699 2679 2698
2699 2698 2700
2701 2678 2681
2701 2681 2694
2638 2637 2702
2638 2702 2652
2703 2704 2705
2681 2680 2706
2681 2706 2707
2708 2633 2636
2708 2636 2709
2710 2711 2712
2710 2712 2713
2714 2715 2710
2714 2710 2713
2716 2714 2717
2635 2688 2687
2714 2692 2693
2714 2693 2717
2668 2718 2634
2668 2634 2633
2708 2669 2668
2708 2668 2633
2663 2662 2711
2663 2711 2710
2715 2675 2663
2715 2663 2710
2675 2715 2716
2719 2650 2649
2641 2673 2720
2641 2720 2721
2646 2642 2722
2646 2722 2723
2686 2647 2724
2686 2724 2725
2726 2687 2686
2726 2686 2725
2636 2635 2687
2667 2666 2727
2667 2727 2719
2728 2721 2720
2723 2722 2729
2729 2730 2724
2730 2731 2726
2730 2726 2725
2731 2709 2636
2731 2636 2726
2665 2732 2728
2665 2728 2666
2729 2728 2732
2729 2732 2733
2733 2734 2730
2733 2730 2729
2734 2735 2731
2734 2731 2730
2736 2708 2709
2736 2709 2737
2736 2738 2669
2736 2669 2708
2739 2738 2662
2739 2662 2661
2740 2667 2649
2740 2649 2741
2703 2742 2704
2743 2744 2745
2743 2745 2746
2747 2664 2667
2747 2667 2740
2748 2718 2668
2748 2668 2671
2749 2750 2751
2677 2683 2655
2677 2655 2660
2655 2654 2661
2655 2661 2660
2654 2752 2739
2654 2739 2661
2670 2739 2752
2669 2738 2739
2669 2739 2670
2753 2754 2664
2753 2664 2747
2754 2755 2665
2754 2665 2664
2755 2657 2732
2755 2732 2665
2733 2732 2657
2733 2657 2658
2658 2659 2734
2658 2734 2733
2691 2735 2734
2691 2734 2659
2711 2736 2737
2711 2737 2712
2662 2738 2736
2662 2736 2711
2756 2757 2758
2756 2758 2749
2759 2760 2757
2759 2757 2756
2751 2759 2756
2750 2761 2748
2750 2748 2671
2751 2750 2671
2751 2671 2670
2752 2751 2670
2744 2743 2762
2744 2762 2703
2679 2699 2763
2679 2763 2680
2746 2745 2754
2746 2754 2753
2657 2764 2640
2657 2640 2639
2680 2763 2765
2680 2765 2706
2764 2657 2755
2764 2755 2766
2767 2768 2744
2767 2744 2703
2767 2703 2705
2744 2768 2766
2744 2766 2745
2640 2764 2765
2640 2765 2763
2699 2637 2640
2699 2640 2763
2702 2637 2699
2702 2699 2700
2745 2766 2755
2745 2755 2754
2707 2767 2705
2765 2768 2767
2765 2767 2706
2766 2768 2765
2766 2765 2764
2705 2704 2769
2695 2705 2769
2695 2769 2696
2707 2706 2767
2683 2682 2656
2683 2656 2655
2654 2770 2752
2656 2770 2654
2771 2772 2773
2752 2770 2759
2675 2716 2676
2735 2737 2709
2735 2709 2731
2691 2712 2737
2691 2737 2735
2712 2691 2690
2712 2690 2713
2692 2714 2713
2692 2713 2690
2716 2715 2714
2701 2694 2697
2681 2707 2695
2681 2695 2694
2707 2705 2695
2698 2678 2701
2759 2774 2775
2759 2775 2760
2770 2776 2774
2770 2774 2759
2777 2776 2770
2777 2770 2656
2772 2778 2779
2780 2781 2782
2783 2784 2777
2783 2777 2656
2783 2656 2682
2685 2783 2682
2772 2779 2775
2772 2775 2774
2776 2781 2772
2776 2772 2774
2784 2781 2776
2784 2776 2777
2782 2781 2784
2773 2772 2781
2771 2778 2772
2779 2778 2785
2773 2781 2780
2779 2785 2786
2703 2762 2742
2761 2750 2787
2749 2758 2788
2750 2749 2787
2749 2751 2756
2727 2720 2673
2727 2673 2672
2651 2673 2643
2728 2720 2666
2643 2673 2641
2666 2720 2727
2721 2722 2642
2721 2642 2641
2648 2642 2646
2643 2642 2648
2728 2722 2721
2729 2722 2728
2650 2719 2727
2650 2727 2672
2651 2650 2672
2667 2719 2649
2723 2724 2647
2723 2647 2646
2689 2647 2686
2648 2647 2689
2729 2724 2723
2724 2730 2725
2636 2687 2726
2677 2675 2674
2677 2674 2789
2677 2789 2684
2677 2684 2683
2577 2582 2553
2577 2553 2554
2582 2581 2617
2581 2577 2593
2582 2618 2616
2605 2596 2621
149 151 121
149 121 120
2126 2127 2790
2791 2792 2793
2791 2793 2794
2795 2796 2797
2795 2797 2798
2799 2800 2801
2799 2801 2802
2803 2795 2798
2803 2798 2804
2805 2806 2807
2805 2807 2808
2809 2810 2811
2809 2811 2812
2792 2791 2813
2792 2813 2814
2815 2816 2817
2794 2793 2818
2794 2818 2819
2820 2821 2822
2800 2823 2824
2800 2824 2801
2808 2807 2810
2808 2810 2809
2798 2797 2825
2798 2825 2826
2820 2822 2827
2815 2817 2828
2829 2824 2823
2829 2823 2830
2831 2797 2796
2831 2796 2832
2815 2833 2816
2817 2816 2834
2817 2834 2835
2822 2821 2825
2822 2825 2836
2837 2821 2820
2833 2838 2839
2833 2839 2840
2837 2841 2842
2837 2842 2826
2816 2833 2840
2816 2840 2834
2827 2822 2836
2827 2836 2843
2832 2844 2845
2832 2845 2831
2819 2818 2846
2819 2846 2847
2828 2817 2835
2828 2835 2848
2830 2849 2850
2830 2850 2829
2851 2852 2812
2851 2812 2811
2820 2841 2837
2815 2838 2833
2819 2847 2844
2819 2844 2832
2805 2808 2800
2805 2800 2799
2809 2823 2800
2809 2800 2808
2830 2823 2809
2830 2809 2812
2812 2852 2849
2812 2849 2830
2813 2791 2795
2813 2795 2803
2791 2794 2796
2791 2796 2795
2832 2796 2794
2832 2794 2819
2826 2825 2821
2826 2821 2837
2835 2834 2824
2835 2824 2829
2826 2842 2804
2826 2804 2798
2848 2835 2829
2848 2829 2850
2836 2825 2797
2836 2797 2831
2840 2839 2802
2840 2802 2801
2834 2840 2801
2834 2801 2824
2843 2836 2831
2843 2831 2845
2853 2854 2793
2853 2793 2792
2855 2856 2857
2855 2857 2858
2859 2860 2861
2859 2861 2862
2863 2864 2856
2863 2856 2855
2865 2866 2807
2865 2807 2806
2867 2868 2811
2867 2811 2810
2792 2814 2869
2792 2869 2853
2870 2871 2872
2854 2873 2818
2854 2818 2793
2874 2875 2876
2862 2861 2877
2862 2877 2878
2866 2867 2810
2866 2810 2807
2856 2879 2880
2856 2880 2857
2874 2881 2875
2870 2882 2871
2883 2884 2878
2883 2878 2877
2885 2886 2858
2885 2858 2857
2870 2872 2887
2871 2888 2889
2871 2889 2872
2875 2890 2880
2875 2880 2876
2891 2874 2876
2887 2892 2893
2887 2893 2894
2891 2879 2895
2891 2895 2896
2872 2889 2892
2872 2892 2887
2881 2897 2890
2881 2890 2875
2886 2885 2898
2886 2898 2899
2873 2900 2846
2873 2846 2818
2882 2901 2888
2882 2888 2871
2884 2883 2902
2884 2902 2903
2851 2811 2868
2851 2868 2904
2874 2891 2896
2870 2887 2894
2873 2886 2899
2873 2899 2900
2865 2859 2862
2865 2862 2866
2867 2866 2862
2867 2862 2878
2884 2868 2867
2884 2867 2878
2868 2884 2903
2868 2903 2904
2869 2863 2855
2869 2855 2853
2853 2855 2858
2853 2858 2854
2886 2873 2854
2886 2854 2858
2879 2891 2876
2879 2876 2880
2888 2883 2877
2888 2877 2889
2879 2856 2864
2879 2864 2895
2901 2902 2883
2901 2883 2888
2890 2885 2857
2890 2857 2880
2892 2861 2860
2892 2860 2893
2889 2877 2861
2889 2861 2892
2897 2898 2885
2897 2885 2890
2905 2906 2907
2905 2907 2908
2908 2907 2909
2909 2910 2911
2909 2911 2912
2912 2911 2913
2912 2913 2914
2914 2913 2915
2914 2915 2916
2917 2918 2919
2917 2919 2920
2920 2919 2921
2920 2921 2922
2922 2921 2906
2923 2924 2925
2923 2925 2926
2926 2925 2927
2910 2927 2928
2910 2928 2911
2911 2928 2929
2911 2929 2913
2913 2929 2930
2913 2930 2915
2918 2931 2932
2918 2932 2919
2919 2932 2933
2919 2933 2921
2921 2933 2923
2907 2926 2910
2906 2923 2907
2921 2923 2906
2925 2934 2927
2924 2935 2934
2924 2934 2925
2933 2935 2924
2936 2937 2938
2939 2940 2936
2939 2936 2941
2942 2943 2944
2942 2944 2945
2946 2940 2939
2946 2939 2947
2948 2946 2947
2948 2947 2949
2950 2951 2952
2950 2952 2953
2954 2955 2956
2954 2956 2957
2958 2959 2960
2958 2960 2961
2962 2963 2959
2962 2959 2958
2964 2965 2963
2964 2963 2962
2938 2937 2965
2938 2965 2964
2935 2965 2937
2935 2937 2934
2933 2963 2965
2933 2965 2935
2932 2959 2963
2932 2963 2933
2931 2960 2959
2931 2959 2932
2929 2946 2966
2929 2966 2930
2928 2940 2946
2928 2946 2929
2927 2936 2940
2927 2940 2928
2937 2936 2927
2937 2927 2934
2967 2968 2969
2967 2969 2970
2971 2972 2969
2971 2973 2974
2971 2974 2972
2973 2975 2976
2973 2976 2974
2975 2977 2978
2975 2978 2976
2979 2980 2981
2979 2981 2982
2980 2983 2984
2980 2984 2981
2983 2967 2970
2985 2986 2987
2985 2987 2988
2986 2972 2989
2972 2974 2990
2972 2990 2989
2974 2976 2991
2974 2991 2990
2976 2978 2992
2976 2992 2991
2982 2981 2993
2982 2993 2994
2981 2984 2995
2981 2995 2993
2985 2988 2995
2996 2908 2909
2996 2909 2997
2997 2909 2912
2997 2912 2998
2998 2912 2914
2998 2914 2999
2999 2914 2916
2999 2916 3000
3001 2917 2920
3001 2920 3002
2920 2922 3003
2920 3003 3002
3003 2922 2905
3003 2905 3004
3004 2905 2908
3004 2908 2996
2969 2972 2986
2969 2986 2985
2984 2970 2985
2987 2989 3005
2988 2987 3005
2988 3005 3006
2995 2988 3006
3007 3008 3009
3007 3009 3010
3011 3010 3012
3013 3014 3015
3013 3015 3016
3017 3018 3014
3017 3014 3013
3019 3020 3018
3019 3018 3017
3021 3022 3020
3021 3020 3019
3023 3024 3022
3023 3022 3025
3009 3008 3023
3009 3023 3025
3005 2989 3025
3005 3025 3021
3025 2989 2990
3025 2990 3009
3009 2990 2991
3009 2991 3010
3010 2991 2992
3010 2992 3012
3016 2994 2993
3016 2993 3013
3013 2993 2995
3013 2995 3017
3017 2995 3006
3017 3006 3019
3019 3006 3005
3019 3005 3021
3026 3027 3028
3029 3030 3031
3032 3033 3034
3032 3034 3035
2936 2938 3036
2936 3036 2941
2948 2966 2946
3022 3021 3025
3011 3037 3007
3011 3007 3010
2942 3038 2943
3026 3039 3040
3026 3040 3027
2952 3041 2953
3042 3029 3031
3042 3031 3043
2907 2910 2909
2923 2926 2907
2933 2924 2923
2968 2971 2969
2970 2969 2985
2984 2985 2995
2926 2927 2910
2986 2989 2987
2922 2906 2905
2983 2970 2984
2967 3004 2996
2967 2996 2968
2968 2996 2997
2968 2997 2971
2971 2997 2998
2971 2998 2973
2973 2998 2999
2973 2999 2975
2975 2999 3000
2975 3000 2977
2979 3001 3002
2979 3002 2980
3003 2983 2980
3003 2980 3002
2983 3003 3004
2983 3004 2967
3044 3045 3046
3044 3046 3047
3048 3049 3050
3048 3050 3051
3052 3053 3054
3052 3054 3055
3056 3057 3058
3056 3058 3059
3060 3061 3062
3060 3062 3063
3064 3065 3066
3064 3066 3067
3068 3069 3070
3068 3070 3071
3072 3073 3074
3072 3074 3075
3076 3077 3078
3076 3078 3079
3080 3081 3082
3080 3082 3083
3084 3085 3058
3084 3058 3057
3086 3087 3077
3086 3077 3076
3088 3089 3049
3088 3049 3048
3090 3091 3073
3090 3073 3072
3092 3093 3085
3092 3085 3084
3091 3090 3094
3091 3094 3095
3096 3097 3089
3096 3089 3088
3098 3099 3087
3098 3087 3086
3065 3064 3099
3065 3099 3098
3047 3046 3097
3047 3097 3096
3095 3094 3069
3095 3069 3068
3055 3054 3093
3055 3093 3092
3100 3101 3102
3100 3102 3103
3104 3105 3106
3104 3106 3107
3107 3106 3108
3107 3108 3109
3109 3108 3110
3110 3108 3111
3110 3111 3112
3112 3111 3113
3113 3111 3114
3113 3114 3115
3115 3114 3116
3116 3114 3117
3116 3117 3118
3118 3117 3119
3119 3117 3120
3119 3120 3121
3120 3122 3123
3120 3123 3121
3124 3122 3125
3124 3125 3126
3126 3125 3127
3128 3129 3130
3130 3131 3132
3130 3132 3128
3133 3132 3131
3134 3135 3136
3134 3136 3137
3138 3134 3137
3139 3138 3137
3139 3137 3140
3141 3139 3140
3142 3141 3140
3142 3140 3143
3144 3142 3143
3145 3144 3143
3145 3143 3146
3147 3145 3146
3101 3147 3146
3101 3146 3102
3133 3131 3136
3133 3136 3135
3122 3124 3123
3148 3149 3150
3148 3150 3151
3152 3153 3154
3152 3154 3155
3156 3157 3158
3156 3158 3159
3160 3161 3157
3160 3157 3156
2430 3162 3163
2430 3163 3164
2434 3165 3162
2434 3162 2430
2436 3166 3165
2436 3165 2434
2438 3167 3166
2438 3166 2436
3168 3167 2438
3168 2438 3169
3170 3171 3172
3170 3172 3173
3174 3170 3173
3174 3173 2447
3172 3171 3175
3172 3175 3176
3176 3175 3168
3176 3168 3169
3153 3177 3178
3153 3178 3154
3149 3179 3180
3149 3180 3150
3177 3181 3182
3177 3182 3178
3182 3181 3148
3182 3148 3151
3183 3184 3152
3183 3152 3155
3158 3184 3183
3158 3183 3159
3185 3186 3187
3185 3187 3188
3188 3187 3161
3188 3161 3160
3164 3163 3186
3164 3186 3185
2378 2385 2396
2752 2759 2751
3189 2487 2486
3189 2486 3190
2516 2517 3191
2516 3191 3192
2383 2414 3193
2375 2414 2383
2788 2758 3194
2749 2788 2787
3127 3195 3196
3127 3125 3195
3195 3129 3196
3130 3129 3195
3197 2040 2043
3197 2043 3198
3199 3200 64
3199 64 63
3201 3202 3203
3202 3204 3203
3203 3205 3201
3203 3206 3205
3207 3203 3204
3203 3207 3208
3209 3210 3211
3209 3211 3212
3213 3214 3215
3213 3215 3216
3217 3218 3209
3217 3209 3212
3219 3220 3218
3219 3218 3217
3215 3214 3221
3215 3221 3222
3213 3210 3202
3213 3202 3201
3207 3204 3209
3207 3209 3218
3207 3218 3220
3207 3220 3208
3210 3209 3204
3210 3204 3202
3214 3213 3201
3214 3201 3205
3205 3206 3221
3205 3221 3214
3223 3224 3219
3223 3219 3217
3223 3217 3212
3223 3212 3225
3226 3225 3212
3226 3212 3211
3215 3227 3228
3215 3228 3216
3229 3227 3215
3229 3215 3222
3216 3228 3226
3216 3226 3211
3213 3216 3211
3213 3211 3210
3230 3231 3232
3233 3234 3231
3235 3236 3231
3237 3238 3239
3240 3241 3242
3243 3244 3242
3231 3230 3245
3231 3245 3233
3234 3246 3247
3237 3244 3238
3248 3236 3227
3236 3235 3228
3235 3247 3225
3247 3249 3225
3249 3239 3223
3225 3249 3223
3250 3251 3252
3230 3232 3251
3232 3248 3251
3248 3253 3254
3255 3252 3251
3231 3236 3248
3227 3236 3228
3248 3227 3229
3248 3229 3253
3228 3235 3226
3256 3246 3233
3247 3246 3257
3241 3257 3246
3241 3240 3257
3240 3239 3249
3240 3242 3237
3240 3249 3257
3223 3239 3224
3233 3246 3234
3241 3246 3256
3235 3231 3234
3247 3257 3249
3237 3239 3240
3255 3248 3254
3251 3248 3255
3234 3247 3235
3231 3248 3232
3235 3225 3226
3242 3244 3237
3230 3251 3250
3258 3259 3260
3260 3259 3261
3259 3258 3262
3259 3262 3263
3264 3261 3259
3259 3265 3264
3266 3267 3268
3266 3268 3269
3270 3271 3272
3270 3272 3273
3274 3267 3266
3274 3266 3275
3276 3274 3275
3276 3275 3277
3272 3278 3279
3272 3279 3273
3270 3258 3260
3270 3260 3269
3264 3275 3266
3264 3266 3261
3264 3265 3277
3264 3277 3275
3269 3260 3261
3269 3261 3266
3273 3262 3258
3273 3258 3270
3262 3273 3279
3262 3279 3263
3280 3274 3276
3280 3276 3281
3280 3282 3267
3280 3267 3274
3283 3268 3267
3283 3267 3282
3272 3271 3284
3272 3284 3285
3286 3278 3272
3286 3272 3285
3271 3268 3283
3271 3283 3284
3270 3269 3268
3270 3268 3271
3287 3288 3289
3290 3289 3291
3292 3289 3293
3294 3295 3296
3297 3298 3299
3300 3298 3301
3289 3302 3287
3289 3290 3302
3291 3303 3304
3294 3296 3301
3305 3285 3293
3293 3284 3292
3292 3282 3303
3303 3282 3306
3306 3280 3295
3282 3280 3306
3307 3308 3309
3287 3309 3288
3288 3309 3305
3305 3310 3311
3312 3309 3308
3289 3305 3293
3285 3284 3293
3305 3311 3286
3305 3286 3285
3284 3283 3292
3313 3290 3304
3303 3314 3304
3299 3304 3314
3299 3314 3297
3297 3306 3295
3297 3294 3298
3297 3314 3306
3280 3281 3295
3290 3291 3304
3299 3313 3304
3292 3291 3289
3303 3306 3314
3294 3297 3295
3312 3310 3305
3309 3312 3305
3291 3292 3303
3289 3288 3305
3292 3283 3282
3298 3294 3301
3287 3307 3309
3315 3316 3317
3318 3319 3320
3321 3322 3323
3321 3323 3324
3325 3326 3327
3325 3327 3328
3329 3330 3331
3329 3331 3332
3333 3334 3335
3333 3335 3336
3337 3338 3339
3337 3339 3340
3341 3342 3343
3341 3343 3344
3345 3346 3347
3345 3347 3348
3349 3350 3351
3336 3352 3353
3336 3353 3333
3354 3355 3356
3357 3358 3359
3360 3361 3362
3360 3362 3363
3364 3365 3366
3364 3366 3367
3368 3369 3370
3327 3371 3372
3327 3372 3328
3338 3337 3335
3338 3335 3334
3373 3374 3375
3376 3377 3378
3376 3378 3379
3329 3337 3340
3329 3340 3380
3381 3382 3383
3384 3385 3386
3387 3388 3346
3387 3346 3345
3389 3390 3391
3389 3391 3371
3392 3391 3390
3392 3390 3393
3394 3395 3396
3377 3397 3398
3377 3398 3399
3400 3365 3364
3358 3401 3402
3358 3402 3403
3330 3404 3405
3330 3405 3331
3346 3406 3407
3346 3407 3347
3388 3408 3406
3388 3406 3346
3406 3408 3409
3406 3409 3410
3411 3412 3405
3411 3405 3404
3412 3411 3413
3412 3413 3414
3415 3416 3417
3415 3417 3320
3418 3415 3320
3418 3320 3419
3380 3420 3330
3380 3330 3329
3341 3402 3401
3341 3401 3342
3421 3422 3423
3421 3423 3424
3425 3426 3343
3425 3343 3342
3427 3428 3429
3430 3431 3432
3433 3434 3435
3433 3435 3436
3437 3435 3434
3437 3434 3438
3375 3439 3440
3439 3441 3440
3442 3443 3444
3445 3410 3409
3445 3409 3446
3447 3448 3449
3447 3449 3450
3451 3452 3448
3453 3454 3455
3456 3457 3458
3453 3427 3454
3399 3459 3460
3399 3460 3461
3460 3459 3326
3460 3326 3325
3462 3315 3463
3424 3423 3427
3427 3423 3464
3427 3464 3454
3354 3465 3466
3467 3368 3468
3383 3382 3469
3470 3467 3468
3470 3468 3471
3370 3348 3368
3351 3472 3473
3474 3475 3355
3474 3355 3354
3476 3474 3354
3476 3354 3381
3476 3381 3383
3469 3477 3478
3479 3480 3477
3481 3482 3483
3481 3483 3484
3485 3385 3384
3485 3384 3486
3487 3488 3489
3487 3489 3490
3491 3492 3493
3491 3493 3494
3495 3496 3376
3495 3376 3497
3391 3392 3498
3391 3498 3499
3378 3377 3399
3378 3399 3461
3479 3477 3444
3500 3501 3444
3361 3360 3502
3449 3503 3504
3449 3504 3450
3505 3506 3449
3507 3508 3449
3507 3449 3448
3359 3353 3509
3414 3413 3417
3414 3417 3416
3445 3446 3447
3445 3447 3450
3442 3444 3510
3444 3443 3511
3352 3512 3513
3352 3513 3353
3349 3351 3473
3381 3466 3382
3433 3514 3515
3433 3515 3434
3516 3442 3471
3516 3471 3407
3517 3442 3516
3407 3471 3468
3407 3468 3347
3518 3519 3517
3428 3427 3453
3428 3453 3458
3438 3434 3515
3438 3515 3509
3512 3375 3440
3512 3440 3513
3512 3352 3345
3512 3345 3348
3515 3514 3357
3520 3521 3435
3522 3435 3437
3441 3523 3524
3349 3473 3523
3371 3327 3525
3371 3525 3389
3526 3525 3327
3526 3327 3326
3526 3326 3459
3526 3459 3527
3398 3527 3459
3398 3459 3399
3491 3495 3497
3491 3497 3492
3344 3339 3338
3344 3338 3341
3332 3335 3337
3332 3337 3329
3336 3335 3332
3336 3332 3387
3336 3387 3345
3336 3345 3352
3528 3479 3444
3518 3517 3450
3451 3448 3415
3451 3415 3418
3446 3414 3416
3446 3416 3447
3447 3416 3415
3447 3415 3448
3387 3332 3331
3387 3331 3388
3388 3331 3405
3388 3405 3408
3408 3405 3412
3408 3412 3409
3409 3412 3414
3409 3414 3446
3442 3517 3443
3442 3510 3471
3485 3529 3487
3485 3487 3490
3362 3530 3531
3362 3531 3363
3492 3532 3533
3492 3533 3493
3534 3532 3492
3534 3492 3497
3534 3497 3376
3534 3376 3379
3437 3438 3441
3509 3513 3440
3509 3440 3438
3359 3509 3515
3353 3513 3509
3532 3344 3343
3532 3343 3533
3344 3532 3534
3344 3534 3339
3340 3339 3534
3340 3534 3379
3378 3380 3340
3378 3340 3379
3521 3436 3435
3351 3350 3535
3536 3472 3351
3536 3351 3537
3366 3365 3538
3366 3538 3539
3539 3538 3540
3539 3540 3541
3404 3330 3420
3404 3420 3542
3411 3404 3542
3411 3542 3543
3543 3544 3413
3543 3413 3411
3417 3413 3544
3417 3544 3545
3318 3320 3417
3318 3417 3545
3461 3420 3380
3461 3380 3378
3420 3461 3460
3420 3460 3542
3542 3460 3325
3542 3325 3543
3328 3544 3543
3328 3543 3325
3544 3328 3372
3544 3372 3545
3498 3319 3318
3498 3318 3499
3452 3546 3448
3547 3548 3549
3547 3549 3550
3547 3550 3551
3547 3551 3552
3552 3551 3553
3552 3553 3554
3553 3555 3556
3553 3556 3554
3316 3315 3557
3316 3557 3558
3559 3560 3561
3559 3561 3562
3474 3560 3559
3474 3559 3475
3561 3563 3562
3506 3503 3449
3508 3505 3449
3361 3494 3493
3361 3493 3362
3533 3530 3362
3533 3362 3493
3530 3533 3426
3342 3401 3564
3342 3564 3425
3455 3564 3401
3455 3401 3358
3455 3358 3357
3366 3491 3494
3366 3494 3367
3495 3491 3366
3495 3366 3539
3496 3495 3539
3496 3539 3541
3397 3548 3547
3397 3547 3398
3484 3540 3538
3484 3538 3481
3550 3549 3488
3550 3488 3487
3551 3550 3487
3551 3487 3529
3565 3566 3567
3565 3567 3395
3527 3398 3547
3527 3547 3552
3526 3527 3552
3526 3552 3554
3525 3526 3554
3525 3554 3556
3315 3390 3389
3315 3389 3557
3395 3568 3396
3395 3567 3324
3395 3324 3569
3540 3484 3488
3540 3488 3549
3541 3540 3549
3541 3549 3548
3496 3541 3548
3496 3548 3397
3376 3496 3397
3376 3397 3377
3334 3402 3341
3334 3341 3338
3403 3402 3334
3403 3334 3333
3353 3359 3403
3353 3403 3333
3489 3488 3484
3489 3484 3483
3570 3490 3489
3570 3489 3571
3323 3572 3324
3566 3565 3573
3566 3570 3571
3566 3571 3567
3567 3571 3321
3567 3321 3324
3574 3482 3481
3574 3481 3400
3538 3365 3400
3538 3400 3481
3483 3321 3571
3483 3571 3489
3482 3322 3321
3482 3321 3483
3574 3322 3482
3535 3356 3355
3475 3536 3537
3475 3537 3355
3575 3536 3475
3575 3475 3559
3575 3559 3562
3575 3562 3576
3563 3576 3562
3577 3578 3430
3577 3430 3432
3453 3455 3357
3458 3453 3357
3458 3357 3514
3456 3458 3514
3456 3514 3433
3436 3579 3433
3515 3357 3359
3580 3364 3367
3494 3361 3580
3494 3580 3367
3581 3582 3583
3584 3585 3582
3586 3585 3584
3586 3584 3587
3588 3431 3586
3588 3586 3587
3455 3454 3589
3455 3589 3564
3358 3403 3359
3363 3590 3591
3531 3581 3590
3531 3590 3363
3592 3584 3581
3592 3581 3531
3593 3587 3584
3593 3584 3592
3594 3595 3589
3454 3464 3589
3438 3440 3441
3516 3407 3406
3516 3406 3410
3410 3445 3517
3410 3517 3516
3517 3445 3450
3391 3499 3372
3391 3372 3371
3545 3372 3499
3545 3499 3318
3558 3596 3597
3598 3555 3553
3598 3553 3599
3385 3570 3566
3385 3566 3386
3485 3490 3570
3485 3570 3385
3555 3598 3600
3556 3555 3558
3556 3558 3557
3389 3525 3556
3389 3556 3557
3529 3485 3486
3529 3486 3599
3553 3551 3529
3553 3529 3599
3598 3599 3486
3363 3591 3360
3590 3581 3601
3580 3361 3502
3519 3443 3517
3522 3520 3435
3602 3522 3437
3579 3456 3433
3524 3602 3437
3524 3437 3441
3457 3428 3458
3501 3528 3444
3444 3511 3500
3480 3603 3477
3478 3604 3469
3603 3478 3477
3596 3558 3555
3596 3555 3600
3316 3558 3597
3315 3317 3605
3463 3315 3605
3463 3605 3606
3448 3546 3507
3450 3504 3518
3607 3390 3315
3608 3393 3390
3608 3390 3609
3390 3607 3610
3390 3610 3609
3608 3611 3393
3607 3315 3462
3566 3573 3386
3568 3395 3569
3395 3394 3565
3324 3572 3569
3612 3463 3613
3462 3463 3612
3581 3583 3601
3584 3582 3581
3441 3439 3349
3374 3439 3375
3439 3374 3349
3369 3373 3370
3373 3369 3535
3369 3368 3465
3467 3382 3466
3467 3470 3382
3470 3510 3477
3471 3510 3470
3510 3444 3477
3382 3470 3469
3535 3369 3356
3369 3465 3356
3373 3535 3374
3465 3368 3467
3373 3375 3512
3368 3348 3347
3373 3348 3370
3373 3512 3348
3368 3347 3468
3374 3535 3350
3465 3467 3466
3349 3523 3441
3349 3374 3350
3354 3356 3465
3354 3466 3381
3383 3469 3604
3351 3535 3537
3535 3355 3537
3470 3477 3469
3320 3319 3614
3320 3614 3419
3615 3595 3593
3595 3594 3588
3595 3588 3587
3594 3422 3588
3616 3617 3618
3616 3618 3619
3617 3422 3421
3577 3432 3588
3432 3431 3588
3620 3589 3595
3620 3595 3615
3594 3589 3464
3594 3464 3422
3464 3423 3422
3424 3429 3621
3429 3428 3621
3578 3616 3619
3616 3578 3577
3422 3577 3588
3422 3616 3577
3616 3422 3617
3424 3622 3623
3424 3624 3622
3424 3621 3624
3427 3429 3424
3618 3617 3421
3618 3421 3623
3623 3421 3424
3595 3587 3593
3592 3615 3593
3426 3533 3343
3530 3592 3531
3426 3615 3592
3426 3620 3615
3426 3592 3530
3426 3425 3620
3620 3425 3564
3620 3564 3589
3625 3626 3627
3628 3629 3630
3631 3632 3633
3631 3633 3634
3635 3636 3637
3635 3637 3638
3639 3640 3641
3639 3641 3642
3643 3644 3645
3643 3645 3646
3647 3648 3649
3647 3649 3650
3651 3652 3653
3651 3653 3654
3655 3656 3657
3655 3657 3658
3659 3660 3661
3644 3643 3662
3644 3662 3663
3664 3665 3666
3667 3668 3669
3670 3671 3672
3670 3672 3673
3674 3675 3676
3674 3676 3677
3678 3679 3680
3637 3636 3681
3637 3681 3682
3650 3646 3645
3650 3645 3647
3683 3684 3685
3686 3687 3688
3686 3688 3689
3639 3690 3648
3639 3648 3647
3691 3692 3693
3694 3695 3696
3697 3655 3658
3697 3658 3698
3699 3682 3700
3699 3700 3701
3702 3703 3701
3702 3701 3700
3704 3705 3706
3689 3707 3708
3689 3708 3709
3710 3674 3677
3669 3711 3712
3669 3712 3713
3642 3641 3714
3642 3714 3715
3658 3657 3716
3658 3716 3717
3698 3658 3717
3698 3717 3718
3717 3719 3720
3717 3720 3718
3721 3715 3714
3721 3714 3722
3722 3723 3724
3722 3724 3721
3725 3629 3726
3725 3726 3727
3728 3729 3629
3728 3629 3725
3690 3639 3642
3690 3642 3730
3651 3654 3713
3651 3713 3712
3731 3732 3733
3731 3733 3734
3653 3735 3736
3653 3736 3654
3737 3738 3739
3740 3741 3742
3743 3744 3745
3743 3745 3746
3747 3748 3746
3747 3746 3745
3684 3749 3750
3750 3749 3751
3752 3753 3754
3755 3756 3720
3755 3720 3719
3757 3758 3759
3757 3759 3760
3761 3760 3762
3763 3764 3765
3766 3767 3768
3763 3765 3737
3707 3769 3770
3707 3770 3771
3770 3635 3638
3770 3638 3771
3772 3773 3625
3734 3737 3731
3737 3765 3774
3737 3774 3731
3664 3775 3776
3777 3778 3678
3692 3779 3693
3780 3781 3778
3780 3778 3777
3679 3678 3656
3660 3782 3783
3784 3664 3666
3784 3666 3785
3786 3691 3664
3786 3664 3784
3786 3692 3691
3779 3787 3788
3789 3788 3790
3791 3792 3793
3791 3793 3794
3795 3796 3694
3795 3694 3696
3797 3798 3799
3797 3799 3800
3801 3802 3803
3801 3803 3804
3805 3806 3686
3805 3686 3807
3700 3808 3809
3700 3809 3702
3688 3769 3707
3688 3707 3689
3789 3753 3788
3810 3753 3811
3673 3812 3670
3759 3758 3813
3759 3813 3814
3815 3759 3816
3817 3759 3818
3817 3760 3759
3668 3819 3662
3723 3727 3726
3723 3726 3724
3755 3758 3757
3755 3757 3756
3752 3820 3753
3753 3821 3754
3663 3662 3822
3663 3822 3823
3659 3782 3660
3691 3693 3775
3743 3746 3824
3743 3824 3825
3826 3716 3781
3826 3781 3752
3827 3826 3752
3716 3657 3778
3716 3778 3781
3828 3827 3829
3739 3767 3763
3739 3763 3737
3748 3819 3824
3748 3824 3746
3823 3822 3749
3823 3749 3684
3823 3656 3655
3823 3655 3663
3824 3667 3825
3830 3745 3831
3832 3747 3745
3751 3833 3834
3659 3834 3782
3682 3699 3835
3682 3835 3637
3836 3638 3637
3836 3637 3835
3836 3837 3771
3836 3771 3638
3708 3707 3771
3708 3771 3837
3801 3804 3806
3801 3806 3805
3652 3651 3650
3652 3650 3649
3640 3639 3647
3640 3647 3645
3644 3697 3640
3644 3640 3645
3644 3663 3655
3644 3655 3697
3838 3753 3789
3828 3758 3827
3761 3725 3760
3761 3728 3725
3756 3757 3727
3756 3727 3723
3757 3760 3725
3757 3725 3727
3697 3698 3641
3697 3641 3640
3698 3718 3714
3698 3714 3641
3718 3720 3722
3718 3722 3714
3720 3756 3723
3720 3723 3722
3752 3754 3827
3752 3781 3820
3795 3798 3797
3795 3797 3839
3672 3671 3840
3672 3840 3841
3804 3803 3842
3804 3842 3843
3844 3806 3804
3844 3804 3843
3844 3687 3686
3844 3686 3806
3747 3751 3748
3819 3748 3749
3819 3749 3822
3668 3824 3819
3662 3819 3822
3843 3842 3653
3843 3653 3652
3652 3649 3844
3652 3844 3843
3648 3687 3844
3648 3844 3649
3688 3687 3648
3688 3648 3690
3831 3745 3744
3660 3845 3661
3846 3847 3660
3846 3660 3783
3676 3848 3849
3676 3849 3677
3848 3850 3851
3848 3851 3849
3715 3852 3730
3715 3730 3642
3721 3853 3852
3721 3852 3715
3853 3721 3724
3853 3724 3854
3726 3855 3854
3726 3854 3724
3628 3855 3726
3628 3726 3629
3769 3688 3690
3769 3690 3730
3730 3852 3770
3730 3770 3769
3852 3853 3635
3852 3635 3770
3636 3635 3853
3636 3853 3854
3854 3855 3681
3854 3681 3636
3809 3808 3628
3809 3628 3630
3762 3760 3856
3857 3858 3859
3857 3859 3860
3857 3861 3862
3857 3862 3858
3861 3863 3864
3861 3864 3862
3864 3863 3865
3864 3865 3866
3627 3867 3868
3627 3868 3625
3869 3870 3871
3869 3871 3872
3784 3785 3869
3784 3869 3872
3871 3870 3873
3816 3759 3814
3818 3759 3815
3673 3672 3803
3673 3803 3802
3842 3803 3672
3842 3672 3841
3841 3735 3842
3874 3713 3654
3874 3654 3736
3764 3669 3713
3764 3713 3874
3764 3667 3669
3676 3675 3802
3676 3802 3801
3805 3848 3676
3805 3676 3801
3807 3850 3848
3807 3848 3805
3709 3708 3857
3709 3857 3860
3792 3791 3849
3792 3849 3851
3858 3797 3800
3858 3800 3859
3862 3839 3797
3862 3797 3858
3875 3706 3876
3875 3876 3877
3837 3861 3857
3837 3857 3708
3836 3863 3861
3836 3861 3837
3835 3865 3863
3835 3863 3836
3625 3868 3699
3625 3699 3701
3706 3705 3878
3706 3879 3632
3706 3632 3876
3851 3859 3800
3851 3800 3792
3850 3860 3859
3850 3859 3851
3807 3709 3860
3807 3860 3850
3686 3689 3709
3686 3709 3807
3646 3650 3651
3646 3651 3712
3711 3643 3646
3711 3646 3712
3662 3643 3711
3662 3711 3668
3799 3793 3792
3799 3792 3800
3880 3881 3799
3880 3799 3798
3633 3632 3882
3877 3883 3875
3877 3876 3881
3877 3881 3880
3876 3632 3631
3876 3631 3881
3884 3710 3791
3884 3791 3794
3849 3791 3710
3849 3710 3677
3793 3799 3881
3793 3881 3631
3794 3793 3631
3794 3631 3634
3884 3794 3634
3845 3666 3665
3785 3666 3847
3785 3847 3846
3885 3869 3785
3885 3785 3846
3885 3886 3870
3885 3870 3869
3873 3870 3886
3740 3887 3888
3740 3888 3741
3763 3667 3764
3767 3825 3667
3767 3667 3763
3766 3743 3825
3766 3825 3767
3744 3743 3889
3824 3668 3667
3890 3675 3674
3802 3675 3890
3802 3890 3673
3891 3892 3893
3894 3893 3895
3896 3897 3894
3896 3894 3895
3898 3897 3896
3898 3896 3742
3764 3874 3899
3764 3899 3765
3669 3668 3711
3671 3900 3901
3840 3671 3901
3840 3901 3891
3902 3840 3891
3902 3891 3894
3903 3902 3894
3903 3894 3897
3904 3899 3905
3765 3899 3774
3748 3751 3749
3826 3719 3717
3826 3717 3716
3719 3826 3827
3719 3827 3755
3827 3758 3755
3700 3682 3681
3700 3681 3808
3855 3628 3808
3855 3808 3681
3867 3906 3907
3908 3909 3864
3908 3864 3866
3696 3695 3877
3696 3877 3880
3795 3696 3880
3795 3880 3798
3866 3910 3908
3865 3868 3867
3865 3867 3866
3699 3868 3865
3699 3865 3835
3839 3909 3796
3839 3796 3795
3864 3909 3839
3864 3839 3862
3908 3796 3909
3671 3670 3900
3901 3911 3891
3890 3812 3673
3829 3827 3754
3832 3745 3830
3912 3747 3832
3889 3743 3766
3833 3747 3912
3833 3751 3747
3768 3767 3739
3811 3753 3838
3753 3810 3821
3790 3788 3913
3787 3779 3914
3913 3788 3787
3907 3910 3866
3907 3866 3867
3627 3906 3867
3625 3915 3626
3773 3915 3625
3773 3916 3915
3760 3817 3856
3758 3828 3813
3917 3625 3701
3918 3919 3701
3918 3701 3703
3701 3920 3917
3701 3919 3920
3918 3703 3921
3917 3772 3625
3877 3695 3883
3878 3879 3706
3706 3875 3704
3632 3879 3882
3922 3923 3773
3772 3922 3773
3891 3911 3892
3894 3891 3893
3751 3659 3750
3685 3684 3750
3750 3659 3685
3680 3679 3683
3683 3845 3680
3680 3776 3678
3777 3775 3693
3777 3693 3780
3780 3788 3820
3781 3780 3820
3820 3788 3753
3693 3779 3780
3845 3665 3680
3680 3665 3776
3683 3685 3845
3776 3777 3678
3683 3823 3684
3678 3657 3656
3683 3679 3656
3683 3656 3823
3678 3778 3657
3685 3661 3845
3776 3775 3777
3659 3751 3834
3659 3661 3685
3664 3776 3665
3664 3691 3775
3692 3914 3779
3660 3847 3845
3845 3847 3666
3780 3779 3788
3629 3729 3924
3629 3924 3630
3925 3903 3905
3905 3897 3898
3905 3898 3904
3904 3898 3732
3926 3927 3928
3926 3928 3929
3929 3733 3732
3888 3898 3741
3741 3898 3742
3930 3925 3905
3930 3905 3899
3774 3899 3904
3774 3904 3732
3774 3732 3731
3734 3931 3738
3738 3931 3739
3887 3927 3926
3926 3888 3887
3732 3898 3888
3732 3888 3926
3926 3929 3732
3734 3932 3933
3734 3933 3934
3734 3934 3931
3737 3734 3738
3733 3929 3928
3733 3928 3932
3932 3734 3733
3905 3903 3897
3902 3903 3925
3735 3653 3842
3841 3840 3902
3735 3902 3925
3735 3925 3930
3735 3841 3902
3735 3930 3736
3874 3736 3930
3874 3930 3899
