byte offset: 0
first index: 23427
index count: 6120
topology: trianglelist
format: DXGI_FORMAT_R16_UINT

5732 5733 5734
5733 5735 5734
5736 5732 5737
5732 5734 5737
5738 5739 5740
5739 5741 5740
5739 5742 5741
5742 5743 5741
5744 5745 5746
5747 5748 5749
5748 5750 5749
5751 5752 5753
5752 5754 5753
5755 5756 5757
5756 5758 5757
5759 5755 5760
5755 5757 5760
5761 5762 5763
5762 5764 5763
5765 5766 5767
5766 5768 5767
5756 5769 5758
5769 5770 5758
5769 5771 5770
5771 5772 5770
5773 5774 5775
5774 5776 5775
5777 5778 5779
5778 5780 5779
5781 5763 5764
5782 5783 5773
5783 5774 5773
5784 5782 5785
5782 5773 5785
5786 5787 5788
5787 5789 5788
5775 5790 5773
5790 5785 5773
5779 5780 5791
5780 5792 5791
5793 5794 5795
5794 5765 5795
5796 5786 5797
5786 5788 5797
5766 5796 5768
5796 5797 5768
5783 5777 5774
5777 5779 5774
5774 5779 5776
5779 5791 5776
5780 5762 5792
5762 5761 5792
5778 5798 5780
5798 5762 5780
5771 5793 5772
5793 5795 5772
5799 5800 5801
5800 5802 5801
5803 5804 5805
5804 5806 5805
5807 5808 5809
5809 5808 5810
5811 5801 5812
5801 5802 5812
5813 5814 5804
5814 5806 5804
5812 5815 5816
5814 5813 5817
5818 5784 5819
5784 5785 5819
5787 5820 5789
5820 5821 5789
5819 5785 5822
5785 5790 5822
5807 5816 5808
5816 5815 5808
5808 5815 5810
5815 5817 5810
5736 5737 5823
5737 5781 5823
5812 5814 5815
5812 5802 5814
5802 5806 5814
5800 5805 5802
5805 5806 5802
5822 5790 5821
5790 5789 5821
5790 5775 5789
5775 5788 5789
5775 5776 5788
5776 5797 5788
5776 5791 5797
5791 5768 5797
5791 5792 5768
5792 5767 5768
5792 5761 5767
5761 5824 5767
5761 5763 5824
5763 5825 5824
5826 5825 5763
5781 5737 5826
5737 5827 5826
5828 5827 5734
5827 5737 5734
5829 5828 5735
5828 5734 5735
5749 5750 5830
5750 5831 5830
5832 5745 5743
5760 5757 5829
5757 5828 5829
5757 5758 5828
5758 5827 5828
5758 5770 5827
5770 5826 5827
5825 5826 5770
5772 5795 5825
5795 5824 5825
5795 5765 5824
5765 5767 5824
5765 5794 5766
5819 5800 5799
5820 5803 5821
5803 5805 5821
5822 5821 5805
5819 5822 5800
5811 5812 5816
5814 5817 5815
5833 5834 5835
5836 5837 5838
5837 5839 5838
5840 5833 5841
5833 5842 5841
5843 5840 5844
5840 5841 5844
5845 5834 5843
5834 5840 5843
5846 5847 5848
5847 5849 5848
5850 5851 5852
5851 5853 5852
5823 5781 5764
5798 5854 5762
5854 5764 5762
5752 5751 5848
5751 5846 5848
5753 5754 5738
5754 5739 5738
5855 5850 5856
5850 5852 5856
5857 5858 5836
5858 5837 5836
5750 5843 5831
5843 5844 5831
5748 5845 5750
5845 5843 5750
5838 5839 5853
5839 5859 5853
5849 5749 5851
5749 5830 5851
5747 5749 5847
5749 5849 5847
5754 5860 5739
5860 5742 5739
5752 5855 5754
5855 5860 5754
5861 5860 5855
5862 5858 5863
5858 5857 5863
5864 5862 5865
5862 5863 5865
5864 5865 5866
5865 5867 5866
5833 5868 5842
5868 5869 5842
5835 5868 5833
5818 5819 5799
5822 5805 5800
5866 5867 5870
5867 5871 5870
5871 5867 5872
5867 5869 5872
5873 5874 5868
5835 5873 5868
5838 5853 5830
5853 5851 5830
5836 5838 5831
5838 5830 5831
5857 5836 5844
5836 5831 5844
5863 5857 5841
5857 5844 5841
5841 5842 5863
5842 5865 5863
5842 5869 5865
5869 5867 5865
5823 5764 5854
5781 5826 5763
5772 5825 5770
5833 5840 5834
5853 5859 5852
5859 5875 5852
5733 5876 5735
5876 5877 5735
5740 5741 5876
5741 5877 5876
5878 5742 5860
5861 5879 5860
5855 5856 5861
5832 5742 5878
5860 5879 5878
5869 5868 5872
5868 5874 5872
5850 5848 5851
5848 5849 5851
5850 5855 5848
5855 5752 5848
5741 5743 5877
5743 5880 5877
5745 5881 5743
5881 5880 5743
5744 5882 5745
5882 5881 5745
5880 5829 5877
5829 5735 5877
5881 5760 5880
5760 5829 5880
5881 5882 5760
5882 5759 5760
5832 5743 5742
5746 5745 5832
5883 5884 5885
5884 5886 5885
5884 5887 5886
5887 5888 5886
5887 5889 5888
5889 5890 5888
5891 5892 5889
5892 5890 5889
5893 5894 5895
5894 5896 5895
5894 5897 5896
5897 5898 5896
5899 5900 5901
5900 5902 5901
5900 5903 5902
5903 5904 5902
5903 5905 5904
5905 5906 5904
5905 5907 5906
5907 5908 5906
5907 5909 5908
5909 5910 5908
5911 5912 5913
5912 5914 5913
5914 5915 5913
5915 5916 5913
5917 5918 5919
5918 5920 5919
5921 5922 5917
5922 5918 5917
5911 5923 5924
5923 5925 5924
5923 5911 5926
5911 5913 5926
5885 5927 5883
5928 5917 5929
5915 5930 5916
5930 5931 5916
5930 5929 5931
5929 5919 5931
5926 5913 5932
5913 5916 5932
5933 5934 5935
5934 5936 5935
5885 5886 5937
5886 5938 5937
5886 5888 5938
5888 5939 5938
5888 5890 5939
5890 5940 5939
5941 5940 5892
5940 5890 5892
5895 5896 5942
5896 5943 5942
5896 5898 5943
5898 5944 5943
5898 5901 5944
5901 5945 5944
5901 5902 5945
5902 5946 5945
5902 5904 5946
5904 5947 5946
5948 5947 5906
5947 5904 5906
5906 5908 5948
5908 5949 5948
5908 5910 5949
5910 5950 5949
5910 5924 5950
5924 5925 5950
5925 5923 5951
5923 5952 5951
5923 5926 5952
5926 5953 5952
5926 5932 5953
5932 5954 5953
5898 5897 5901
5897 5899 5901
5909 5955 5910
5955 5924 5910
5924 5955 5911
5955 5912 5911
5956 5957 5937
5957 5885 5937
5892 5895 5941
5895 5942 5941
5893 5895 5891
5895 5892 5891
5922 5921 5936
5921 5935 5936
5919 5920 5958
5959 5958 5920
5958 5932 5931
5932 5916 5931
5958 5959 5932
5959 5954 5932
5960 5961 5962
5961 5963 5962
5964 5965 5966
5965 5967 5966
5968 5969 5970
5969 5971 5970
5965 5972 5973
5974 5975 5976
5975 5977 5976
5978 5979 5968
5979 5969 5968
5962 5972 5960
5972 5980 5960
5975 5981 5982
5981 5983 5982
5980 5972 5964
5972 5965 5964
5984 5985 5986
5969 5987 5971
5987 5988 5971
5987 5969 5989
5969 5979 5989
5989 5979 5990
5979 5991 5990
5992 5985 5993
5985 5984 5993
5994 5995 5996
5995 5997 5996
5995 5994 5998
5994 5999 5998
5998 5999 6000
5999 6001 6000
5987 5994 5988
5994 5996 5988
5994 5987 5999
5987 5989 5999
5999 5989 6001
5989 5990 6001
5995 6002 5997
6002 6003 5997
6000 6004 5998
6004 6005 5998
6006 6007 6008
6007 6009 6008
6010 6011 6012
6011 6013 6012
6011 5992 6013
5992 5993 6013
6014 6015 6016
6015 6017 6016
6018 6002 6019
6002 6005 6019
6019 6005 6020
6005 6004 6020
6014 6021 6015
6021 6010 6015
6015 6010 6017
6010 6012 6017
6022 6023 6024
6023 6025 6024
6026 6027 6023
6027 6025 6023
6028 6029 6030
6029 6031 6030
6006 6018 6007
6018 6019 6007
6007 6019 6009
6019 6020 6009
6032 6033 6034
6033 6028 6034
6035 6036 6037
6038 6039 6040
6039 6041 6040
6042 6043 6044
6043 6045 6044
6043 6046 6045
6046 6047 6045
6048 6049 6041
6049 6050 6041
6051 6042 6052
6042 6044 6052
6053 6051 6054
6051 6052 6054
6055 6056 6048
6056 6049 6048
6057 6058 6055
6058 6056 6055
6059 6060 6057
6060 6058 6057
6036 6035 6059
6035 6060 6059
6030 6031 6061
6031 6062 6061
5920 6063 6064
6063 6065 6064
6063 6066 6065
6066 6067 6065
6066 6062 6067
6062 6068 6067
6069 6034 6070
6034 6071 6070
6037 6036 6072
6039 6073 6041
6073 6048 6041
6073 6074 6048
6074 6055 6048
6074 6075 6055
6075 6057 6055
6075 6076 6057
6076 6059 6057
6076 6072 6059
6072 6036 6059
6047 6040 6050
6040 6041 6050
6063 6077 6066
6077 6078 6066
6061 6062 6078
6062 6066 6078
6079 5962 6080
5962 5963 6080
6079 6081 5962
6081 5972 5962
6062 6031 6068
6031 6082 6068
6031 6029 6082
6029 6083 6082
6046 6043 6084
6043 6085 6084
6043 6042 6085
6042 6086 6085
6042 6051 6086
6051 6087 6086
6053 6088 6051
6088 6087 6051
6002 6018 6003
6018 6089 6003
6006 6090 6018
6090 6089 6018
6002 5995 6005
5995 5998 6005
6090 6006 6008
5967 5965 6091
6092 6093 6094
6093 6095 6094
6096 6097 6094
6097 6092 6094
6098 6099 6100
6099 6101 6100
6102 6103 6104
6103 6105 6104
6102 6106 6103
6106 6107 6103
6099 6108 6101
6108 6109 6101
5981 6110 6096
6110 6111 6096
5981 6096 5983
6096 6094 5983
5983 6094 6112
6094 6095 6112
5972 6081 5973
6113 6053 6054
6113 6088 6053
6024 6025 6077
6025 6078 6077
6027 6061 6025
6061 6078 6025
6114 6046 6115
6046 6084 6115
6034 6028 6071
6028 6030 6071
6027 6071 6061
6071 6030 6061
6070 6071 6026
6071 6027 6026
6114 6116 6046
6116 6047 6046
6116 6117 6047
6117 6040 6047
6038 6040 6118
6040 6117 6118
6119 6120 6029
6120 6083 6029
6033 6119 6028
6119 6029 6028
6121 6032 6069
6032 6034 6069
6122 6123 6124
6125 6126 6127
6126 6128 6127
6128 6129 6130
6131 6132 6133
6132 6134 6133
6108 6131 6109
6131 6133 6109
5977 5975 6135
5975 5982 6135
5975 5974 5981
5974 6110 5981
6097 6096 6136
6096 6111 6136
6137 6138 6134
6138 6133 6134
6139 6129 6140
6129 6128 6140
6141 6142 6143
6142 6144 6143
6144 6142 6145
6142 6146 6145
6146 6147 6145
6147 6148 6145
6022 6024 6147
6024 6148 6147
6149 6150 5936
6150 5922 5936
5922 6150 5918
6150 6151 5918
5920 5918 6152
5918 6151 6152
6152 6077 5920
6077 6063 5920
6143 6144 6149
6144 6150 6149
6150 6144 6151
6144 6145 6151
6152 6151 6148
6151 6145 6148
6148 6024 6152
6024 6077 6152
6011 6153 5992
6153 6154 5992
6010 6021 6011
6021 6153 6011
5979 5978 5991
6154 5991 5992
5991 5985 5992
5991 6155 5985
5965 5973 6091
6123 6122 6156
6122 6157 6156
6140 6128 6158
6128 6126 6158
6135 5982 6159
5982 6160 6159
5982 5983 6160
5983 6112 6160
6119 6114 6120
6114 6115 6120
6033 6116 6119
6116 6114 6119
6117 6116 6032
6116 6033 6032
6118 6117 6121
6117 6032 6121
6161 6162 6163
6162 6164 6163
6161 6165 6162
6165 6166 6162
6165 6167 6166
6167 6168 6166
6169 6168 6170
6168 6167 6170
6162 5968 6164
5968 5970 6164
6168 6169 6155
6169 5986 6155
5978 5968 6166
5968 6162 6166
6166 6168 5978
6168 6155 5978
5991 5978 6155
6127 6128 6130
6106 6102 6109
6102 6101 6109
6102 6104 6101
6104 6100 6101
6131 5974 6132
5974 5976 6132
6110 5974 6108
5974 6131 6108
6099 6111 6108
6111 6110 6108
6098 6136 6099
6136 6111 6099
6171 6149 5934
6149 5936 5934
6172 6143 6171
6143 6149 6171
6129 6139 6124
5937 5938 5956
5938 6173 5956
5938 5939 6173
5939 6174 6173
5939 5940 6174
5940 6175 6174
5941 6176 5940
6176 6175 5940
5941 5942 6176
5942 6177 6176
5942 5943 6177
5943 6178 6177
5943 5944 6178
5944 6179 6178
5944 5945 6179
5945 6180 6179
5945 5946 6180
5946 6181 6180
5946 5947 6181
5947 6182 6181
5948 6183 5947
6183 6182 5947
5948 5949 6183
5949 6184 6183
5949 5950 6184
5950 6185 6184
5950 5925 6185
5925 5951 6185
6064 5959 5920
5931 5919 5958
6186 6079 6187
6079 6080 6187
6081 6079 6188
6079 6186 6188
6189 5973 6188
5973 6081 6188
6190 6091 6189
6091 5973 6189
6137 6156 6138
6156 6157 6138
6138 6106 6133
6106 6109 6133
6107 6106 6157
6106 6138 6157
6139 6122 6124
6140 6158 6103
6158 6105 6103
6103 6107 6140
6107 6139 6140
6139 6107 6122
6107 6157 6122
6143 6172 6141
6172 6191 6141
5935 5921 6192
5921 6193 6192
5933 5935 6194
5935 6192 6194
5921 5917 6195
5917 5919 5929
6193 5921 6195
5917 5928 6195
6159 6160 6187
6160 6186 6187
6160 6112 6186
6112 6188 6186
6112 6095 6188
6095 6189 6188
6093 6190 6095
6190 6189 6095
5966 6170 5964
6170 6167 5964
5961 5960 6163
5960 6161 6163
5960 5980 6161
5980 6165 6161
5980 5964 6165
5964 6167 6165
6196 6197 6198
6197 6199 6198
6200 6201 6202
6201 6203 6202
6197 6200 6199
6200 6202 6199
6204 6205 6206
6201 6204 6203
6204 6206 6203
6207 6208 6209
6208 6210 6209
6211 6212 6208
6212 6210 6208
6213 6207 6214
6207 6209 6214
6215 6216 6217
6218 6213 6219
6213 6214 6219
6215 6218 6216
6218 6219 6216
5986 5985 6155
6220 6221 6222
6221 6223 6222
6224 6225 6226
6225 6227 6226
6228 6229 6230
6231 6222 6232
6222 6233 6232
6234 6235 6236
6235 6237 6236
6230 6238 6228
6228 6239 6240
6241 6242 6243
6242 6244 6243
6245 6246 6247
6246 6248 6247
6249 6250 6248
6250 6247 6248
6251 6252 6253
6252 6254 6253
6255 6220 6231
6220 6222 6231
6222 6223 6233
6223 6256 6233
6257 6258 6259
6258 6260 6259
6239 6238 6243
6243 6261 6241
6261 6262 6241
6263 6244 6264
6244 6242 6264
6252 6251 6265
6251 6266 6265
6253 6267 6251
6267 6268 6251
6269 6231 6267
6231 6232 6267
6268 6234 6270
6234 6236 6270
6271 6255 6269
6255 6231 6269
6272 6237 6273
6237 6235 6273
6274 6275 6276
6275 6277 6276
6267 6253 6269
6253 6278 6269
6271 6269 6279
6269 6278 6279
6280 6281 6282
6281 6283 6282
6281 6284 6283
6284 6285 6283
6286 6287 6288
6287 6289 6288
6290 6291 6292
6291 6293 6292
6294 6295 6296
6295 6297 6296
6298 6285 6299
6285 6300 6299
6301 6299 6302
6299 6300 6302
6297 6301 6296
6301 6302 6296
6303 6304 6305
6304 6306 6305
6304 6307 6306
6307 6308 6306
6309 6310 6311
6310 6312 6311
6288 6289 6309
6289 6310 6309
6282 6283 6313
6283 6314 6313
6239 6244 6240
6315 6316 6317
6316 6318 6317
6319 6320 6321
6320 6322 6321
6323 6315 6324
6315 6317 6324
6325 6326 6327
6326 6328 6327
6329 6330 6331
6330 6332 6331
6329 6333 6330
6333 6299 6330
6333 6334 6299
6334 6298 6299
6335 6336 6337
6336 6338 6337
6339 6340 6341
6342 6343 6344
6343 6345 6344
6345 6343 6346
6343 6347 6346
6348 6346 6349
6346 6347 6349
6350 6351 6346
6351 6345 6346
6352 6350 6353
6350 6354 6353
6352 6355 6350
6355 6351 6350
6356 6357 6358
6357 6359 6358
6355 6352 6360
6352 6361 6360
6355 6360 6362
6360 6363 6362
6357 6364 6359
6364 6365 6359
6366 6367 6368
6367 6369 6368
6370 6371 6372
6371 6373 6372
6368 6374 6359
6375 6376 6377
6376 6378 6377
6379 6380 6381
6380 6382 6381
6383 6384 6385
6384 6386 6385
6387 6385 6388
6385 6386 6388
6387 6388 6389
6388 6390 6389
6391 6392 6393
6392 6394 6393
6395 6396 6397
6396 6398 6397
6399 6395 6400
6395 6397 6400
6401 6399 6402
6399 6400 6402
6403 6404 6405
6404 6406 6405
6393 6407 6391
6407 6408 6391
6407 6409 6408
6409 6410 6408
6411 6412 6413
6412 6414 6413
6415 6416 6417
6418 6419 6420
6421 6422 6423
6422 6424 6423
6422 6384 6424
6384 6383 6424
6419 6425 6426
6427 6278 6254
6278 6253 6254
6428 6429 6430
6429 6431 6430
6260 6258 6275
6258 6277 6275
6273 6235 6256
6235 6233 6256
6232 6233 6234
6233 6235 6234
6267 6232 6268
6232 6234 6268
6268 6270 6251
6270 6266 6251
6323 6432 6315
6432 6433 6315
6434 6229 6435
6240 6436 6437
6436 6438 6437
6366 6368 6365
6368 6359 6365
6337 6338 6375
6338 6376 6375
6371 6379 6373
6379 6381 6373
6439 6440 6441
6440 6442 6441
6443 6444 6304
6444 6307 6304
6304 6303 6443
6303 6445 6443
6446 6447 6296
6447 6294 6296
6448 6446 6302
6446 6296 6302
6449 6448 6300
6448 6302 6300
6284 6449 6285
6449 6300 6285
6285 6298 6283
6298 6314 6283
6450 6351 6362
6351 6355 6362
6423 6451 6421
6451 6452 6421
6453 6454 6441
6454 6439 6441
6455 6282 6456
6282 6313 6456
6345 6351 6344
6351 6450 6344
6452 6451 6457
6451 6458 6457
6451 6459 6458
6459 6460 6458
6259 6461 6257
6461 6462 6257
6463 6224 6464
6224 6226 6464
6465 6466 6467
6466 6468 6467
6469 6470 6471
6470 6472 6471
6473 6474 6475
6474 6476 6475
6466 6463 6468
6463 6464 6468
6477 6473 6478
6473 6475 6478
6479 6480 6481
6479 6481 6482
6303 6305 6294
6305 6295 6294
6447 6445 6294
6445 6303 6294
6360 6483 6484
6485 6486 6487
6486 6488 6487
6489 6490 6491
6490 6492 6491
6493 6494 6495
6494 6496 6495
6497 6498 6499
6498 6500 6499
6501 6502 6503
6504 6505 6506
6505 6507 6506
6505 6508 6507
6508 6509 6507
6510 6504 6511
6504 6506 6511
6512 6513 6514
6515 6516 6517
6516 6518 6517
6519 6520 6521
6520 6522 6521
6523 6524 6525
6524 6526 6525
6512 6514 6527
6514 6528 6527
6529 6530 6531
6530 6532 6531
6533 6534 6535
6534 6536 6535
6536 6534 6537
6534 6538 6537
6537 6538 6539
6538 6540 6539
6539 6540 6541
6540 6542 6541
6543 6544 6545
6544 6546 6545
6547 6548 6513
6547 6517 6548
6517 6518 6548
6549 6550 6551
6550 6552 6551
6553 6554 6528
6554 6527 6528
6555 6510 6556
6510 6511 6556
6557 6487 6558
6487 6488 6558
6559 6549 6560
6549 6551 6560
6561 6562 6563
6562 6564 6563
6565 6566 6567
6566 6568 6567
6569 6570 6571
6570 6572 6571
6520 6559 6522
6559 6560 6522
6531 6532 6535
6532 6533 6535
6573 6574 6575
6574 6576 6575
6574 6577 6576
6577 6578 6576
6566 6555 6568
6555 6556 6568
6499 6500 6577
6500 6578 6577
6563 6564 6579
6564 6509 6579
6511 6506 6576
6506 6575 6576
6576 6578 6511
6578 6556 6511
6578 6500 6556
6500 6568 6556
6500 6498 6568
6498 6567 6568
6558 6488 6570
6488 6572 6570
6486 6572 6488
6550 6580 6552
6580 6581 6552
6582 6583 6584
6583 6585 6584
6496 6586 6587
6588 6523 6589
6523 6525 6589
6545 6546 6524
6546 6526 6524
6590 6491 6591
6592 6593 6502
6593 6503 6502
6594 6595 6596
6595 6597 6596
6598 6491 6587
6491 6590 6587
6599 6600 6601
6600 6602 6601
6600 6603 6602
6603 6604 6602
6605 6581 6606
6581 6580 6606
6548 6518 6514
6518 6528 6514
6516 6553 6518
6553 6528 6518
6521 6522 6530
6522 6532 6530
6522 6560 6532
6560 6533 6532
6560 6551 6533
6551 6534 6533
6551 6552 6534
6552 6538 6534
6552 6581 6538
6581 6540 6538
6605 6542 6581
6542 6540 6581
6601 6602 6544
6602 6546 6544
6602 6604 6546
6604 6526 6546
6607 6525 6604
6525 6526 6604
6608 6589 6607
6589 6525 6607
6548 6514 6513
6571 6572 6609
6572 6486 6609
6609 6486 6610
6610 6486 6485
6340 6611 6612
6613 6614 6615
6340 6612 6341
6616 6617 6618
6617 6619 6618
6620 6279 6427
6279 6278 6427
6230 6620 6427
6374 6368 6621
6622 6348 6623
6348 6349 6623
6624 6625 6626
6625 6627 6626
6628 6629 6630
6629 6631 6630
6632 6633 6634
6624 6626 6635
6626 6636 6635
6637 6638 6639
6638 6640 6639
6641 6616 6642
6616 6643 6642
6644 6622 6645
6622 6623 6645
6412 6646 6414
6646 6417 6414
6405 6406 6614
6406 6615 6614
6612 6611 6379
6611 6380 6379
6371 6341 6379
6341 6612 6379
6370 6339 6371
6339 6341 6371
6373 6381 6338
6381 6376 6338
6376 6381 6378
6381 6382 6378
6403 6401 6404
6401 6402 6404
6409 6411 6410
6411 6413 6410
6372 6373 6336
6373 6338 6336
6366 6375 6367
6375 6377 6367
6375 6366 6337
6366 6365 6337
6365 6364 6337
6364 6335 6337
6616 6618 6643
6618 6647 6643
6227 6648 6226
6293 6649 6292
6226 6648 6464
6468 6648 6467
6464 6648 6468
6481 6480 6650
6480 6651 6650
6482 6481 6652
6481 6650 6652
6259 6260 6223
6260 6256 6223
6260 6275 6256
6275 6273 6256
6274 6272 6275
6272 6273 6275
6478 6475 6444
6475 6307 6444
6307 6475 6308
6475 6476 6308
6287 6286 6469
6286 6470 6469
6259 6223 6461
6223 6221 6461
6316 6653 6318
6653 6654 6318
6316 6655 6653
6655 6656 6653
6392 6389 6394
6389 6390 6394
6326 6331 6328
6331 6332 6328
6657 6319 6658
6319 6321 6658
6396 6659 6398
6659 6660 6398
6661 6660 6662
6660 6659 6662
6663 6657 6664
6657 6658 6664
6665 6663 6666
6663 6664 6666
6662 6667 6661
6667 6668 6661
6669 6665 6670
6665 6666 6670
6667 6671 6668
6671 6672 6668
6673 6669 6674
6669 6670 6674
6671 6675 6672
6675 6676 6672
6315 6433 6316
6433 6655 6316
6677 6435 6678
6675 6679 6676
6679 6680 6676
6681 6673 6682
6673 6674 6682
6679 6683 6680
6683 6684 6680
6685 6681 6686
6681 6682 6686
6438 6687 6437
6687 6677 6437
6453 6441 6644
6441 6688 6644
6689 6353 6690
6353 6691 6690
6692 6689 6690
6693 6374 6621
6693 6694 6374
6358 6694 6695
6356 6358 6695
6696 6431 6697
6431 6429 6697
6698 6699 6312
6699 6311 6312
6700 6617 6641
6617 6616 6641
6701 6322 6702
6322 6320 6702
6325 6327 6625
6327 6627 6625
6428 6430 6703
6430 6704 6703
6618 6619 6653
6619 6654 6653
6647 6618 6656
6618 6653 6656
6701 6702 6705
6702 6706 6705
6629 6703 6631
6703 6704 6631
6635 6636 6707
6636 6708 6707
6639 6705 6637
6705 6706 6637
6641 6642 6634
6642 6709 6634
6710 6628 6630
6634 6633 6641
6633 6700 6641
6711 6640 6638
6709 6632 6634
6707 6708 6712
6228 6240 6437
6713 6582 6714
6490 6489 6715
6599 6601 6606
6601 6605 6606
6601 6544 6605
6544 6542 6605
6541 6542 6543
6542 6544 6543
6590 6495 6496
6489 6716 6717
6718 6490 6719
6720 6721 6586
6721 6501 6586
6720 6586 6494
6586 6496 6494
6598 6587 6593
6587 6503 6593
6587 6586 6503
6490 6715 6719
6716 6596 6597
6694 6358 6374
6722 6356 6695
6491 6598 6716
6598 6593 6716
6593 6596 6716
6586 6501 6503
6590 6496 6587
6717 6715 6489
6491 6492 6723
6590 6591 6724
6592 6594 6593
6594 6596 6593
6588 6589 6585
6589 6584 6585
6714 6584 6608
6584 6589 6608
6530 6529 6553
6529 6554 6553
6516 6521 6553
6521 6530 6553
6515 6519 6516
6519 6521 6516
6557 6558 6497
6558 6498 6497
6558 6570 6498
6570 6567 6498
6569 6565 6570
6565 6567 6570
6725 6726 6727
6726 6621 6727
6369 6727 6621
6579 6509 6728
6509 6508 6728
6323 6324 6230
6229 6434 6323
6434 6432 6323
6729 6730 6725
6730 6726 6725
6730 6731 6726
6731 6693 6726
6731 6732 6693
6732 6694 6693
6733 6695 6732
6695 6694 6732
6733 6734 6695
6734 6722 6695
6735 6736 6729
6736 6730 6729
6736 6737 6730
6737 6731 6730
6737 6738 6731
6738 6732 6731
6733 6732 6739
6732 6738 6739
6740 6734 6739
6734 6733 6739
6688 6622 6644
6354 6622 6688
6350 6346 6348
6726 6693 6621
6258 6257 6463
6257 6224 6463
6466 6277 6463
6277 6258 6463
6276 6277 6465
6277 6466 6465
6652 6650 6477
6650 6473 6477
6473 6650 6474
6650 6651 6474
6290 6471 6291
6471 6472 6291
6224 6257 6225
6257 6462 6225
6229 6228 6678
6741 6690 6442
6690 6691 6442
6229 6678 6435
6692 6742 6689
6361 6352 6689
6352 6353 6689
6455 6743 6282
6743 6280 6282
6368 6369 6621
6374 6358 6359
6744 6456 6745
6456 6746 6745
6746 6456 6747
6456 6313 6747
6748 6747 6314
6747 6313 6314
6334 6748 6298
6748 6314 6298
6678 6228 6437
6437 6677 6678
6261 6252 6262
6252 6265 6262
6261 6238 6252
6238 6254 6252
6230 6427 6238
6744 6745 6749
6745 6750 6749
6751 6752 6749
6752 6744 6749
6423 6424 6753
6424 6754 6753
6424 6383 6754
6383 6755 6754
6383 6385 6755
6385 6756 6755
6757 6756 6387
6756 6385 6387
6387 6389 6757
6389 6758 6757
6759 6758 6392
6758 6389 6392
6760 6759 6391
6759 6392 6391
6391 6408 6760
6408 6761 6760
6408 6410 6761
6410 6762 6761
6410 6413 6762
6413 6763 6762
6413 6414 6763
6414 6764 6763
6414 6417 6764
6417 6416 6764
6423 6753 6451
6753 6459 6451
6415 6417 6646
6765 6766 6419
6460 6425 6418
6420 6457 6418
6457 6458 6418
6458 6460 6418
6419 6418 6425
6744 6752 6456
6752 6455 6456
6767 6743 6752
6743 6455 6752
6751 6768 6752
6768 6767 6752
6239 6243 6244
6238 6261 6243
6354 6348 6622
6769 6770 6771
6741 6771 6772
6771 6770 6772
6741 6772 6690
6773 6774 6775
6774 6776 6775
6777 6773 6778
6773 6775 6778
6779 6777 6780
6777 6778 6780
6749 6750 6773
6750 6774 6773
6751 6749 6777
6749 6773 6777
6768 6751 6779
6751 6777 6779
6249 6781 6250
6766 6420 6419
6250 6771 6440
6440 6771 6741
6440 6741 6442
6781 6771 6250
6440 6439 6250
6439 6247 6250
6439 6454 6247
6454 6245 6247
6436 6240 6263
6240 6244 6263
6590 6724 6495
6607 6604 6782
6604 6603 6782
6483 6360 6742
6360 6361 6742
6360 6484 6363
6772 6692 6690
6697 6783 6696
6783 6784 6696
6785 6699 6786
6699 6698 6786
6783 6787 6784
6787 6788 6784
6789 6785 6790
6785 6786 6790
6791 6788 6792
6788 6787 6792
6245 6263 6246
6263 6264 6246
6436 6263 6454
6263 6245 6454
6454 6453 6436
6453 6438 6436
6453 6644 6438
6644 6687 6438
6742 6361 6689
6350 6348 6354
6781 6769 6771
6645 6623 6793
6623 6794 6793
6623 6349 6794
6349 6795 6794
6349 6347 6795
6347 6796 6795
6343 6797 6347
6797 6796 6347
6342 6798 6343
6798 6797 6343
6735 6793 6736
6793 6794 6736
6737 6736 6795
6736 6794 6795
6738 6737 6796
6737 6795 6796
6739 6738 6797
6738 6796 6797
6740 6739 6798
6739 6797 6798
6728 6721 6579
6721 6720 6579
6494 6563 6720
6563 6579 6720
6493 6561 6494
6561 6563 6494
6441 6442 6688
6442 6691 6688
6354 6688 6353
6688 6691 6353
6506 6507 6575
6507 6799 6575
6573 6575 6800
6575 6799 6800
6507 6509 6799
6509 6564 6799
6799 6564 6800
6564 6562 6800
6714 6582 6584
6716 6597 6717
6491 6716 6489
6238 6427 6254
6323 6230 6229
6228 6238 6239
6801 6802 6803
6802 6804 6803
6805 6806 6807
6806 6808 6807
6809 6810 6811
6810 6812 6811
6813 6814 6815
6814 6816 6815
6817 6818 6819
6818 6820 6819
6819 6821 6817
6821 6822 6817
6823 6824 6825
6824 6826 6825
6824 6827 6826
6827 6828 6826
6829 6830 6831
6830 6832 6831
6830 6833 6832
6833 6834 6832
6835 6836 6814
6837 6838 6835
6838 6839 6835
6840 6841 6842
6843 6844 6845
6844 6840 6845
6802 6846 6804
6846 6847 6804
6848 6849 6850
6849 6851 6850
6833 6852 6834
6852 6853 6834
6854 6855 6856
6855 6857 6856
6838 6858 6839
6858 6859 6839
6858 6860 6859
6860 6861 6859
6827 6862 6828
6862 6863 6828
6803 6864 6865
6866 6867 6868
6867 6869 6868
6870 6871 6872
6871 6873 6872
6874 6875 6876
6875 6877 6876
6871 6874 6873
6874 6876 6873
6875 6878 6877
6878 6879 6877
6870 6872 6880
6881 6866 6882
6866 6868 6882
6866 6881 6883
6881 6884 6883
6885 6881 6886
6881 6882 6886
6885 6887 6888
6887 6889 6888
6890 6887 6891
6887 6892 6891
6890 6893 6887
6893 6889 6887
6894 6890 6895
6890 6891 6895
6896 6893 6894
6893 6890 6894
6806 6823 6808
6823 6825 6808
6812 6829 6811
6829 6831 6811
6857 6897 6856
6897 6898 6856
6899 6900 6860
6901 6902 6903
6902 6904 6903
6902 6905 6904
6905 6906 6904
6907 6908 6909
6908 6910 6909
6911 6912 6913
6912 6914 6913
6915 6916 6908
6916 6910 6908
6915 6917 6916
6917 6918 6916
6919 6920 6921
6920 6922 6921
6923 6914 6924
6914 6912 6924
6925 6926 6927
6926 6928 6927
6928 6926 6903
6926 6901 6903
6929 6911 6930
6911 6913 6930
6931 6932 6933
6932 6934 6933
6935 6936 6921
6936 6919 6921
6932 6931 6937
6931 6938 6937
6939 6940 6941
6940 6942 6941
6940 6943 6944
6943 6945 6944
6946 6947 6948
6947 6949 6948
6949 6950 6948
6950 6951 6948
6920 6951 6922
6951 6950 6922
6909 6952 6907
6945 6943 6917
6943 6918 6917
6953 6954 6955
6954 6956 6955
6957 6958 6959
6960 6961 6962
6960 6963 6961
6963 6964 6961
6963 6965 6964
6965 6966 6964
6966 6965 6967
6965 6968 6967
6967 6968 6969
6968 6970 6969
6969 6970 6971
6970 6972 6971
6971 6972 6973
6972 6974 6973
6973 6974 6975
6974 6976 6975
6977 6978 6958
6978 6959 6958
6979 6980 6981
6980 6982 6981
6980 6983 6982
6983 6984 6982
6985 6979 6986
6979 6981 6986
6987 6988 6989
6990 6987 6989
6991 6992 6987
6992 6988 6987
6993 6991 6990
6991 6987 6990
6864 6879 6878
6994 6995 6996
6995 6997 6996
6998 6994 6999
6994 6996 6999
7000 7001 6821
7001 7002 6821
6821 6819 7000
6819 7003 7000
6819 6820 7003
6820 7004 7003
7005 7004 6849
7004 6820 6849
7006 7005 6848
7005 6849 6848
7007 7006 6867
7006 6848 6867
6867 6866 7007
6866 6883 7007
7008 7009 6822
7009 6817 6822
7010 6818 7009
6818 6817 7009
6850 6851 6802
6851 6846 6802
7011 6870 6880
6867 6848 6869
6848 6850 6869
7012 7013 7014
7013 7015 7014
7016 7012 7017
7012 7014 7017
7018 7019 7014
7019 7017 7014
7020 7021 7022
7021 7023 7022
7021 7024 7023
7024 7015 7023
7025 7016 7026
7016 7017 7026
7027 7025 7028
7025 7026 7028
7019 7029 7017
7029 7026 7017
7026 7029 7030
7031 7032 7033
7032 7034 7033
7035 7036 7037
7036 7038 7037
7039 7027 7040
7027 7028 7040
7041 7039 7042
7039 7040 7042
7041 7042 7043
7042 7044 7043
7045 7037 7046
7037 7038 7046
7047 7048 7023
7048 7022 7023
7013 7047 7015
7047 7023 7015
7024 7018 7015
7018 7014 7015
7049 7050 7051
7049 7020 7050
7020 7022 7050
7051 7050 7052
7048 7052 7022
7052 7050 7022
7053 7054 7055
7054 7056 7055
7057 7058 7059
7058 7060 7059
7061 7062 7046
7062 7056 7046
6841 7038 6842
7058 7063 7060
7063 7064 7060
7065 7066 7067
7068 7069 7070
7069 7071 7070
7072 7073 7074
7073 7075 7074
7076 7068 7077
7068 7070 7077
7078 7076 7079
7076 7077 7079
7080 7078 7081
7078 7079 7081
7082 7080 7083
7080 7081 7083
7084 7085 7083
7085 7082 7083
7071 7069 7066
7069 7067 7066
7086 7075 7073
7087 7072 7088
7072 7074 7088
7089 7087 7090
7087 7088 7090
7091 7089 7092
7089 7090 7092
7093 7091 7094
7091 7092 7094
7095 7093 7096
7093 7094 7096
7097 7095 7098
7095 7096 7098
7098 7099 7097
7099 7100 7097
7101 7100 7102
7103 7101 7104
7101 7102 7104
7103 7104 7105
7104 7106 7105
7107 7105 7108
7105 7106 7108
7109 7110 7107
7111 7100 7101
6961 7112 7113
7054 7045 7056
7045 7046 7056
6841 7061 7038
7061 7046 7038
7062 7114 7056
7114 7055 7056
7114 7057 7055
7057 7059 7055
7115 7053 7059
7053 7055 7059
7116 7117 7118
7117 7119 7118
6833 6830 6839
6830 6835 6839
6852 6833 6859
6833 6839 6859
7120 6805 6807
7121 7097 7111
7097 7100 7111
7122 7123 7095
7123 7093 7095
7123 7124 7093
7124 7091 7093
7124 7125 7091
7125 7089 7091
7125 7126 7089
7126 7087 7089
7126 7127 7087
7127 7072 7087
7127 7128 7072
7128 7073 7072
7086 7073 7128
7129 7130 7131
7130 7132 7131
7133 7130 7134
7130 7129 7134
7134 7135 7133
7135 7136 7133
7137 7138 7135
7138 7136 7135
7137 7139 7138
7139 7140 7138
7139 7141 7140
7141 7142 7140
7143 7144 7141
7144 7142 7141
7145 7146 7147
7146 7148 7147
7149 7040 7150
7148 7146 7143
7146 7144 7143
7151 6947 6946
7152 7145 7147
6894 6895 7153
6894 7153 6896
6999 7154 6998
6875 7155 6878
7155 7156 6878
6874 7157 6875
7157 7155 6875
6874 6871 7157
6871 7158 7157
6871 6870 7158
6870 7011 7158
6802 6801 6850
6801 6869 6850
6868 6869 6865
6868 6865 6878
7159 7160 6927
7160 6925 6927
6897 7161 6898
7161 7162 6898
7163 6899 7164
7165 7166 7167
7168 7169 7170
7171 7166 7165
7172 6954 6953
7173 7162 7161
7173 7161 7174
7107 7108 7109
7108 7175 7109
7176 7177 7178
7177 7179 7178
7178 6955 7176
6955 6956 7176
7030 7010 7150
7010 7009 7150
7121 7122 7097
7122 7095 7097
7150 7028 7030
7180 7181 7182
7181 7001 7182
7183 7180 7184
7180 7182 7184
7185 7183 7186
7183 7184 7186
6984 7185 7187
7185 7186 7187
6982 6984 7188
6984 7187 7188
6981 6982 7189
6982 7188 7189
6986 6981 7190
6981 7189 7190
7159 7112 7160
7112 6961 7160
7191 7115 7060
7115 7059 7060
7167 7192 7170
7193 7191 7064
7191 7060 7064
7064 7063 7170
7063 7168 7170
7170 7194 7064
7194 7193 7064
7195 6929 6930
7035 7031 7036
7031 7033 7036
7167 7170 7169
7192 7194 7170
6940 6906 6905
6942 6940 6905
7196 7197 7198
7149 7199 7042
7199 7044 7042
7200 7201 7202
7201 7203 7202
7200 7204 7201
7204 7199 7201
7199 7204 7044
7204 7034 7044
7034 7032 7044
7032 7043 7044
7197 7205 7206
7196 7198 7109
7107 7110 7105
7110 7113 7105
7150 7040 7028
7028 7026 7030
7207 7205 7196
7196 7208 7207
7100 7099 7102
7002 7209 7203
7209 7202 7203
7210 7211 7185
7211 7183 7185
6983 7210 6984
7210 7185 6984
6852 6855 6853
6855 6854 6853
7179 7177 6862
7177 6863 6862
6861 6855 6859
6855 6852 6859
6900 6857 6861
6857 6855 6861
6900 7163 6857
7163 6897 6857
7174 7161 7163
7161 6897 7163
6836 6829 7212
6829 6812 7212
6814 6813 6837
6836 6835 6829
6835 6830 6829
7213 7214 7209
7214 7215 7209
7216 7202 7215
7202 7209 7215
7217 7200 7216
7200 7202 7216
7217 7218 7200
7218 7204 7200
7218 7033 7204
7033 7034 7204
7203 6822 7002
6822 6821 7002
7203 7201 6822
7201 7008 6822
6886 6892 6885
6892 6887 6885
6885 6888 6881
6888 6884 6881
6923 6924 6941
6924 6939 6941
6934 6997 6933
6997 6995 6933
7197 7196 7205
6962 6961 7113
7174 7163 7164
7217 7216 6845
7216 6843 6845
6842 7218 6845
7218 7217 6845
6842 7036 7218
7036 7033 7218
7166 7192 7167
7113 7110 6962
7110 7219 6962
6801 6803 6865
6869 6801 6865
7156 6868 6878
6865 6864 6878
7196 7109 7208
7109 7175 7208
7109 7198 7110
7163 6900 6899
7214 7118 7215
7118 7119 7215
6845 6840 6842
7038 7036 6842
7201 7199 7008
7199 7149 7008
7009 7008 7150
7008 7149 7150
7149 7042 7040
6849 6820 6851
6820 6818 6851
7010 6846 6818
6846 6851 6818
7010 7030 6846
7030 6847 6846
7209 7002 7001
6991 6986 6992
6986 7190 6992
6993 6985 6991
6985 6986 6991
6975 6976 6977
6976 6978 6977
6816 6836 7212
6843 7119 6844
7119 7117 6844
6843 7216 7119
7216 7215 7119
7220 7117 7221
7117 7116 7221
7222 6844 7220
6844 7117 7220
6810 6840 7222
6840 6844 7222
6810 6809 6840
6809 6841 6840
7221 6815 7220
6815 6816 7220
7220 6816 7212
6812 6810 7212
6810 7222 7212
6835 6814 6837
7209 7001 7213
7198 7197 7223
7197 7224 7223
7110 7198 7219
7198 7223 7219
6903 7225 6928
7225 7121 6928
6903 6904 7225
6904 7226 7225
6906 7227 6904
7227 7226 6904
6906 6940 7227
6940 6944 7227
7113 7112 7105
7112 7103 7105
7112 7159 7103
7159 7101 7103
7159 6927 7101
6927 7111 7101
6927 6928 7111
6928 7121 7111
6900 6861 6860
6816 6814 6836
7222 7220 7212
7173 7174 7164
7214 7213 7228
7228 7213 7181
7213 7001 7181
6491 6723 6591
