byte offset: 0
first index: 0
index count: 15468
topology: trianglelist
format: DXGI_FORMAT_R16_UINT

0 1 2
1 3 2
4 5 6
5 7 6
8 9 10
9 11 10
12 13 14
13 15 14
16 17 8
17 9 8
18 0 19
0 2 19
14 15 16
15 17 16
20 21 22
21 23 22
24 25 26
25 27 26
28 29 30
29 31 30
32 33 34
33 35 34
36 37 38
37 39 38
40 41 42
43 44 45
44 46 45
47 48 49
48 50 49
51 52 53
52 54 53
55 56 57
56 58 57
59 60 61
60 62 61
63 64 65
64 66 65
67 68 69
68 70 69
71 72 73
72 74 73
75 76 77
76 78 77
79 80 60
80 62 60
81 82 83
82 84 83
85 81 86
81 83 86
87 88 89
88 90 89
91 20 92
20 22 92
28 93 29
93 94 29
95 96 97
96 98 97
36 73 37
73 74 37
99 100 101
71 102 72
102 103 72
75 77 104
77 105 104
106 107 69
107 67 69
108 109 110
109 111 110
112 113 114
113 115 114
43 45 116
45 117 116
44 118 46
118 119 46
120 121 122
121 123 122
124 125 126
125 127 126
128 63 129
63 65 129
130 131 1
131 3 1
93 132 94
132 133 94
134 135 136
116 117 137
117 138 137
102 136 103
136 135 103
40 137 41
137 138 41
108 110 79
110 80 79
139 140 109
140 111 109
141 142 130
142 131 130
143 18 144
18 19 144
145 146 147
146 148 147
146 143 148
143 144 148
21 26 23
26 27 23
85 86 24
86 25 24
82 87 84
87 89 84
4 120 5
120 122 5
149 150 151
6 7 141
7 142 141
152 153 52
153 54 52
34 133 32
133 132 32
31 154 30
154 155 30
97 98 33
98 35 33
127 156 126
156 157 126
114 115 76
115 78 76
53 113 51
113 112 51
105 50 104
50 48 104
49 158 47
158 159 47
139 107 140
107 106 140
160 59 161
59 61 161
162 163 164
162 165 163
165 166 163
165 167 168
167 169 168
165 168 166
100 99 170
99 171 170
170 171 147
171 145 147
172 173 174
173 175 174
174 175 176
176 177 178
177 179 178
180 178 181
178 179 181
182 180 183
180 181 183
184 185 186
185 187 186
188 186 189
186 187 189
188 189 173
190 191 192
191 193 192
190 192 194
179 177 195
177 194 195
179 195 181
195 196 181
181 196 183
196 197 183
187 185 198
185 199 198
189 187 200
187 198 200
189 200 191
175 190 177
173 191 175
189 191 173
192 201 194
192 193 201
193 202 201
200 202 193
203 204 205
206 207 203
207 208 203
209 210 211
210 212 211
213 214 207
214 208 207
215 216 213
216 214 213
217 218 219
218 220 219
221 222 223
222 224 223
225 226 227
226 228 227
226 229 228
229 230 228
231 232 229
232 230 229
205 204 231
204 232 231
202 232 201
232 204 201
200 230 202
230 232 202
200 198 230
198 228 230
198 199 228
199 227 228
197 196 233
196 214 233
196 195 214
195 208 214
194 203 195
203 208 195
204 203 201
203 194 201
234 235 236
235 237 236
238 239 237
238 240 239
240 241 239
241 240 242
240 243 242
242 243 244
243 245 244
246 247 248
247 249 248
249 247 250
247 251 250
251 234 236
252 253 254
253 255 254
255 239 256
256 239 257
239 241 257
241 242 257
242 258 257
242 244 258
244 259 258
260 248 261
248 249 261
261 249 262
249 250 262
253 252 262
263 264 176
264 174 176
265 263 178
263 176 178
266 265 180
265 178 180
267 266 182
266 180 182
268 184 269
184 186 269
269 186 270
186 188 270
270 188 271
188 172 271
271 172 264
172 174 264
237 239 255
237 255 253
250 236 253
254 256 272
273 252 272
252 254 272
262 252 273
274 275 276
275 277 276
278 276 279
280 281 282
281 283 282
284 285 280
285 281 280
284 286 285
286 287 285
286 288 287
288 289 287
290 291 289
291 292 289
277 275 290
275 291 290
288 272 290
272 256 290
277 290 257
290 256 257
277 257 276
257 258 276
276 258 279
258 259 279
282 260 280
260 261 280
280 261 284
261 262 284
286 284 273
284 262 273
288 286 272
286 273 272
293 294 295
296 297 298
299 300 301
300 302 301
203 205 206
205 303 206
216 233 214
289 288 290
276 278 274
278 304 274
210 305 212
294 293 306
293 307 306
220 308 219
309 296 310
296 298 310
175 177 176
191 190 175
200 193 191
235 238 237
236 237 253
250 253 262
190 194 177
255 256 254
188 173 172
251 236 250
235 234 264
234 271 264
235 264 238
264 263 238
238 263 240
263 265 240
240 265 243
265 266 243
243 266 245
266 267 245
247 246 269
246 268 269
269 270 247
270 251 247
234 251 271
251 270 271
311 312 313
312 314 313
312 315 314
315 316 317
316 318 317
318 316 319
316 320 319
319 320 321
320 322 321
323 324 325
324 326 325
326 324 327
324 328 327
328 313 327
329 330 331
330 332 331
332 333 331
333 317 334
317 318 334
318 319 334
319 335 334
319 321 335
321 336 335
337 325 338
325 326 338
338 326 339
326 327 339
327 330 339
314 317 332
313 314 330
327 313 330
331 333 340
341 329 340
329 331 340
339 329 341
342 343 344
345 346 342
346 347 342
348 349 350
349 351 350
345 352 346
352 353 346
352 354 353
354 355 353
356 357 358
357 359 358
360 361 362
361 363 362
364 365 366
365 367 366
368 369 364
369 365 364
370 369 371
369 368 371
343 370 344
370 371 344
341 340 371
340 344 371
339 341 368
341 371 368
364 338 368
338 339 368
366 337 364
337 338 364
352 335 372
335 336 372
345 334 352
334 335 352
333 334 342
334 345 342
344 340 342
340 333 342
373 374 375
374 376 375
377 376 378
377 378 379
378 380 379
381 379 382
379 380 382
383 381 384
381 382 384
385 386 387
386 388 387
389 387 390
387 388 390
389 374 373
391 392 393
392 394 393
391 395 378
380 378 396
378 395 396
380 396 382
396 397 382
382 397 384
397 398 384
388 386 399
386 400 399
390 388 401
388 399 401
392 401 394
312 402 315
402 403 315
315 403 316
403 404 316
316 404 320
404 405 320
320 405 322
405 406 322
407 408 323
408 324 323
328 324 409
324 408 409
409 410 328
410 311 328
410 402 311
402 312 311
376 391 378
376 392 391
390 392 374
393 411 395
393 394 411
394 412 411
401 412 394
413 414 415
414 416 415
417 418 414
419 420 421
420 422 421
423 419 424
419 421 424
425 426 424
426 423 424
427 428 425
428 426 425
429 430 427
430 431 427
416 431 415
431 430 415
395 411 431
411 428 431
395 431 396
431 416 396
416 414 396
414 397 396
414 418 397
418 398 397
420 419 400
419 399 400
419 423 399
423 401 399
401 423 412
423 426 412
412 426 411
426 428 411
432 433 434
435 436 437
438 439 440
439 441 440
342 347 343
347 442 343
354 352 372
427 431 428
443 417 413
417 414 413
349 348 444
445 432 446
432 434 446
359 357 447
448 449 435
449 436 435
314 315 317
330 314 332
339 330 329
375 376 377
374 392 376
390 401 392
332 317 333
391 393 395
328 311 313
389 390 374
410 373 402
373 375 402
375 377 402
377 403 402
377 379 403
379 404 403
379 381 404
381 405 404
381 383 405
383 406 405
407 385 408
385 387 408
389 409 387
409 408 387
409 389 410
389 373 410
450 451 452
451 453 452
454 455 456
455 457 456
458 459 460
459 461 460
462 463 464
463 465 464
466 467 468
467 469 468
470 471 472
471 473 472
474 475 476
475 477 476
478 479 480
479 481 480
482 483 484
483 485 484
486 487 488
487 489 488
490 462 491
462 464 491
492 493 482
493 483 482
494 495 454
495 455 454
496 478 497
478 480 497
498 490 499
490 491 499
497 500 496
500 501 496
502 503 494
503 495 494
504 493 505
493 492 505
472 504 470
504 505 470
451 503 453
503 502 453
501 500 474
500 475 474
461 498 460
498 499 460
506 507 508
507 509 508
510 511 512
511 513 512
514 515 516
515 517 516
518 519 520
519 521 520
522 523 524
523 525 524
526 527 528
527 529 528
530 531 532
531 533 532
534 535 536
535 537 536
538 539 540
539 541 540
542 543 544
543 545 544
546 547 521
547 520 521
539 548 541
548 549 541
511 550 513
550 551 513
552 553 534
553 535 534
554 555 546
555 547 546
553 552 556
552 557 556
550 558 551
558 559 551
560 561 548
561 549 548
527 526 560
526 561 560
508 509 558
509 559 558
531 556 533
556 557 533
514 516 554
516 555 554
562 563 564
563 565 564
565 563 566
563 567 566
567 568 566
568 569 566
570 571 572
571 573 572
573 571 574
571 575 574
575 562 574
562 564 574
576 577 578
577 579 578
576 580 577
580 581 577
582 583 580
583 581 580
584 585 586
585 587 586
584 588 585
588 589 585
578 579 588
579 589 588
590 591 592
591 593 592
592 594 590
594 595 590
596 595 597
595 594 597
598 596 599
596 597 599
600 601 602
601 603 602
602 603 604
603 605 604
604 605 606
605 607 606
606 607 608
607 609 608
608 609 610
609 611 610
610 611 612
611 613 612
612 613 614
613 615 614
614 615 616
615 617 616
616 617 618
617 619 618
620 621 622
621 623 622
624 622 625
622 623 625
626 624 627
624 625 627
628 626 629
626 627 629
630 628 631
628 629 631
591 630 593
630 631 593
632 633 634
635 633 636
637 638 639
640 638 641
642 643 644
645 646 647
648 649 650
651 652 649
653 633 652
637 641 638
645 654 646
635 639 638
655 649 646
635 638 633
655 650 649
632 636 633
648 656 649
653 634 633
653 652 657
651 657 652
651 649 656
640 644 643
640 643 638
642 647 646
642 646 643
573 584 572
584 586 572
658 659 660
659 661 660
574 564 588
564 578 588
565 576 564
576 578 564
566 580 565
580 576 565
566 569 580
569 582 580
617 662 619
662 663 619
617 615 662
615 664 662
615 613 664
613 665 664
613 611 665
611 666 665
611 609 666
609 667 666
609 607 667
607 668 667
607 605 668
605 669 668
605 603 669
603 670 669
603 601 670
601 671 670
597 672 599
672 673 599
594 674 597
674 672 597
592 675 594
675 674 594
593 676 592
676 675 592
631 677 593
677 676 593
629 678 631
678 677 631
627 679 629
679 678 629
625 680 627
680 679 627
623 681 625
681 680 625
621 682 623
682 681 623
618 619 620
619 621 620
619 663 621
663 682 621
654 655 646
683 684 685
685 684 686
686 684 687
687 684 688
688 684 689
689 684 690
690 684 691
691 684 692
692 684 693
693 684 694
695 684 696
696 684 697
697 684 698
698 684 699
699 684 700
700 684 701
701 684 702
702 684 683
703 704 705
704 706 705
707 705 708
705 706 708
707 708 709
708 710 709
711 712 713
712 714 713
715 713 716
713 714 716
715 716 703
716 704 703
717 718 719
718 720 719
721 722 719
722 717 719
723 722 724
722 721 724
725 726 727
726 728 727
729 730 727
730 725 727
718 730 720
730 729 720
731 732 733
732 734 733
733 734 735
734 736 735
735 736 737
736 738 737
737 738 739
738 740 739
741 742 743
742 744 743
742 745 744
745 746 744
745 747 746
747 748 746
747 749 748
749 750 748
749 751 750
751 752 750
751 753 752
753 754 752
753 755 754
755 756 754
755 757 756
757 758 756
757 759 758
759 760 758
761 762 763
762 764 763
764 762 765
762 766 765
765 766 767
766 768 767
767 768 769
768 770 769
769 770 771
770 772 771
771 772 731
772 732 731
773 774 775
776 777 775
778 779 780
781 782 780
783 784 785
786 787 788
789 790 791
792 791 793
794 793 775
778 780 782
786 788 795
776 780 779
796 788 791
776 775 780
796 791 790
773 775 777
789 791 797
794 775 774
794 798 793
792 793 798
792 797 791
781 785 784
781 780 785
783 788 787
783 785 788
714 712 725
712 726 725
799 800 801
800 802 801
718 704 730
704 716 730
706 704 717
704 718 717
708 706 722
706 717 722
723 710 722
710 708 722
758 760 803
760 804 803
805 756 803
756 758 803
806 754 805
754 756 805
807 752 806
752 754 806
808 750 807
750 752 807
809 748 808
748 750 808
810 746 809
746 748 809
811 744 810
744 746 810
812 743 811
743 744 811
737 739 813
739 814 813
735 737 815
737 813 815
815 816 735
816 733 735
731 733 817
733 816 817
771 731 818
731 817 818
769 771 819
771 818 819
767 769 820
769 819 820
765 767 821
767 820 821
764 765 822
765 821 822
763 764 823
764 822 823
763 760 761
760 759 761
823 804 763
804 760 763
795 788 796
824 825 826
825 827 826
827 828 826
828 829 826
829 830 826
830 831 826
831 832 826
832 833 826
833 834 826
834 835 826
836 837 826
837 838 826
838 839 826
839 840 826
840 841 826
841 842 826
842 843 826
843 824 826
844 845 846
845 847 846
846 847 848
848 849 850
849 851 850
852 850 853
850 851 853
854 852 855
852 853 855
856 857 858
857 859 858
860 858 861
858 859 861
860 861 845
862 863 864
863 865 864
862 864 866
851 849 867
849 866 867
851 867 853
867 868 853
853 868 855
868 869 855
859 857 870
857 871 870
861 859 872
859 870 872
861 872 863
847 862 849
845 863 847
861 863 845
864 873 866
864 865 873
865 874 873
872 874 865
875 876 877
878 879 875
879 880 875
881 882 883
882 884 883
885 886 879
886 880 879
887 888 885
888 886 885
889 890 891
890 892 891
893 894 895
894 896 895
897 898 899
898 900 899
898 901 900
901 902 900
903 904 901
904 902 901
877 876 903
876 904 903
874 904 873
904 876 873
872 902 874
902 904 874
872 870 902
870 900 902
870 871 900
871 899 900
869 868 905
868 886 905
868 867 886
867 880 886
866 875 867
875 880 867
876 875 873
875 866 873
906 907 908
907 909 908
910 911 909
910 912 911
912 913 911
913 912 914
912 915 914
914 915 916
915 917 916
918 919 920
919 921 920
921 919 922
919 923 922
923 906 908
924 925 926
925 927 926
927 911 928
928 911 929
911 913 929
913 914 929
914 930 929
914 916 930
916 931 930
932 920 933
920 921 933
933 921 934
921 922 934
925 924 934
935 936 848
936 846 848
937 935 850
935 848 850
938 937 852
937 850 852
939 938 854
938 852 854
940 856 941
856 858 941
941 858 942
858 860 942
942 860 943
860 844 943
943 844 936
844 846 936
909 911 927
909 927 925
922 908 925
926 928 944
945 924 944
924 926 944
934 924 945
946 947 948
947 949 948
950 948 951
952 953 954
953 955 954
956 957 952
957 953 952
956 958 957
958 959 957
958 960 959
960 961 959
962 963 961
963 964 961
949 947 962
947 963 962
960 944 962
944 928 962
949 962 929
962 928 929
949 929 948
929 930 948
948 930 951
930 931 951
954 932 952
932 933 952
952 933 956
933 934 956
958 956 945
956 934 945
960 958 944
958 945 944
965 966 967
968 969 970
971 972 973
972 974 973
875 877 878
877 975 878
888 905 886
961 960 962
948 950 946
950 976 946
882 977 884
966 965 978
965 979 978
892 980 891
981 968 982
968 970 982
847 849 848
863 862 847
872 865 863
907 910 909
908 909 925
922 925 934
862 866 849
927 928 926
860 845 844
923 908 922
907 906 936
906 943 936
907 936 910
936 935 910
910 935 912
935 937 912
912 937 915
937 938 915
915 938 917
938 939 917
919 918 941
918 940 941
941 942 919
942 923 919
906 923 943
923 942 943
983 984 985
984 986 985
984 987 986
987 988 989
988 990 989
990 988 991
988 992 991
991 992 993
992 994 993
995 996 997
996 998 997
998 996 999
996 1000 999
1000 985 999
1001 1002 1003
1002 1004 1003
1004 1005 1003
1005 989 1006
989 990 1006
990 991 1006
991 1007 1006
991 993 1007
993 1008 1007
1009 997 1010
997 998 1010
1010 998 1011
998 999 1011
999 1002 1011
986 989 1004
985 986 1002
999 985 1002
1003 1005 1012
1013 1001 1012
1001 1003 1012
1011 1001 1013
1014 1015 1016
1017 1018 1014
1018 1019 1014
1020 1021 1022
1021 1023 1022
1017 1024 1018
1024 1025 1018
1024 1026 1025
1026 1027 1025
1028 1029 1030
1029 1031 1030
1032 1033 1034
1033 1035 1034
1036 1037 1038
1037 1039 1038
1040 1041 1036
1041 1037 1036
1042 1041 1043
1041 1040 1043
1015 1042 1016
1042 1043 1016
1013 1012 1043
1012 1016 1043
1011 1013 1040
1013 1043 1040
1036 1010 1040
1010 1011 1040
1038 1009 1036
1009 1010 1036
1024 1007 1044
1007 1008 1044
1017 1006 1024
1006 1007 1024
1005 1006 1014
1006 1017 1014
1016 1012 1014
1012 1005 1014
1045 1046 1047
1046 1048 1047
1049 1048 1050
1049 1050 1051
1050 1052 1051
1053 1051 1054
1051 1052 1054
1055 1053 1056
1053 1054 1056
1057 1058 1059
1058 1060 1059
1061 1059 1062
1059 1060 1062
1061 1046 1045
1063 1064 1065
1064 1066 1065
1063 1067 1050
1052 1050 1068
1050 1067 1068
1052 1068 1054
1068 1069 1054
1054 1069 1056
1069 1070 1056
1060 1058 1071
1058 1072 1071
1062 1060 1073
1060 1071 1073
1064 1073 1066
984 1074 987
1074 1075 987
987 1075 988
1075 1076 988
988 1076 992
1076 1077 992
992 1077 994
1077 1078 994
1079 1080 995
1080 996 995
1000 996 1081
996 1080 1081
1081 1082 1000
1082 983 1000
1082 1074 983
1074 984 983
1048 1063 1050
1048 1064 1063
1062 1064 1046
1065 1083 1067
1065 1066 1083
1066 1084 1083
1073 1084 1066
1085 1086 1087
1086 1088 1087
1089 1090 1086
1091 1092 1093
1092 1094 1093
1095 1091 1096
1091 1093 1096
1097 1098 1096
1098 1095 1096
1099 1100 1097
1100 1098 1097
1101 1102 1099
1102 1103 1099
1088 1103 1087
1103 1102 1087
1067 1083 1103
1083 1100 1103
1067 1103 1068
1103 1088 1068
1088 1086 1068
1086 1069 1068
1086 1090 1069
1090 1070 1069
1092 1091 1072
1091 1071 1072
1091 1095 1071
1095 1073 1071
1073 1095 1084
1095 1098 1084
1084 1098 1083
1098 1100 1083
1104 1105 1106
1107 1108 1109
1110 1111 1112
1111 1113 1112
1014 1019 1015
1019 1114 1015
1026 1024 1044
1099 1103 1100
1115 1089 1085
1089 1086 1085
1021 1020 1116
1117 1104 1118
1104 1106 1118
1031 1029 1119
1120 1121 1107
1121 1108 1107
986 987 989
1002 986 1004
1011 1002 1001
1047 1048 1049
1046 1064 1048
1062 1073 1064
1004 989 1005
1063 1065 1067
1000 983 985
1061 1062 1046
1082 1045 1074
1045 1047 1074
1047 1049 1074
1049 1075 1074
1049 1051 1075
1051 1076 1075
1051 1053 1076
1053 1077 1076
1053 1055 1077
1055 1078 1077
1079 1057 1080
1057 1059 1080
1061 1081 1059
1081 1080 1059
1081 1061 1082
1061 1045 1082
1122 1123 1124
1123 1125 1124
1126 1127 1128
1127 1129 1128
1130 1131 1132
1131 1133 1132
1134 1135 1136
1135 1137 1136
1138 1139 1140
1139 1141 1140
1142 1143 1144
1143 1145 1144
1146 1147 1148
1147 1149 1148
1150 1151 1152
1151 1153 1152
1154 1155 1156
1155 1157 1156
1158 1159 1160
1159 1161 1160
1162 1134 1163
1134 1136 1163
1164 1165 1154
1165 1155 1154
1166 1167 1126
1167 1127 1126
1168 1150 1169
1150 1152 1169
1170 1162 1171
1162 1163 1171
1169 1172 1168
1172 1173 1168
1174 1175 1166
1175 1167 1166
1176 1165 1177
1165 1164 1177
1144 1176 1142
1176 1177 1142
1123 1175 1125
1175 1174 1125
1173 1172 1146
1172 1147 1146
1133 1170 1132
1170 1171 1132
1178 1179 1180
1179 1181 1180
1182 1183 1184
1183 1185 1184
1186 1187 1188
1187 1189 1188
1190 1191 1192
1191 1193 1192
1194 1195 1196
1195 1197 1196
1198 1199 1200
1199 1201 1200
1202 1203 1204
1203 1205 1204
1206 1207 1208
1207 1209 1208
1210 1211 1212
1211 1213 1212
1214 1215 1216
1215 1217 1216
1218 1219 1193
1219 1192 1193
1211 1220 1213
1220 1221 1213
1183 1222 1185
1222 1223 1185
1224 1225 1206
1225 1207 1206
1226 1227 1218
1227 1219 1218
1225 1224 1228
1224 1229 1228
1222 1230 1223
1230 1231 1223
1232 1233 1220
1233 1221 1220
1199 1198 1232
1198 1233 1232
1180 1181 1230
1181 1231 1230
1203 1228 1205
1228 1229 1205
1186 1188 1226
1188 1227 1226
1234 1235 1236
1235 1237 1236
1237 1235 1238
1235 1239 1238
1239 1240 1238
1240 1241 1238
1242 1243 1244
1243 1245 1244
1245 1243 1246
1243 1247 1246
1247 1234 1246
1234 1236 1246
1248 1249 1250
1249 1251 1250
1248 1252 1249
1252 1253 1249
1254 1255 1252
1255 1253 1252
1256 1257 1258
1257 1259 1258
1256 1260 1257
1260 1261 1257
1250 1251 1260
1251 1261 1260
1262 1263 1264
1263 1265 1264
1264 1266 1262
1266 1267 1262
1268 1267 1269
1267 1266 1269
1270 1268 1271
1268 1269 1271
1272 1273 1274
1273 1275 1274
1274 1275 1276
1275 1277 1276
1276 1277 1278
1277 1279 1278
1278 1279 1280
1279 1281 1280
1280 1281 1282
1281 1283 1282
1282 1283 1284
1283 1285 1284
1284 1285 1286
1285 1287 1286
1286 1287 1288
1287 1289 1288
1288 1289 1290
1289 1291 1290
1292 1293 1294
1293 1295 1294
1296 1294 1297
1294 1295 1297
1298 1296 1299
1296 1297 1299
1300 1298 1301
1298 1299 1301
1302 1300 1303
1300 1301 1303
1263 1302 1265
1302 1303 1265
1304 1305 1306
1307 1305 1308
1309 1310 1311
1312 1310 1313
1314 1315 1316
1317 1318 1319
1320 1321 1322
1323 1324 1321
1325 1305 1324
1309 1313 1310
1317 1326 1318
1307 1311 1310
1327 1321 1318
1307 1310 1305
1327 1322 1321
1304 1308 1305
1320 1328 1321
1325 1306 1305
1325 1324 1329
1323 1329 1324
1323 1321 1328
1312 1316 1315
1312 1315 1310
1314 1319 1318
1314 1318 1315
1245 1256 1244
1256 1258 1244
1246 1260 1245
1260 1256 1245
1246 1236 1260
1236 1250 1260
1237 1248 1236
1248 1250 1236
1238 1252 1237
1252 1248 1237
1238 1241 1252
1241 1254 1252
1289 1330 1291
1330 1331 1291
1289 1287 1330
1287 1332 1330
1287 1285 1332
1285 1333 1332
1285 1283 1333
1283 1334 1333
1283 1281 1334
1281 1335 1334
1281 1279 1335
1279 1336 1335
1279 1277 1336
1277 1337 1336
1277 1275 1337
1275 1338 1337
1275 1273 1338
1273 1339 1338
1269 1340 1271
1340 1341 1271
1266 1342 1269
1342 1340 1269
1264 1343 1266
1343 1342 1266
1265 1344 1264
1344 1343 1264
1303 1345 1265
1345 1344 1265
1301 1346 1303
1346 1345 1303
1299 1347 1301
1347 1346 1301
1297 1348 1299
1348 1347 1299
1295 1349 1297
1349 1348 1297
1293 1350 1295
1350 1349 1295
1290 1291 1292
1291 1293 1292
1291 1331 1293
1331 1350 1293
1326 1327 1318
1351 1352 1353
1353 1352 1354
1354 1352 1355
1355 1352 1356
1356 1352 1357
1357 1352 1358
1358 1352 1359
1359 1352 1360
1360 1352 1361
1361 1352 1362
1363 1352 1364
1364 1352 1365
1365 1352 1366
1366 1352 1367
1367 1352 1368
1368 1352 1369
1369 1352 1370
1370 1352 1351
1371 1372 1373
1372 1374 1373
1375 1373 1376
1373 1374 1376
1375 1376 1377
1376 1378 1377
1379 1380 1381
1380 1382 1381
1383 1381 1384
1381 1382 1384
1383 1384 1371
1384 1372 1371
1385 1386 1387
1386 1388 1387
1389 1390 1387
1390 1385 1387
1391 1390 1392
1390 1389 1392
1393 1394 1395
1394 1396 1395
1397 1398 1395
1398 1393 1395
1386 1398 1388
1398 1397 1388
1399 1400 1401
1400 1402 1401
1401 1402 1403
1402 1404 1403
1403 1404 1405
1404 1406 1405
1405 1406 1407
1406 1408 1407
1409 1410 1411
1410 1412 1411
1410 1413 1412
1413 1414 1412
1413 1415 1414
1415 1416 1414
1415 1417 1416
1417 1418 1416
1417 1419 1418
1419 1420 1418
1419 1421 1420
1421 1422 1420
1421 1423 1422
1423 1424 1422
1423 1425 1424
1425 1426 1424
1425 1427 1426
1427 1428 1426
1429 1430 1431
1430 1432 1431
1432 1430 1433
1430 1434 1433
1433 1434 1435
1434 1436 1435
1435 1436 1437
1436 1438 1437
1437 1438 1439
1438 1440 1439
1439 1440 1399
1440 1400 1399
1441 1442 1443
1444 1445 1443
1446 1447 1448
1449 1450 1448
1451 1452 1453
1454 1455 1456
1457 1458 1459
1460 1459 1461
1462 1461 1443
1446 1448 1450
1454 1456 1463
1444 1448 1447
1464 1456 1459
1444 1443 1448
1464 1459 1458
1441 1443 1445
1457 1459 1465
1462 1443 1442
1462 1466 1461
1460 1461 1466
1460 1465 1459
1449 1453 1452
1449 1448 1453
1451 1456 1455
1451 1453 1456
1382 1380 1393
1380 1394 1393
1384 1382 1398
1382 1393 1398
1386 1372 1398
1372 1384 1398
1374 1372 1385
1372 1386 1385
1376 1374 1390
1374 1385 1390
1391 1378 1390
1378 1376 1390
1426 1428 1467
1428 1468 1467
1469 1424 1467
1424 1426 1467
1470 1422 1469
1422 1424 1469
1471 1420 1470
1420 1422 1470
1472 1418 1471
1418 1420 1471
1473 1416 1472
1416 1418 1472
1474 1414 1473
1414 1416 1473
1475 1412 1474
1412 1414 1474
1476 1411 1475
1411 1412 1475
1405 1407 1477
1407 1478 1477
1403 1405 1479
1405 1477 1479
1479 1480 1403
1480 1401 1403
1399 1401 1481
1401 1480 1481
1439 1399 1482
1399 1481 1482
1437 1439 1483
1439 1482 1483
1435 1437 1484
1437 1483 1484
1433 1435 1485
1435 1484 1485
1432 1433 1486
1433 1485 1486
1431 1432 1487
1432 1486 1487
1431 1428 1429
1428 1427 1429
1487 1468 1431
1468 1428 1431
1463 1456 1464
1488 1489 1490
1489 1491 1490
1491 1492 1490
1492 1493 1490
1493 1494 1490
1494 1495 1490
1495 1496 1490
1496 1497 1490
1497 1498 1490
1498 1499 1490
1500 1501 1490
1501 1502 1490
1502 1503 1490
1503 1504 1490
1504 1505 1490
1505 1506 1490
1506 1507 1490
1507 1488 1490
1508 1509 1510
1509 1511 1510
1509 1512 1511
1512 1513 1514
1513 1515 1514
1515 1513 1516
1513 1517 1516
1516 1517 1518
1517 1519 1518
1520 1521 1522
1521 1523 1522
1523 1521 1524
1521 1525 1524
1525 1510 1524
1526 1527 1528
1527 1529 1528
1529 1530 1528
1530 1514 1531
1514 1515 1531
1515 1516 1531
1516 1532 1531
1516 1518 1532
1518 1533 1532
1534 1522 1535
1522 1523 1535
1535 1523 1536
1523 1524 1536
1524 1527 1536
1511 1514 1529
1510 1511 1527
1524 1510 1527
1528 1530 1537
1538 1526 1537
1526 1528 1537
1536 1526 1538
1539 1540 1541
1542 1543 1539
1543 1544 1539
1545 1546 1547
1546 1548 1547
1542 1549 1543
1549 1550 1543
1549 1551 1550
1551 1552 1550
1553 1554 1555
1554 1556 1555
1557 1558 1559
1558 1560 1559
1561 1562 1563
1562 1564 1563
1565 1566 1561
1566 1562 1561
1567 1566 1568
1566 1565 1568
1540 1567 1541
1567 1568 1541
1538 1537 1568
1537 1541 1568
1536 1538 1565
1538 1568 1565
1561 1535 1565
1535 1536 1565
1563 1534 1561
1534 1535 1561
1549 1532 1569
1532 1533 1569
1542 1531 1549
1531 1532 1549
1530 1531 1539
1531 1542 1539
1541 1537 1539
1537 1530 1539
1570 1571 1572
1571 1573 1572
1574 1573 1575
1574 1575 1576
1575 1577 1576
1578 1576 1579
1576 1577 1579
1580 1578 1581
1578 1579 1581
1582 1583 1584
1583 1585 1584
1586 1584 1587
1584 1585 1587
1586 1571 1570
1588 1589 1590
1589 1591 1590
1588 1592 1575
1577 1575 1593
1575 1592 1593
1577 1593 1579
1593 1594 1579
1579 1594 1581
1594 1595 1581
1585 1583 1596
1583 1597 1596
1587 1585 1598
1585 1596 1598
1589 1598 1591
1509 1599 1512
1599 1600 1512
1512 1600 1513
1600 1601 1513
1513 1601 1517
1601 1602 1517
1517 1602 1519
1602 1603 1519
1604 1605 1520
1605 1521 1520
1525 1521 1606
1521 1605 1606
1606 1607 1525
1607 1508 1525
1607 1599 1508
1599 1509 1508
1573 1588 1575
1573 1589 1588
1587 1589 1571
1590 1608 1592
1590 1591 1608
1591 1609 1608
1598 1609 1591
1610 1611 1612
1611 1613 1612
1614 1615 1611
1616 1617 1618
1617 1619 1618
1620 1616 1621
1616 1618 1621
1622 1623 1621
1623 1620 1621
1624 1625 1622
1625 1623 1622
1626 1627 1624
1627 1628 1624
1613 1628 1612
1628 1627 1612
1592 1608 1628
1608 1625 1628
1592 1628 1593
1628 1613 1593
1613 1611 1593
1611 1594 1593
1611 1615 1594
1615 1595 1594
1617 1616 1597
1616 1596 1597
1616 1620 1596
1620 1598 1596
1598 1620 1609
1620 1623 1609
1609 1623 1608
1623 1625 1608
1629 1630 1631
1632 1633 1634
1635 1636 1637
1636 1638 1637
1539 1544 1540
1544 1639 1540
1551 1549 1569
1624 1628 1625
1640 1614 1610
1614 1611 1610
1546 1545 1641
1642 1629 1643
1629 1631 1643
1556 1554 1644
1645 1646 1632
1646 1633 1632
1511 1512 1514
1527 1511 1529
1536 1527 1526
1572 1573 1574
1571 1589 1573
1587 1598 1589
1529 1514 1530
1588 1590 1592
1525 1508 1510
1586 1587 1571
1607 1570 1599
1570 1572 1599
1572 1574 1599
1574 1600 1599
1574 1576 1600
1576 1601 1600
1576 1578 1601
1578 1602 1601
1578 1580 1602
1580 1603 1602
1604 1582 1605
1582 1584 1605
1586 1606 1584
1606 1605 1584
1606 1586 1607
1586 1570 1607
1647 1648 1649
1648 1650 1649
1651 1652 1653
1652 1654 1653
1655 1656 1657
1656 1658 1657
1659 1660 1661
1660 1662 1661
1663 1664 1665
1664 1666 1665
1667 1668 1669
1668 1670 1669
1671 1672 1673
1672 1674 1673
1675 1676 1677
1676 1678 1677
1679 1680 1681
1680 1682 1681
1683 1684 1685
1684 1686 1685
1687 1659 1688
1659 1661 1688
1689 1690 1679
1690 1680 1679
1691 1692 1651
1692 1652 1651
1693 1675 1694
1675 1677 1694
1695 1687 1696
1687 1688 1696
1694 1697 1693
1697 1698 1693
1699 1700 1691
1700 1692 1691
1701 1690 1702
1690 1689 1702
1669 1701 1667
1701 1702 1667
1648 1700 1650
1700 1699 1650
1698 1697 1671
1697 1672 1671
1658 1695 1657
1695 1696 1657
1703 1704 1705
1704 1706 1705
1706 1704 1707
1704 1708 1707
1708 1709 1707
1709 1710 1707
1711 1712 1713
1712 1714 1713
1714 1712 1715
1712 1716 1715
1716 1703 1715
1703 1705 1715
1717 1718 1719
1718 1720 1719
1717 1721 1718
1721 1722 1718
1723 1724 1721
1724 1722 1721
1725 1726 1727
1726 1728 1727
1725 1729 1726
1729 1730 1726
1719 1720 1729
1720 1730 1729
1731 1732 1733
1732 1734 1733
1733 1735 1731
1735 1736 1731
1737 1736 1738
1736 1735 1738
1739 1737 1740
1737 1738 1740
1741 1742 1743
1742 1744 1743
1743 1744 1745
1744 1746 1745
1745 1746 1747
1746 1748 1747
1747 1748 1749
1748 1750 1749
1749 1750 1751
1750 1752 1751
1751 1752 1753
1752 1754 1753
1753 1754 1755
1754 1756 1755
1755 1756 1757
1756 1758 1757
1757 1758 1759
1758 1760 1759
1761 1762 1763
1762 1764 1763
1765 1763 1766
1763 1764 1766
1767 1765 1768
1765 1766 1768
1769 1767 1770
1767 1768 1770
1771 1769 1772
1769 1770 1772
1732 1771 1734
1771 1772 1734
1773 1774 1775
1776 1774 1777
1778 1779 1780
1781 1779 1782
1783 1784 1785
1786 1787 1788
1789 1790 1791
1792 1793 1790
1794 1774 1793
1778 1782 1779
1786 1795 1787
1776 1780 1779
1796 1790 1787
1776 1779 1774
1796 1791 1790
1773 1777 1774
1789 1797 1790
1794 1775 1774
1794 1793 1798
1792 1798 1793
1792 1790 1797
1781 1785 1784
1781 1784 1779
1783 1788 1787
1783 1787 1784
1714 1725 1713
1725 1727 1713
1715 1729 1714
1729 1725 1714
1715 1705 1729
1705 1719 1729
1706 1717 1705
1717 1719 1705
1707 1721 1706
1721 1717 1706
1707 1710 1721
1710 1723 1721
1758 1799 1760
1799 1800 1760
1758 1756 1799
1756 1801 1799
1756 1754 1801
1754 1802 1801
1754 1752 1802
1752 1803 1802
1752 1750 1803
1750 1804 1803
1750 1748 1804
1748 1805 1804
1748 1746 1805
1746 1806 1805
1746 1744 1806
1744 1807 1806
1744 1742 1807
1742 1808 1807
1738 1809 1740
1809 1810 1740
1735 1811 1738
1811 1809 1738
1733 1812 1735
1812 1811 1735
1734 1813 1733
1813 1812 1733
1772 1814 1734
1814 1813 1734
1770 1815 1772
1815 1814 1772
1768 1816 1770
1816 1815 1770
1766 1817 1768
1817 1816 1768
1764 1818 1766
1818 1817 1766
1762 1819 1764
1819 1818 1764
1759 1760 1761
1760 1762 1761
1760 1800 1762
1800 1819 1762
1795 1796 1787
1820 1821 1822
1822 1821 1823
1823 1821 1824
1824 1821 1825
1825 1821 1826
1826 1821 1827
1827 1821 1828
1828 1821 1829
1829 1821 1830
1830 1821 1831
1832 1821 1833
1833 1821 1834
1834 1821 1835
1835 1821 1836
1836 1821 1837
1837 1821 1838
1838 1821 1839
1839 1821 1820
1840 1841 1842
1841 1843 1842
1844 1842 1845
1842 1843 1845
1844 1845 1846
1845 1847 1846
1848 1849 1850
1849 1851 1850
1852 1850 1853
1850 1851 1853
1852 1853 1840
1853 1841 1840
1854 1855 1856
1855 1857 1856
1858 1859 1856
1859 1854 1856
1860 1859 1861
1859 1858 1861
1862 1863 1864
1863 1865 1864
1866 1867 1864
1867 1862 1864
1855 1867 1857
1867 1866 1857
1868 1869 1870
1869 1871 1870
1870 1871 1872
1871 1873 1872
1872 1873 1874
1873 1875 1874
1874 1875 1876
1875 1877 1876
1878 1879 1880
1879 1881 1880
1879 1882 1881
1882 1883 1881
1882 1884 1883
1884 1885 1883
1884 1886 1885
1886 1887 1885
1886 1888 1887
1888 1889 1887
1888 1890 1889
1890 1891 1889
1890 1892 1891
1892 1893 1891
1892 1894 1893
1894 1895 1893
1894 1896 1895
1896 1897 1895
1898 1899 1900
1899 1901 1900
1901 1899 1902
1899 1903 1902
1902 1903 1904
1903 1905 1904
1904 1905 1906
1905 1907 1906
1906 1907 1908
1907 1909 1908
1908 1909 1868
1909 1869 1868
1910 1911 1912
1913 1914 1912
1915 1916 1917
1918 1919 1917
1920 1921 1922
1923 1924 1925
1926 1927 1928
1929 1928 1930
1931 1930 1912
1915 1917 1919
1923 1925 1932
1913 1917 1916
1933 1925 1928
1913 1912 1917
1933 1928 1927
1910 1912 1914
1926 1928 1934
1931 1912 1911
1931 1935 1930
1929 1930 1935
1929 1934 1928
1918 1922 1921
1918 1917 1922
1920 1925 1924
1920 1922 1925
1851 1849 1862
1849 1863 1862
1853 1851 1867
1851 1862 1867
1855 1841 1867
1841 1853 1867
1843 1841 1854
1841 1855 1854
1845 1843 1859
1843 1854 1859
1860 1847 1859
1847 1845 1859
1895 1897 1936
1897 1937 1936
1938 1893 1936
1893 1895 1936
1939 1891 1938
1891 1893 1938
1940 1889 1939
1889 1891 1939
1941 1887 1940
1887 1889 1940
1942 1885 1941
1885 1887 1941
1943 1883 1942
1883 1885 1942
1944 1881 1943
1881 1883 1943
1945 1880 1944
1880 1881 1944
1874 1876 1946
1876 1947 1946
1872 1874 1948
1874 1946 1948
1948 1949 1872
1949 1870 1872
1868 1870 1950
1870 1949 1950
1908 1868 1951
1868 1950 1951
1906 1908 1952
1908 1951 1952
1904 1906 1953
1906 1952 1953
1902 1904 1954
1904 1953 1954
1901 1902 1955
1902 1954 1955
1900 1901 1956
1901 1955 1956
1900 1897 1898
1897 1896 1898
1956 1937 1900
1937 1897 1900
1932 1925 1933
1957 1958 1959
1958 1960 1959
1960 1961 1959
1961 1962 1959
1962 1963 1959
1963 1964 1959
1964 1965 1959
1965 1966 1959
1966 1967 1959
1967 1968 1959
1969 1970 1959
1970 1971 1959
1971 1972 1959
1972 1973 1959
1973 1974 1959
1974 1975 1959
1975 1976 1959
1976 1957 1959
1977 1978 1979
1978 1980 1979
1981 1982 1983
1982 1984 1983
1985 1986 1987
1986 1988 1987
1989 1990 1991
1990 1992 1991
1993 1985 1994
1985 1987 1994
1979 1980 1995
1980 1996 1995
1990 1993 1992
1993 1994 1992
1997 1998 1999
1998 2000 1999
2001 2002 2003
2002 2004 2003
2005 2006 2007
2006 2008 2007
2009 2010 2011
2010 2012 2011
2013 2014 2015
2014 2016 2015
2017 2018 2019
2020 2021 2022
2021 2023 2022
2024 2025 2026
2025 2027 2026
2028 2029 2030
2029 2031 2030
2032 2033 2034
2033 2035 2034
2036 2037 2038
2037 2039 2038
2040 2041 2042
2041 2043 2042
2044 2045 2046
2045 2047 2046
2048 2049 2050
2049 2051 2050
2052 2053 2054
2053 2055 2054
2056 2037 2057
2037 2036 2057
2058 2059 2060
2059 2061 2060
2060 2061 2062
2061 2063 2062
2064 2065 2066
2065 2067 2066
1999 2000 2068
2000 2069 2068
2070 2071 2007
2071 2005 2007
2072 2073 2074
2073 2075 2074
2051 2049 2015
2049 2013 2015
2076 2077 2078
2079 2080 2050
2080 2048 2050
2055 2081 2054
2081 2082 2054
2083 2046 2084
2046 2047 2084
2085 2086 2087
2086 2088 2087
2089 2090 2091
2090 2092 2091
2023 2093 2022
2093 2094 2022
2095 2096 2020
2096 2021 2020
2097 2098 2099
2098 2100 2099
2101 2102 2103
2102 2104 2103
2042 2043 2105
2043 2106 2105
2107 1978 2108
1978 1977 2108
2109 2110 2070
2110 2071 2070
2111 2112 2113
2093 2114 2094
2114 2115 2094
2113 2112 2079
2112 2080 2079
2115 2114 2019
2114 2017 2019
2088 2056 2087
2056 2057 2087
2116 2086 2117
2086 2085 2117
2118 2107 2119
2107 2108 2119
1995 1996 2120
1996 2121 2120
2122 2123 2124
2123 2125 2124
2120 2121 2122
2121 2123 2122
2004 2002 1997
2002 1998 1997
2063 2001 2062
2001 2003 2062
2066 2067 2058
2067 2059 2058
2099 2100 1983
2100 1981 1983
2126 2098 2127
2098 2097 2127
1982 2118 1984
2118 2119 1984
2028 2128 2029
2128 2129 2029
2011 2012 2109
2012 2110 2109
2008 2006 2130
2006 2131 2130
2009 2075 2010
2075 2073 2010
2104 2102 2132
2102 2133 2132
2052 2092 2053
2092 2090 2053
2030 2031 2091
2031 2089 2091
2082 2081 2024
2081 2025 2024
2026 2027 2134
2027 2135 2134
2083 2084 2117
2084 2116 2117
2038 2039 2136
2039 2137 2136
2138 2139 2140
2138 2140 2141
2140 2142 2141
2141 2143 2144
2144 2143 2145
2141 2142 2143
2078 2146 2076
2146 2147 2076
2146 2124 2147
2124 2125 2147
2148 2149 2150
2149 2151 2150
2152 2153 2154
2155 2156 2157
2156 2158 2157
2159 2160 2161
2160 2162 2161
2163 2164 2159
2164 2160 2159
2155 2165 2156
2165 2166 2156
2161 2167 2168
2162 2169 2161
2169 2167 2161
2152 2170 2153
2159 2171 2163
2171 2172 2163
2173 2171 2159
2157 2158 2174
2158 2175 2174
2171 2176 2172
2165 2177 2166
2177 2178 2166
2179 2180 2178
2180 2166 2178
2181 2182 2183
2182 2184 2183
2182 2181 2180
2180 2181 2166
2185 2186 2187
2186 2188 2187
2189 2183 2190
2183 2184 2190
2191 2192 2164
2192 2160 2164
2192 2193 2160
2193 2162 2160
2193 2194 2162
2194 2169 2162
2195 2152 2175
2170 2195 2196
2197 2189 2198
2189 2190 2198
2199 2153 2191
2153 2192 2191
2153 2170 2192
2170 2193 2192
2194 2193 2196
2193 2170 2196
2198 2185 2197
2190 2184 2200
2184 2201 2200
2180 2202 2203
2188 2204 2205
2150 2205 2206
2202 2207 2208
2198 2209 2186
2209 2210 2186
2182 2211 2184
2211 2201 2184
2204 2210 2212
2210 2213 2212
2213 2210 2214
2210 2209 2214
2200 2215 2209
2215 2214 2209
2216 2201 2217
2201 2211 2217
2202 2218 2203
2218 2219 2203
2150 2206 2148
2206 2220 2148
2221 2222 2223
2222 2224 2223
2169 2225 2167
2225 2151 2167
2226 2169 2194
2197 2227 2196
2227 2194 2196
2195 2189 2196
2189 2197 2196
2228 2183 2195
2183 2189 2195
2158 2156 2181
2166 2181 2156
2206 2229 2220
2229 2230 2220
2231 2223 2229
2232 2176 2171
2173 2233 2171
2233 2232 2171
2234 2235 2148
2235 2149 2148
2236 2237 2238
2239 2240 2241
2209 2198 2200
2198 2190 2200
2242 2207 2179
2242 2178 2177
2242 2179 2178
2243 2207 2244
2170 2152 2195
2174 2175 2154
2175 2152 2154
2245 2238 2246
2231 2205 2204
2231 2204 2247
2204 2212 2247
2226 2225 2169
2227 2226 2194
2201 2216 2200
2216 2215 2200
2248 2249 2250
2249 2251 2250
2237 2248 2250
2245 2236 2238
2220 2250 2251
2250 2220 2230
2222 2240 2239
2239 2241 2252
2246 2238 2252
2238 2239 2252
2237 2250 2238
2239 2238 2224
2220 2251 2148
2228 2175 2158
2183 2228 2181
2228 2158 2181
2153 2199 2154
2195 2175 2228
2251 2249 2234
2251 2234 2148
2151 2149 2253
2254 2255 2253
2255 2168 2253
2255 2233 2168
2233 2173 2168
2235 2254 2149
2254 2253 2149
2253 2168 2167
2173 2161 2168
2167 2151 2253
2161 2173 2159
2223 2247 2221
2224 2238 2250
2224 2250 2230
2230 2229 2224
2229 2223 2224
2231 2229 2206
2222 2239 2224
2211 2182 2203
2182 2180 2203
2203 2219 2211
2219 2217 2211
2232 2256 2176
2150 2257 2205
2205 2231 2206
2204 2188 2210
2188 2186 2210
2205 2257 2188
2150 2151 2258
2151 2225 2258
2226 2187 2258
2258 2257 2150
2258 2225 2226
2227 2185 2226
2185 2187 2226
2187 2257 2258
2198 2186 2185
2185 2227 2197
2187 2188 2257
2259 2260 2261
2260 2262 2261
2263 2264 2265
2264 2266 2265
2267 2268 2269
2270 2263 2271
2263 2265 2271
2272 2273 2274
2275 2276 2277
2263 2270 2278
2270 2279 2278
2280 2281 2282
2283 2284 2265
2265 2284 2271
2284 2285 2271
2286 2287 2288
2287 2289 2288
2290 2291 2292
2291 2293 2292
2294 2295 2296
2295 2297 2296
2276 2298 2299
2300 2301 2302
2302 2289 2303
2289 2287 2303
2304 2305 2306
2305 2307 2306
2308 2309 2310
2309 2311 2310
2312 2313 2314
2313 2315 2314
2316 2317 2285
2317 2271 2285
2318 2270 2317
2270 2271 2317
2270 2318 2279
2318 2319 2279
2320 2321 2322
2321 2323 2322
2304 2324 2305
2304 2325 2324
2325 2326 2324
2305 2327 2307
2327 2321 2307
2264 2263 2328
2263 2278 2328
2329 2330 2331
2307 2332 2306
2332 2333 2306
2260 2334 2262
2334 2335 2262
2336 2337 2338
2337 2339 2338
2340 2341 2336
2341 2337 2336
2342 2343 2341
2261 2314 2315
2318 2341 2319
2341 2343 2319
2344 2295 2259
2295 2260 2259
2334 2260 2294
2260 2295 2294
2288 2289 2338
2289 2336 2338
2340 2336 2302
2336 2289 2302
2302 2342 2340
2345 2275 2277
2298 2267 2346
2267 2347 2346
2269 2272 2348
2272 2349 2348
2274 2312 2350
2312 2351 2350
2352 2351 2314
2351 2312 2314
2262 2314 2261
2293 2291 2353
2291 2345 2353
2354 2346 2347
2349 2355 2348
2355 2350 2356
2357 2356 2352
2356 2351 2352
2357 2352 2335
2352 2262 2335
2358 2292 2354
2292 2293 2354
2354 2355 2358
2355 2359 2358
2360 2359 2356
2359 2355 2356
2361 2360 2357
2360 2356 2357
2334 2362 2335
2362 2363 2335
2362 2334 2364
2334 2294 2364
2365 2286 2364
2286 2288 2364
2366 2367 2291
2367 2275 2291
2329 2331 2368
2369 2370 2371
2370 2372 2371
2373 2366 2290
2366 2291 2290
2374 2297 2344
2297 2295 2344
2375 2376 2377
2303 2287 2310
2287 2282 2310
2280 2282 2286
2282 2287 2286
2378 2280 2365
2280 2286 2365
2296 2378 2365
2364 2294 2365
2294 2296 2365
2379 2373 2380
2373 2290 2380
2380 2290 2381
2290 2292 2381
2283 2381 2358
2381 2292 2358
2359 2284 2358
2284 2283 2358
2284 2359 2285
2359 2360 2285
2361 2316 2360
2316 2285 2360
2362 2338 2363
2338 2339 2363
2364 2288 2362
2288 2338 2362
2382 2375 2383
2375 2384 2383
2385 2382 2386
2382 2383 2386
2376 2382 2385
2387 2377 2374
2377 2297 2374
2377 2376 2297
2376 2296 2297
2378 2296 2376
2370 2369 2388
2369 2329 2388
2325 2304 2389
2304 2306 2389
2371 2372 2380
2372 2379 2380
2390 2283 2266
2283 2265 2266
2389 2306 2391
2306 2333 2391
2283 2390 2381
2390 2392 2381
2393 2329 2394
2329 2369 2394
2393 2330 2329
2369 2371 2394
2371 2392 2394
2266 2389 2390
2389 2391 2390
2264 2325 2266
2325 2389 2266
2328 2326 2264
2326 2325 2264
2371 2380 2392
2380 2381 2392
2332 2330 2393
2391 2333 2394
2333 2393 2394
2394 2392 2391
2392 2390 2391
2330 2395 2331
2330 2320 2395
2320 2322 2395
2332 2393 2333
2310 2282 2308
2282 2281 2308
2280 2378 2396
2281 2280 2396
2397 2398 2399
2378 2376 2385
2302 2301 2342
2361 2357 2363
2357 2335 2363
2339 2316 2363
2316 2361 2363
2316 2339 2317
2339 2337 2317
2341 2318 2337
2318 2317 2337
2342 2341 2340
2327 2323 2321
2332 2307 2320
2307 2321 2320
2332 2320 2330
2324 2327 2305
2385 2386 2400
2386 2401 2400
2402 2396 2400
2396 2385 2400
2402 2403 2396
2403 2281 2396
2399 2404 2405
2406 2407 2408
2409 2403 2410
2403 2409 2281
2409 2308 2281
2309 2308 2409
2404 2399 2401
2399 2400 2401
2402 2400 2408
2400 2399 2408
2408 2410 2402
2410 2403 2402
2407 2410 2408
2398 2408 2399
2397 2399 2405
2404 2411 2405
2398 2406 2408
2404 2412 2411
2329 2368 2388
2387 2413 2377
2375 2413 2414
2377 2413 2375
2375 2382 2376
2299 2298 2353
2298 2346 2353
2276 2268 2298
2354 2293 2346
2268 2267 2298
2293 2353 2346
2267 2269 2347
2269 2348 2347
2273 2272 2269
2268 2273 2269
2354 2347 2348
2355 2354 2348
2277 2299 2345
2299 2353 2345
2276 2299 2277
2291 2275 2345
2272 2274 2349
2274 2350 2349
2313 2312 2274
2273 2313 2274
2355 2349 2350
2350 2351 2356
2262 2352 2314
2300 2302 2415
2302 2303 2415
2415 2303 2311
2303 2310 2311
2207 2202 2179
2202 2180 2179
2207 2243 2208
2208 2218 2202
2207 2242 2244
2231 2247 2223
2416 2417 2418
2417 2419 2418
2420 2421 2422
2421 2423 2422
2424 2425 2426
2425 2427 2426
2428 2424 2429
2424 2426 2429
2430 2431 2432
2431 2433 2432
2434 2435 2430
2435 2431 2430
2436 2435 2437
2435 2434 2437
2438 2436 2439
2436 2437 2439
2440 2441 2439
2441 2438 2439
2442 2443 2444
2443 2445 2444
2446 2447 2442
2447 2443 2442
2444 2445 2448
2445 2449 2448
2448 2449 2440
2449 2441 2440
2450 2420 2451
2420 2422 2451
2452 2416 2453
2416 2418 2453
2454 2450 2455
2450 2451 2455
2455 2419 2454
2419 2417 2454
2456 2457 2421
2457 2423 2421
2427 2425 2456
2425 2457 2456
2458 2459 2460
2459 2461 2460
2462 2463 2464
2463 2465 2464
2463 2466 2465
2466 2467 2465
2460 2461 2468
2461 2469 2468
2469 2462 2468
2462 2464 2468
2466 2470 2467
2470 2471 2467
2472 2473 2474
2473 2475 2474
2470 2476 2471
2476 2477 2471
2478 2479 2458
2479 2459 2458
2480 2481 2482
2481 2483 2482
2473 2484 2475
2484 2485 2475
2477 2476 2474
2476 2472 2474
2486 2482 2487
2482 2483 2487
2484 2481 2485
2481 2480 2485
2488 2489 2490
2489 2491 2490
2492 2493 2494
2493 2495 2494
2494 2495 2496
2495 2497 2496
2498 2488 2499
2488 2490 2499
2498 2499 2492
2499 2493 2492
2496 2497 2500
2497 2501 2500
2502 2503 2504
2503 2505 2504
2500 2501 2506
2501 2507 2506
2489 2508 2491
2508 2509 2491
2510 2511 2512
2511 2513 2512
2504 2505 2514
2505 2515 2514
2502 2506 2503
2506 2507 2503
2516 2517 2512
2517 2510 2512
2514 2515 2511
2515 2513 2511
2518 2519 2520
2519 2521 2520
2519 2428 2521
2428 2429 2521
2433 2518 2432
2518 2520 2432
2522 2523 2524
2523 2525 2524
2526 2527 2528
2529 2530 2531
2530 2532 2531
2533 2534 2535
2534 2536 2535
2534 2537 2536
2537 2538 2536
2539 2540 2531
2540 2529 2531
2535 2541 2542
2533 2535 2543
2535 2542 2543
2526 2528 2544
2536 2538 2545
2538 2546 2545
2547 2536 2545
2530 2548 2532
2548 2549 2532
2545 2546 2550
2551 2552 2539
2552 2540 2539
2553 2551 2554
2551 2539 2554
2555 2556 2557
2556 2558 2557
2556 2554 2558
2558 2554 2539
2559 2560 2561
2560 2562 2561
2563 2564 2557
2564 2555 2557
2534 2565 2537
2565 2566 2537
2533 2567 2534
2567 2565 2534
2543 2568 2533
2568 2567 2533
2569 2549 2526
2544 2570 2569
2571 2572 2563
2572 2564 2563
2565 2528 2566
2528 2573 2566
2567 2544 2565
2544 2528 2565
2568 2570 2567
2570 2544 2567
2572 2571 2562
2574 2555 2575
2555 2564 2575
2554 2576 2577
2559 2578 2579
2524 2580 2578
2577 2581 2582
2572 2560 2583
2560 2584 2583
2574 2585 2555
2585 2556 2555
2586 2584 2587
2584 2579 2587
2583 2584 2588
2584 2586 2588
2575 2583 2589
2583 2588 2589
2590 2591 2574
2591 2585 2574
2577 2576 2592
2576 2593 2592
2524 2525 2580
2525 2594 2580
2595 2596 2597
2596 2598 2597
2543 2542 2599
2542 2522 2599
2600 2568 2543
2571 2570 2601
2570 2568 2601
2571 2563 2570
2563 2569 2570
2602 2569 2557
2569 2563 2557
2532 2558 2531
2539 2531 2558
2580 2594 2603
2594 2604 2603
2605 2603 2596
2606 2545 2550
2606 2607 2545
2607 2547 2545
2608 2525 2609
2525 2523 2609
2610 2611 2612
2613 2614 2615
2583 2575 2572
2575 2564 2572
2616 2553 2582
2616 2552 2551
2616 2551 2553
2617 2618 2582
2544 2569 2526
2526 2549 2527
2549 2548 2527
2619 2620 2611
2605 2579 2578
2587 2579 2621
2579 2605 2621
2600 2543 2599
2601 2568 2600
2589 2590 2575
2590 2574 2575
2622 2623 2624
2623 2625 2624
2612 2623 2622
2619 2611 2610
2594 2625 2623
2623 2604 2594
2597 2613 2615
2613 2626 2614
2613 2611 2626
2611 2620 2626
2612 2611 2623
2613 2598 2611
2594 2525 2625
2602 2532 2549
2557 2558 2602
2602 2558 2532
2528 2527 2573
2569 2602 2549
2625 2608 2624
2625 2525 2608
2522 2627 2523
2541 2628 2627
2628 2629 2627
2628 2541 2607
2541 2547 2607
2609 2523 2629
2523 2627 2629
2627 2542 2541
2547 2541 2535
2542 2627 2522
2535 2536 2547
2596 2595 2621
2598 2623 2611
2598 2604 2623
2596 2603 2598
2603 2604 2598
2605 2580 2603
2597 2598 2613
2585 2576 2556
2576 2554 2556
2591 2593 2585
2593 2576 2585
2606 2550 2630
2524 2578 2631
2578 2580 2605
2560 2559 2584
2559 2579 2584
2578 2559 2631
2524 2632 2522
2522 2632 2599
2600 2632 2561
2632 2524 2631
2632 2600 2599
2601 2600 2562
2600 2561 2562
2561 2632 2631
2572 2562 2560
2562 2571 2601
2561 2631 2559
2633 2634 2635
2634 2636 2635
2637 2638 2639
2638 2640 2639
2641 2642 2643
2639 2640 2644
2640 2645 2644
2646 2647 2648
2649 2650 2651
2652 2645 2653
2645 2640 2653
2654 2655 2656
2657 2639 2658
2639 2644 2658
2644 2659 2658
2660 2661 2662
2661 2663 2662
2664 2665 2666
2665 2667 2666
2668 2669 2670
2669 2671 2670
2651 2672 2673
2674 2675 2676
2675 2677 2660
2677 2661 2660
2678 2679 2680
2679 2681 2680
2682 2683 2684
2683 2685 2684
2686 2687 2688
2687 2689 2688
2644 2690 2659
2690 2691 2659
2644 2645 2690
2645 2692 2690
2693 2692 2652
2692 2645 2652
2694 2695 2696
2695 2697 2696
2681 2679 2698
2699 2700 2698
2700 2681 2698
2695 2701 2678
2701 2679 2678
2653 2640 2702
2640 2638 2702
2703 2704 2705
2678 2680 2706
2680 2707 2706
2708 2709 2633
2709 2634 2633
2710 2711 2712
2711 2713 2712
2712 2714 2710
2714 2715 2710
2716 2714 2717
2635 2689 2687
2717 2714 2693
2714 2692 2693
2634 2669 2636
2669 2718 2636
2709 2671 2634
2671 2669 2634
2710 2660 2711
2660 2662 2711
2715 2675 2710
2675 2660 2710
2675 2715 2716
2719 2650 2649
2720 2641 2721
2641 2673 2721
2722 2646 2723
2646 2642 2723
2724 2686 2725
2686 2647 2725
2726 2687 2724
2687 2686 2724
2633 2635 2687
2719 2666 2727
2666 2667 2727
2728 2720 2721
2722 2723 2729
2729 2730 2725
2724 2730 2726
2730 2731 2726
2731 2708 2726
2708 2633 2726
2667 2665 2728
2665 2732 2728
2733 2729 2732
2729 2728 2732
2729 2733 2730
2733 2734 2730
2730 2734 2731
2734 2735 2731
2736 2737 2708
2737 2709 2708
2737 2738 2709
2738 2671 2709
2739 2738 2663
2738 2662 2663
2740 2666 2741
2666 2649 2741
2703 2742 2704
2743 2744 2745
2744 2746 2745
2747 2664 2740
2664 2666 2740
2748 2718 2668
2718 2669 2668
2749 2750 2751
2677 2683 2661
2683 2655 2661
2661 2655 2663
2655 2654 2663
2663 2654 2739
2654 2752 2739
2670 2739 2752
2670 2671 2739
2671 2738 2739
2753 2754 2747
2754 2664 2747
2754 2755 2664
2755 2665 2664
2665 2755 2732
2755 2657 2732
2733 2732 2658
2732 2657 2658
2658 2659 2733
2659 2734 2733
2659 2691 2734
2691 2735 2734
2713 2711 2736
2711 2737 2736
2711 2662 2737
2662 2738 2737
2756 2757 2749
2757 2758 2749
2759 2760 2756
2760 2757 2756
2751 2759 2756
2668 2750 2748
2750 2761 2748
2670 2751 2668
2751 2750 2668
2752 2751 2670
2703 2746 2762
2746 2744 2762
2680 2681 2763
2681 2700 2763
2753 2743 2754
2743 2745 2754
2639 2657 2637
2657 2764 2637
2707 2680 2765
2680 2763 2765
2766 2764 2755
2764 2657 2755
2767 2768 2703
2768 2746 2703
2767 2703 2705
2746 2768 2745
2768 2766 2745
2637 2764 2763
2764 2765 2763
2763 2700 2637
2700 2638 2637
2702 2638 2699
2638 2700 2699
2745 2766 2754
2766 2755 2754
2706 2767 2705
2765 2768 2707
2768 2767 2707
2764 2766 2765
2766 2768 2765
2705 2704 2769
2696 2697 2769
2697 2705 2769
2706 2707 2767
2683 2682 2655
2682 2656 2655
2654 2770 2752
2656 2770 2654
2771 2772 2773
2752 2770 2759
2675 2716 2676
2735 2736 2731
2736 2708 2731
2735 2691 2736
2691 2713 2736
2712 2713 2690
2713 2691 2690
2690 2692 2712
2692 2714 2712
2716 2715 2714
2701 2695 2694
2695 2678 2697
2678 2706 2697
2706 2705 2697
2698 2679 2701
2759 2774 2760
2774 2775 2760
2759 2770 2774
2770 2776 2774
2656 2777 2770
2777 2776 2770
2772 2778 2779
2780 2781 2782
2783 2784 2777
2682 2783 2656
2783 2777 2656
2684 2783 2682
2774 2772 2775
2772 2779 2775
2776 2781 2774
2781 2772 2774
2777 2784 2776
2784 2781 2776
2782 2781 2784
2773 2772 2781
2771 2778 2772
2779 2778 2785
2773 2781 2780
2779 2785 2786
2703 2762 2742
2761 2750 2787
2749 2758 2788
2750 2749 2787
2749 2751 2756
2672 2727 2673
2727 2721 2673
2651 2673 2643
2728 2721 2667
2643 2673 2641
2667 2721 2727
2641 2720 2642
2720 2723 2642
2648 2642 2646
2643 2642 2648
2728 2723 2720
2729 2723 2728
2650 2719 2672
2719 2727 2672
2651 2650 2672
2666 2719 2649
2646 2722 2647
2722 2725 2647
2688 2647 2686
2648 2647 2688
2729 2725 2722
2725 2730 2724
2633 2687 2726
2677 2675 2789
2675 2674 2789
2683 2677 2685
2677 2789 2685
2554 2577 2553
2577 2582 2553
2582 2581 2617
2581 2577 2592
2582 2618 2616
2605 2596 2621
149 151 121
151 123 121
2126 2127 2790
2791 2792 2793
2792 2794 2793
2795 2796 2797
2796 2798 2797
2799 2800 2801
2800 2802 2801
2803 2795 2804
2795 2797 2804
2805 2806 2807
2806 2808 2807
2809 2810 2811
2810 2812 2811
2813 2794 2814
2794 2792 2814
2815 2816 2817
2791 2793 2818
2793 2819 2818
2820 2821 2822
2800 2823 2802
2823 2824 2802
2809 2805 2810
2805 2807 2810
2797 2798 2825
2798 2826 2825
2820 2822 2827
2815 2817 2828
2829 2830 2823
2830 2824 2823
2831 2832 2796
2832 2798 2796
2815 2833 2816
2834 2817 2835
2817 2816 2835
2836 2822 2826
2822 2821 2826
2837 2821 2820
2833 2838 2839
2838 2840 2839
2837 2841 2825
2841 2842 2825
2816 2833 2835
2833 2839 2835
2843 2827 2836
2827 2822 2836
2832 2831 2844
2831 2845 2844
2818 2819 2846
2819 2847 2846
2848 2828 2834
2828 2817 2834
2830 2829 2849
2829 2850 2849
2851 2852 2812
2852 2811 2812
2820 2841 2837
2815 2838 2833
2831 2818 2845
2818 2846 2845
2806 2805 2799
2805 2800 2799
2805 2809 2800
2809 2823 2800
2811 2829 2809
2829 2823 2809
2829 2811 2850
2811 2852 2850
2814 2792 2803
2792 2795 2803
2792 2791 2795
2791 2796 2795
2818 2831 2791
2831 2796 2791
2825 2826 2837
2826 2821 2837
2830 2834 2824
2834 2835 2824
2825 2842 2797
2842 2804 2797
2849 2848 2830
2848 2834 2830
2832 2836 2798
2836 2826 2798
2839 2840 2802
2840 2801 2802
2835 2839 2824
2839 2802 2824
2844 2843 2832
2843 2836 2832
2853 2854 2794
2854 2793 2794
2855 2856 2857
2856 2858 2857
2859 2860 2861
2860 2862 2861
2863 2864 2855
2864 2856 2855
2865 2866 2808
2866 2807 2808
2810 2867 2812
2867 2868 2812
2794 2813 2853
2813 2869 2853
2870 2871 2872
2793 2854 2819
2854 2873 2819
2874 2875 2876
2861 2862 2877
2862 2878 2877
2866 2867 2807
2867 2810 2807
2856 2879 2858
2879 2880 2858
2874 2881 2875
2870 2882 2871
2878 2883 2877
2883 2884 2877
2858 2885 2857
2885 2886 2857
2870 2872 2887
2872 2871 2888
2871 2889 2888
2876 2875 2880
2875 2890 2880
2891 2874 2876
2887 2892 2893
2892 2894 2893
2891 2879 2895
2879 2896 2895
2872 2888 2887
2888 2892 2887
2875 2881 2890
2881 2897 2890
2898 2886 2899
2886 2885 2899
2819 2873 2847
2873 2900 2847
2871 2882 2889
2882 2901 2889
2902 2884 2903
2884 2883 2903
2904 2851 2868
2851 2812 2868
2874 2891 2895
2870 2887 2893
2900 2873 2898
2873 2886 2898
2865 2859 2866
2859 2861 2866
2877 2867 2861
2867 2866 2861
2877 2884 2867
2884 2868 2867
2904 2868 2902
2868 2884 2902
2869 2863 2853
2863 2855 2853
2853 2855 2854
2855 2857 2854
2857 2886 2854
2886 2873 2854
2879 2891 2880
2891 2876 2880
2888 2889 2878
2889 2883 2878
2879 2856 2896
2856 2864 2896
2889 2901 2883
2901 2903 2883
2880 2890 2858
2890 2885 2858
2892 2862 2894
2862 2860 2894
2888 2878 2892
2878 2862 2892
2890 2897 2885
2897 2899 2885
2905 2906 2907
2906 2908 2907
2907 2908 2909
2909 2910 2911
2910 2912 2911
2913 2911 2914
2911 2912 2914
2915 2913 2916
2913 2914 2916
2917 2918 2919
2918 2920 2919
2921 2919 2922
2919 2920 2922
2921 2922 2906
2923 2924 2925
2924 2926 2925
2923 2925 2927
2912 2910 2928
2910 2927 2928
2912 2928 2914
2928 2929 2914
2914 2929 2916
2929 2930 2916
2920 2918 2931
2918 2932 2931
2922 2920 2933
2920 2931 2933
2922 2933 2924
2908 2923 2910
2906 2924 2908
2922 2924 2906
2925 2934 2927
2925 2926 2934
2926 2935 2934
2933 2935 2926
2936 2937 2938
2939 2940 2936
2940 2941 2936
2942 2943 2944
2943 2945 2944
2946 2947 2940
2947 2941 2940
2948 2949 2946
2949 2947 2946
2950 2951 2952
2951 2953 2952
2954 2955 2956
2955 2957 2956
2958 2959 2960
2959 2961 2960
2959 2962 2961
2962 2963 2961
2964 2965 2962
2965 2963 2962
2938 2937 2964
2937 2965 2964
2935 2965 2934
2965 2937 2934
2933 2963 2935
2963 2965 2935
2933 2931 2963
2931 2961 2963
2931 2932 2961
2932 2960 2961
2930 2929 2966
2929 2947 2966
2929 2928 2947
2928 2941 2947
2927 2936 2928
2936 2941 2928
2937 2936 2934
2936 2927 2934
2967 2968 2969
2968 2970 2969
2971 2972 2970
2971 2973 2972
2973 2974 2972
2974 2973 2975
2973 2976 2975
2975 2976 2977
2976 2978 2977
2979 2980 2981
2980 2982 2981
2982 2980 2983
2980 2984 2983
2984 2967 2969
2985 2986 2987
2986 2988 2987
2988 2972 2989
2989 2972 2990
2972 2974 2990
2974 2975 2990
2975 2991 2990
2975 2977 2991
2977 2992 2991
2993 2981 2994
2981 2982 2994
2994 2982 2995
2982 2983 2995
2986 2985 2995
2996 2997 2909
2997 2907 2909
2998 2996 2911
2996 2909 2911
2999 2998 2913
2998 2911 2913
3000 2999 2915
2999 2913 2915
3001 2917 3002
2917 2919 3002
3002 2919 3003
2919 2921 3003
3003 2921 3004
2921 2905 3004
3004 2905 2997
2905 2907 2997
2970 2972 2988
2970 2988 2986
2983 2969 2986
2987 2989 3005
3006 2985 3005
2985 2987 3005
2995 2985 3006
3007 3008 3009
3008 3010 3009
3011 3009 3012
3013 3014 3015
3014 3016 3015
3017 3018 3013
3018 3014 3013
3017 3019 3018
3019 3020 3018
3019 3021 3020
3021 3022 3020
3023 3024 3022
3024 3025 3022
3010 3008 3023
3008 3024 3023
3021 3005 3023
3005 2989 3023
3010 3023 2990
3023 2989 2990
3010 2990 3009
2990 2991 3009
3009 2991 3012
2991 2992 3012
3015 2993 3013
2993 2994 3013
3013 2994 3017
2994 2995 3017
3019 3017 3006
3017 2995 3006
3021 3019 3005
3019 3006 3005
3026 3027 3028
3029 3030 3031
3032 3033 3034
3033 3035 3034
2936 2938 2939
2938 3036 2939
2949 2966 2947
3022 3021 3023
3009 3011 3007
3011 3037 3007
2943 3038 2945
3027 3026 3039
3026 3040 3039
2953 3041 2952
3042 3029 3043
3029 3031 3043
2908 2910 2909
2924 2923 2908
2933 2926 2924
2968 2971 2970
2969 2970 2986
2983 2986 2995
2923 2927 2910
2988 2989 2987
2921 2906 2905
2984 2969 2983
2968 2967 2997
2967 3004 2997
2968 2997 2971
2997 2996 2971
2971 2996 2973
2996 2998 2973
2973 2998 2976
2998 2999 2976
2976 2999 2978
2999 3000 2978
2980 2979 3002
2979 3001 3002
3002 3003 2980
3003 2984 2980
2967 2984 3004
2984 3003 3004
3044 3045 3046
3045 3047 3046
3048 3049 3050
3049 3051 3050
3052 3053 3054
3053 3055 3054
3056 3057 3058
3057 3059 3058
3060 3061 3062
3061 3063 3062
3064 3065 3066
3065 3067 3066
3068 3069 3070
3069 3071 3070
3072 3073 3074
3073 3075 3074
3076 3077 3078
3077 3079 3078
3080 3081 3082
3081 3083 3082
3084 3085 3059
3085 3058 3059
3077 3086 3079
3086 3087 3079
3049 3088 3051
3088 3089 3051
3090 3091 3072
3091 3073 3072
3092 3093 3084
3093 3085 3084
3091 3090 3094
3090 3095 3094
3088 3096 3089
3096 3097 3089
3098 3099 3086
3099 3087 3086
3065 3064 3098
3064 3099 3098
3046 3047 3096
3047 3097 3096
3069 3094 3071
3094 3095 3071
3052 3054 3092
3054 3093 3092
3100 3101 3102
3101 3103 3102
3104 3105 3106
3105 3107 3106
3108 3104 3109
3104 3106 3109
3108 3109 3110
3111 3110 3112
3110 3109 3112
3111 3112 3113
3114 3113 3115
3113 3112 3115
3114 3115 3116
3117 3116 3118
3116 3115 3118
3117 3118 3119
3120 3119 3121
3119 3118 3121
3121 3122 3120
3122 3123 3120
3124 3125 3126
3125 3122 3126
3124 3126 3127
3128 3129 3130
3128 3130 3131
3130 3132 3131
3133 3131 3132
3134 3135 3136
3135 3137 3136
3138 3135 3134
3139 3140 3134
3140 3138 3134
3141 3140 3139
3142 3143 3139
3143 3141 3139
3144 3143 3142
3145 3146 3142
3146 3144 3142
3147 3146 3145
3102 3103 3145
3103 3147 3145
3133 3132 3137
3132 3136 3137
3122 3125 3123
3148 3149 3150
3149 3151 3150
3152 3153 3154
3153 3155 3154
3156 3157 3158
3157 3159 3158
3160 3161 3156
3161 3157 3156
3162 2431 3163
2431 3164 3163
2431 2435 3164
2435 3165 3164
2436 3166 2435
3166 3165 2435
2438 3167 2436
3167 3166 2436
3168 3167 3169
3167 2438 3169
3170 3171 3172
3171 3173 3172
3174 3170 2447
3170 3172 2447
3175 3173 3176
3173 3171 3176
3169 3175 3168
3175 3176 3168
3154 3155 3177
3155 3178 3177
3150 3151 3179
3151 3180 3179
3177 3178 3181
3178 3182 3181
3181 3182 3148
3182 3149 3148
3152 3183 3153
3183 3184 3153
3159 3184 3158
3184 3183 3158
3185 3186 3187
3186 3188 3187
3187 3188 3160
3188 3161 3160
3162 3163 3185
3163 3186 3185
2378 2385 2396
2752 2759 2751
3189 2486 3190
2486 2487 3190
2517 2516 3191
2516 3192 3191
2384 2414 3193
2375 2414 2384
2788 2758 3194
2749 2788 2787
3127 3195 3196
3127 3126 3195
3195 3129 3196
3130 3129 3195
3197 2041 3198
2041 2040 3198
3199 3200 64
3200 66 64
3201 3202 3203
3202 3204 3203
3203 3205 3201
3203 3206 3205
3207 3203 3204
3203 3207 3208
3209 3210 3211
3210 3212 3211
3213 3214 3215
3214 3216 3215
3217 3218 3209
3218 3210 3209
3219 3220 3217
3220 3218 3217
3221 3216 3222
3216 3214 3222
3213 3212 3201
3212 3202 3201
3218 3207 3210
3207 3204 3210
3207 3218 3208
3218 3220 3208
3202 3212 3204
3212 3210 3204
3214 3213 3205
3213 3201 3205
3205 3206 3214
3206 3222 3214
3217 3223 3219
3223 3224 3219
3223 3217 3225
3217 3209 3225
3211 3226 3209
3226 3225 3209
3215 3216 3227
3216 3228 3227
3229 3228 3221
3228 3216 3221
3211 3215 3226
3215 3227 3226
3212 3213 3211
3213 3215 3211
3230 3231 3232
3233 3234 3231
3235 3236 3231
3237 3238 3239
3240 3241 3242
3243 3244 3242
3231 3230 3245
3231 3245 3233
3234 3246 3247
3237 3244 3238
3248 3236 3228
3236 3235 3227
3235 3247 3225
3247 3249 3225
3249 3239 3223
3225 3249 3223
3250 3251 3252
3230 3232 3251
3232 3248 3251
3248 3253 3254
3255 3252 3251
3231 3236 3248
3228 3236 3227
3253 3248 3229
3248 3228 3229
3227 3235 3226
3256 3246 3233
3247 3246 3257
3241 3257 3246
3241 3240 3257
3240 3239 3249
3240 3242 3237
3240 3249 3257
3223 3239 3224
3233 3246 3234
3241 3246 3256
3235 3231 3234
3247 3257 3249
3237 3239 3240
3255 3248 3254
3251 3248 3255
3234 3247 3235
3231 3248 3232
3235 3225 3226
3242 3244 3237
3230 3251 3250
3258 3259 3260
3260 3259 3261
3259 3258 3262
3259 3262 3263
3264 3261 3259
3259 3265 3264
3266 3267 3268
3267 3269 3268
3270 3271 3272
3271 3273 3272
3274 3269 3275
3269 3267 3275
3276 3274 3277
3274 3275 3277
3272 3273 3278
3273 3279 3278
3270 3258 3266
3258 3260 3266
3261 3264 3267
3264 3275 3267
3264 3265 3275
3265 3277 3275
3267 3266 3261
3266 3260 3261
3272 3262 3270
3262 3258 3270
3262 3272 3263
3272 3278 3263
3280 3281 3276
3281 3274 3276
3281 3282 3274
3282 3269 3274
3282 3283 3269
3283 3268 3269
3284 3273 3285
3273 3271 3285
3286 3279 3284
3279 3273 3284
3285 3271 3283
3271 3268 3283
3271 3270 3268
3270 3266 3268
3287 3288 3289
3290 3289 3291
3292 3289 3293
3294 3295 3296
3297 3298 3299
3300 3298 3301
3289 3302 3287
3289 3290 3302
3291 3303 3304
3294 3296 3301
3305 3284 3293
3293 3285 3292
3292 3282 3303
3303 3282 3306
3306 3281 3295
3282 3281 3306
3307 3308 3309
3287 3309 3288
3288 3309 3305
3305 3310 3311
3312 3309 3308
3289 3305 3293
3284 3285 3293
3284 3305 3286
3305 3311 3286
3285 3283 3292
3313 3290 3304
3303 3314 3304
3299 3304 3314
3299 3314 3297
3297 3306 3295
3297 3294 3298
3297 3314 3306
3281 3280 3295
3290 3291 3304
3299 3313 3304
3292 3291 3289
3303 3306 3314
3294 3297 3295
3312 3310 3305
3309 3312 3305
3291 3292 3303
3289 3288 3305
3292 3283 3282
3298 3294 3301
3287 3307 3309
3315 3316 3317
3318 3319 3320
3321 3322 3323
3322 3324 3323
3325 3326 3327
3326 3328 3327
3329 3330 3331
3330 3332 3331
3333 3334 3335
3334 3336 3335
3337 3338 3339
3338 3340 3339
3341 3342 3343
3342 3344 3343
3345 3346 3347
3346 3348 3347
3349 3350 3351
3334 3333 3352
3333 3353 3352
3354 3355 3356
3357 3358 3359
3360 3361 3362
3361 3363 3362
3364 3365 3366
3365 3367 3366
3368 3369 3370
3327 3371 3325
3371 3372 3325
3338 3337 3336
3337 3335 3336
3373 3374 3375
3376 3377 3378
3377 3379 3378
3330 3337 3380
3337 3339 3380
3381 3382 3383
3384 3385 3386
3346 3387 3348
3387 3388 3348
3371 3389 3390
3389 3391 3390
3392 3390 3393
3390 3391 3393
3394 3395 3396
3377 3397 3398
3397 3399 3398
3400 3365 3364
3401 3358 3402
3358 3403 3402
3331 3332 3404
3332 3405 3404
3347 3348 3406
3348 3407 3406
3348 3388 3407
3388 3408 3407
3407 3408 3409
3408 3410 3409
3411 3412 3405
3412 3404 3405
3412 3411 3413
3411 3414 3413
3415 3416 3320
3416 3417 3320
3418 3419 3320
3419 3415 3320
3330 3380 3332
3380 3420 3332
3342 3341 3403
3341 3402 3403
3421 3422 3423
3422 3424 3423
3342 3425 3344
3425 3426 3344
3427 3428 3429
3430 3431 3432
3433 3434 3435
3434 3436 3435
3437 3436 3438
3436 3434 3438
3375 3439 3440
3439 3441 3440
3442 3443 3444
3445 3446 3410
3446 3409 3410
3447 3448 3449
3448 3450 3449
3451 3452 3450
3453 3454 3455
3456 3457 3458
3453 3427 3454
3398 3459 3460
3459 3461 3460
3326 3461 3328
3461 3459 3328
3462 3315 3463
3421 3423 3427
3427 3423 3454
3423 3464 3454
3354 3465 3466
3467 3368 3468
3383 3382 3469
3470 3471 3468
3471 3467 3468
3370 3345 3368
3351 3472 3473
3354 3474 3355
3474 3475 3355
3381 3476 3354
3476 3474 3354
3476 3381 3383
3469 3477 3478
3479 3480 3477
3481 3482 3483
3482 3484 3483
3485 3486 3384
3486 3385 3384
3487 3488 3489
3488 3490 3489
3491 3492 3493
3492 3494 3493
3495 3496 3497
3496 3376 3497
3390 3392 3498
3392 3499 3498
3379 3377 3460
3377 3398 3460
3479 3477 3444
3500 3501 3444
3361 3360 3502
3447 3449 3503
3449 3504 3503
3505 3506 3449
3507 3508 3449
3507 3449 3450
3359 3352 3509
3413 3414 3416
3414 3417 3416
3447 3446 3448
3446 3445 3448
3442 3444 3510
3444 3443 3511
3352 3353 3512
3353 3513 3512
3349 3351 3473
3381 3466 3382
3434 3433 3514
3433 3515 3514
3516 3442 3406
3442 3470 3406
3517 3442 3516
3406 3470 3347
3470 3468 3347
3518 3519 3517
3458 3428 3453
3428 3427 3453
3438 3434 3509
3434 3514 3509
3512 3513 3440
3513 3375 3440
3345 3513 3346
3513 3353 3346
3514 3515 3357
3520 3521 3436
3522 3436 3437
3441 3523 3524
3349 3473 3523
3389 3371 3525
3371 3327 3525
3328 3526 3327
3526 3525 3327
3527 3526 3459
3526 3328 3459
3399 3527 3398
3527 3459 3398
3492 3495 3494
3495 3497 3494
3343 3340 3341
3340 3338 3341
3329 3335 3330
3335 3337 3330
3387 3333 3329
3333 3335 3329
3333 3387 3353
3387 3346 3353
3528 3479 3444
3518 3517 3447
3451 3450 3415
3451 3415 3419
3445 3413 3448
3413 3416 3448
3448 3416 3450
3416 3415 3450
3387 3329 3388
3329 3331 3388
3388 3331 3408
3331 3404 3408
3408 3404 3410
3404 3412 3410
3410 3412 3445
3412 3413 3445
3442 3517 3443
3442 3510 3470
3489 3486 3487
3486 3529 3487
3362 3363 3530
3363 3531 3530
3493 3494 3532
3494 3533 3532
3534 3533 3497
3533 3494 3497
3378 3534 3376
3534 3497 3376
3437 3438 3441
3509 3512 3438
3512 3440 3438
3359 3509 3514
3352 3512 3509
3532 3533 3344
3533 3343 3344
3340 3343 3534
3343 3533 3534
3339 3340 3378
3340 3534 3378
3378 3379 3339
3379 3380 3339
3521 3435 3436
3351 3350 3535
3536 3472 3537
3472 3351 3537
3538 3367 3539
3367 3365 3539
3540 3538 3541
3538 3539 3541
3542 3405 3420
3405 3332 3420
3543 3411 3542
3411 3405 3542
3543 3544 3411
3544 3414 3411
3417 3414 3545
3414 3544 3545
3318 3320 3545
3320 3417 3545
3460 3420 3379
3420 3380 3379
3420 3460 3542
3460 3461 3542
3543 3542 3326
3542 3461 3326
3326 3325 3543
3325 3544 3543
3545 3544 3372
3544 3325 3372
3498 3499 3318
3499 3319 3318
3452 3546 3450
3547 3548 3549
3548 3550 3549
3551 3547 3552
3547 3549 3552
3551 3552 3553
3552 3554 3553
3553 3554 3555
3554 3556 3555
3557 3316 3558
3316 3315 3558
3559 3560 3561
3560 3562 3561
3474 3562 3475
3562 3560 3475
3561 3563 3559
3506 3504 3449
3508 3505 3449
3361 3491 3363
3491 3493 3363
3532 3531 3493
3531 3363 3493
3531 3532 3426
3425 3342 3564
3342 3403 3564
3358 3455 3403
3455 3564 3403
3455 3358 3357
3366 3367 3491
3367 3492 3491
3495 3492 3538
3492 3367 3538
3496 3495 3540
3495 3538 3540
3399 3397 3547
3397 3548 3547
3481 3483 3539
3483 3541 3539
3549 3550 3487
3550 3488 3487
3552 3549 3529
3549 3487 3529
3395 3565 3566
3565 3567 3566
3527 3399 3551
3399 3547 3551
3553 3526 3551
3526 3527 3551
3555 3525 3553
3525 3526 3553
3315 3391 3558
3391 3389 3558
3395 3568 3396
3395 3566 3569
3566 3321 3569
3550 3541 3488
3541 3483 3488
3548 3540 3550
3540 3541 3550
3397 3496 3548
3496 3540 3548
3377 3376 3397
3376 3496 3397
3336 3402 3338
3402 3341 3338
3334 3401 3336
3401 3402 3336
3352 3359 3334
3359 3401 3334
3484 3490 3483
3490 3488 3483
3570 3571 3490
3571 3489 3490
3323 3572 3321
3567 3565 3573
3566 3567 3570
3567 3571 3570
3321 3566 3322
3566 3570 3322
3400 3574 3481
3574 3482 3481
3539 3365 3481
3365 3400 3481
3490 3484 3570
3484 3322 3570
3482 3324 3484
3324 3322 3484
3574 3324 3482
3535 3356 3355
3475 3536 3355
3536 3537 3355
3560 3575 3475
3575 3536 3475
3575 3560 3576
3560 3559 3576
3563 3576 3559
3432 3577 3430
3577 3578 3430
3453 3455 3357
3515 3458 3357
3458 3453 3357
3433 3456 3515
3456 3458 3515
3435 3579 3433
3514 3357 3359
3580 3364 3366
3491 3361 3366
3361 3580 3366
3581 3582 3583
3584 3585 3582
3586 3587 3584
3587 3585 3584
3588 3431 3586
3431 3587 3586
3455 3454 3564
3454 3589 3564
3358 3401 3359
3362 3590 3591
3530 3581 3362
3581 3590 3362
3592 3584 3530
3584 3581 3530
3593 3586 3592
3586 3584 3592
3594 3595 3589
3454 3464 3589
3438 3440 3441
3409 3516 3407
3516 3406 3407
3516 3409 3517
3409 3446 3517
3517 3446 3447
3390 3498 3371
3498 3372 3371
3318 3545 3498
3545 3372 3498
3557 3596 3597
3598 3556 3599
3556 3554 3599
3385 3571 3386
3571 3567 3386
3486 3489 3385
3489 3571 3385
3556 3598 3600
3558 3555 3557
3555 3556 3557
3558 3389 3555
3389 3525 3555
3599 3529 3485
3529 3486 3485
3599 3554 3529
3554 3552 3529
3598 3599 3485
3362 3591 3360
3590 3581 3601
3580 3361 3502
3519 3443 3517
3522 3520 3436
3602 3522 3437
3579 3456 3433
3524 3602 3437
3524 3437 3441
3457 3428 3458
3501 3528 3444
3444 3511 3500
3480 3603 3477
3478 3604 3469
3603 3478 3477
3596 3557 3600
3557 3556 3600
3316 3557 3597
3315 3317 3605
3463 3315 3605
3463 3605 3606
3450 3546 3507
3447 3503 3518
3607 3391 3315
3608 3393 3609
3393 3391 3609
3391 3607 3610
3391 3610 3609
3608 3611 3393
3607 3315 3462
3567 3573 3386
3568 3395 3569
3395 3394 3565
3321 3572 3569
3612 3463 3613
3462 3463 3612
3581 3583 3601
3584 3582 3581
3441 3439 3349
3374 3439 3375
3439 3374 3349
3369 3373 3370
3373 3369 3535
3369 3368 3465
3467 3382 3466
3467 3471 3382
3471 3510 3477
3470 3510 3471
3510 3444 3477
3382 3471 3469
3535 3369 3356
3369 3465 3356
3373 3535 3374
3465 3368 3467
3373 3375 3513
3368 3345 3347
3373 3345 3370
3373 3513 3345
3368 3347 3468
3374 3535 3350
3465 3467 3466
3349 3523 3441
3349 3374 3350
3354 3356 3465
3354 3466 3381
3383 3469 3604
3351 3535 3537
3535 3355 3537
3471 3477 3469
3418 3320 3614
3320 3319 3614
3615 3595 3593
3586 3595 3588
3595 3594 3588
3594 3424 3588
3616 3617 3618
3617 3619 3618
3617 3424 3422
3577 3432 3588
3432 3431 3588
3615 3620 3595
3620 3589 3595
3424 3594 3464
3594 3589 3464
3464 3423 3424
3421 3429 3621
3429 3428 3621
3578 3616 3618
3616 3578 3577
3424 3577 3588
3424 3616 3577
3616 3424 3617
3421 3622 3623
3421 3624 3622
3421 3621 3624
3427 3429 3421
3623 3619 3422
3619 3617 3422
3623 3422 3421
3595 3586 3593
3592 3615 3593
3426 3532 3344
3531 3592 3530
3426 3615 3592
3426 3620 3615
3426 3592 3531
3426 3425 3620
3589 3620 3564
3620 3425 3564
3625 3626 3627
3628 3629 3630
3631 3632 3633
3632 3634 3633
3635 3636 3637
3636 3638 3637
3639 3640 3641
3640 3642 3641
3643 3644 3645
3644 3646 3645
3647 3648 3649
3648 3650 3649
3651 3652 3653
3652 3654 3653
3655 3656 3657
3656 3658 3657
3659 3660 3661
3662 3646 3663
3646 3644 3663
3664 3665 3666
3667 3668 3669
3670 3671 3672
3671 3673 3672
3674 3675 3676
3675 3677 3676
3678 3679 3680
3637 3638 3681
3638 3682 3681
3649 3643 3647
3643 3645 3647
3683 3684 3685
3686 3687 3688
3687 3689 3688
3640 3690 3647
3690 3648 3647
3691 3692 3693
3694 3695 3696
3697 3698 3655
3698 3656 3655
3699 3700 3701
3700 3681 3701
3702 3703 3701
3703 3699 3701
3704 3705 3706
3688 3707 3708
3707 3709 3708
3710 3674 3676
3711 3669 3712
3669 3713 3712
3714 3639 3715
3639 3641 3715
3716 3655 3717
3655 3657 3717
3718 3697 3716
3697 3655 3716
3716 3719 3718
3719 3720 3718
3721 3714 3722
3714 3715 3722
3722 3723 3721
3723 3724 3721
3725 3629 3726
3629 3727 3726
3725 3728 3629
3728 3729 3629
3730 3690 3639
3690 3640 3639
3712 3651 3711
3651 3653 3711
3731 3732 3733
3732 3734 3733
3653 3654 3735
3654 3736 3735
3737 3738 3739
3740 3741 3742
3743 3744 3745
3744 3746 3745
3747 3748 3746
3748 3745 3746
3684 3749 3750
3750 3749 3751
3752 3753 3754
3719 3755 3720
3755 3756 3720
3757 3758 3759
3758 3760 3759
3761 3757 3762
3763 3764 3765
3766 3767 3768
3763 3765 3737
3707 3769 3770
3769 3771 3770
3770 3771 3635
3771 3636 3635
3772 3773 3625
3731 3737 3732
3737 3765 3732
3765 3774 3732
3664 3775 3776
3777 3778 3678
3692 3779 3693
3777 3780 3778
3780 3781 3778
3679 3678 3658
3660 3782 3783
3784 3785 3666
3785 3664 3666
3785 3786 3664
3786 3691 3664
3786 3692 3691
3779 3787 3788
3789 3788 3790
3791 3792 3793
3792 3794 3793
3696 3795 3694
3795 3796 3694
3797 3798 3799
3798 3800 3799
3801 3802 3803
3802 3804 3803
3805 3806 3807
3806 3686 3807
3701 3808 3702
3808 3809 3702
3689 3769 3688
3769 3707 3688
3789 3753 3788
3810 3753 3811
3672 3812 3670
3813 3759 3814
3759 3760 3814
3815 3759 3816
3817 3759 3818
3817 3757 3759
3668 3819 3663
3723 3726 3724
3726 3727 3724
3756 3755 3758
3755 3760 3758
3752 3820 3753
3753 3821 3754
3822 3662 3823
3662 3663 3823
3659 3782 3660
3691 3693 3775
3824 3743 3825
3743 3745 3825
3826 3717 3752
3717 3781 3752
3827 3826 3752
3717 3657 3781
3657 3778 3781
3828 3827 3829
3737 3739 3763
3739 3767 3763
3748 3819 3745
3819 3825 3745
3684 3822 3749
3822 3823 3749
3662 3822 3656
3822 3658 3656
3825 3667 3824
3830 3746 3831
3832 3747 3746
3751 3833 3834
3659 3834 3782
3637 3681 3835
3681 3700 3835
3835 3836 3637
3836 3635 3637
3635 3836 3770
3836 3837 3770
3709 3707 3837
3707 3770 3837
3802 3801 3805
3801 3806 3805
3652 3651 3650
3651 3649 3650
3642 3640 3645
3640 3647 3645
3645 3646 3642
3646 3698 3642
3646 3662 3698
3662 3656 3698
3838 3753 3789
3828 3760 3827
3761 3725 3757
3761 3728 3725
3756 3758 3723
3758 3726 3723
3758 3757 3726
3757 3725 3726
3698 3697 3642
3697 3641 3642
3697 3718 3641
3718 3715 3641
3718 3720 3715
3720 3722 3715
3720 3756 3722
3756 3723 3722
3752 3754 3827
3752 3781 3820
3839 3795 3797
3795 3798 3797
3840 3673 3841
3673 3671 3841
3842 3801 3843
3801 3803 3843
3844 3806 3842
3806 3801 3842
3806 3844 3686
3844 3687 3686
3747 3751 3748
3819 3748 3823
3748 3749 3823
3668 3825 3819
3663 3819 3823
3652 3842 3654
3842 3843 3654
3842 3652 3844
3652 3650 3844
3648 3687 3650
3687 3844 3650
3690 3689 3648
3689 3687 3648
3831 3746 3744
3660 3845 3661
3846 3847 3783
3847 3660 3783
3676 3677 3848
3677 3849 3848
3848 3849 3850
3849 3851 3850
3639 3714 3730
3714 3852 3730
3714 3721 3852
3721 3853 3852
3853 3721 3854
3721 3724 3854
3727 3855 3724
3855 3854 3724
3628 3855 3629
3855 3727 3629
3769 3689 3730
3689 3690 3730
3730 3852 3769
3852 3771 3769
3771 3852 3636
3852 3853 3636
3854 3638 3853
3638 3636 3853
3638 3854 3682
3854 3855 3682
3630 3809 3628
3809 3808 3628
3762 3757 3856
3857 3858 3859
3858 3860 3859
3858 3857 3861
3857 3862 3861
3862 3863 3861
3863 3864 3861
3865 3864 3866
3864 3863 3866
3625 3627 3867
3627 3868 3867
3869 3870 3871
3870 3872 3871
3785 3784 3869
3784 3870 3869
3871 3872 3873
3816 3759 3813
3818 3759 3815
3672 3673 3804
3673 3803 3804
3843 3803 3840
3803 3673 3840
3840 3736 3843
3735 3874 3653
3874 3711 3653
3874 3764 3711
3764 3669 3711
3764 3667 3669
3802 3677 3804
3677 3675 3804
3805 3849 3802
3849 3677 3802
3807 3851 3805
3851 3849 3805
3859 3708 3857
3708 3709 3857
3850 3792 3848
3792 3791 3848
3858 3797 3860
3797 3799 3860
3861 3839 3858
3839 3797 3858
3875 3876 3877
3876 3706 3877
3837 3862 3709
3862 3857 3709
3837 3836 3862
3836 3863 3862
3836 3835 3863
3835 3866 3863
3625 3867 3699
3867 3700 3699
3706 3705 3878
3706 3879 3877
3879 3634 3877
3792 3850 3799
3850 3860 3799
3850 3851 3860
3851 3859 3860
3851 3807 3859
3807 3708 3859
3807 3686 3708
3686 3688 3708
3643 3649 3712
3649 3651 3712
3712 3713 3643
3713 3644 3643
3663 3644 3668
3644 3713 3668
3799 3800 3792
3800 3794 3792
3798 3880 3800
3880 3881 3800
3633 3634 3882
3875 3883 3876
3880 3875 3881
3875 3877 3881
3881 3877 3632
3877 3634 3632
3793 3884 3791
3884 3710 3791
3848 3791 3676
3791 3710 3676
3632 3794 3881
3794 3800 3881
3793 3794 3631
3794 3632 3631
3884 3793 3631
3845 3666 3665
3784 3666 3846
3666 3847 3846
3846 3885 3784
3885 3870 3784
3885 3886 3870
3886 3872 3870
3873 3872 3886
3741 3740 3887
3740 3888 3887
3763 3667 3764
3763 3767 3667
3767 3824 3667
3767 3766 3824
3766 3743 3824
3744 3743 3889
3825 3668 3667
3890 3675 3674
3804 3675 3672
3675 3890 3672
3891 3892 3893
3894 3893 3895
3895 3896 3894
3896 3897 3894
3898 3897 3742
3897 3896 3742
3764 3874 3765
3874 3899 3765
3669 3668 3713
3671 3900 3901
3841 3671 3891
3671 3901 3891
3902 3841 3894
3841 3891 3894
3903 3902 3897
3902 3894 3897
3904 3899 3905
3765 3899 3774
3748 3751 3749
3717 3826 3716
3826 3719 3716
3755 3719 3827
3719 3826 3827
3827 3760 3755
3701 3681 3808
3681 3682 3808
3682 3855 3808
3855 3628 3808
3868 3906 3907
3908 3909 3865
3909 3864 3865
3696 3695 3880
3695 3875 3880
3795 3696 3798
3696 3880 3798
3865 3910 3908
3865 3866 3868
3866 3867 3868
3835 3700 3866
3700 3867 3866
3795 3839 3796
3839 3909 3796
3861 3864 3839
3864 3909 3839
3908 3796 3909
3671 3670 3900
3901 3911 3891
3890 3812 3672
3829 3827 3754
3832 3746 3830
3912 3747 3832
3889 3743 3766
3833 3747 3912
3833 3751 3747
3768 3767 3739
3811 3753 3838
3753 3810 3821
3790 3788 3913
3787 3779 3914
3913 3788 3787
3907 3910 3868
3910 3865 3868
3627 3906 3868
3625 3915 3626
3773 3915 3625
3773 3916 3915
3757 3817 3856
3760 3828 3814
3917 3625 3699
3918 3919 3703
3919 3699 3703
3699 3920 3917
3699 3919 3920
3918 3703 3921
3917 3772 3625
3875 3695 3883
3878 3879 3706
3706 3876 3704
3634 3879 3882
3922 3923 3773
3772 3922 3773
3891 3911 3892
3894 3891 3893
3751 3659 3750
3685 3684 3750
3750 3659 3685
3680 3679 3683
3683 3845 3680
3680 3776 3678
3777 3775 3693
3777 3693 3780
3780 3788 3820
3781 3780 3820
3820 3788 3753
3693 3779 3780
3845 3665 3680
3680 3665 3776
3683 3685 3845
3776 3777 3678
3683 3822 3684
3678 3657 3658
3683 3679 3658
3683 3658 3822
3678 3778 3657
3685 3661 3845
3776 3775 3777
3659 3751 3834
3659 3661 3685
3664 3776 3665
3664 3691 3775
3692 3914 3779
3660 3847 3845
3845 3847 3666
3780 3779 3788
3630 3629 3924
3629 3729 3924
3925 3903 3905
3904 3905 3898
3905 3897 3898
3904 3898 3734
3926 3927 3928
3927 3929 3928
3928 3733 3734
3887 3898 3741
3741 3898 3742
3899 3930 3905
3930 3925 3905
3734 3774 3904
3774 3899 3904
3774 3734 3732
3731 3931 3738
3738 3931 3739
3888 3927 3926
3926 3887 3888
3734 3898 3887
3734 3887 3926
3926 3928 3734
3731 3932 3933
3731 3933 3934
3731 3934 3931
3737 3731 3738
3932 3733 3929
3733 3928 3929
3932 3731 3733
3905 3903 3897
3902 3903 3925
3736 3654 3843
3840 3841 3902
3736 3902 3925
3736 3925 3930
3736 3840 3902
3736 3930 3735
3899 3874 3930
3874 3735 3930
