byte offset: 0
first index: 63093
index count: 2304
topology: trianglelist
format: DXGI_FORMAT_R16_UINT

15170 15171 15172
15170 15173 15171
15174 15173 15170
15175 15171 15173
15175 15176 15171
15177 15176 15175
15174 15178 15173
15179 15178 15174
15177 15175 15180
15180 15181 15177
15182 15175 15173
15182 15173 15178
15180 15175 15182
15179 15183 15178
15184 15183 15179
15180 15185 15181
15185 15186 15181
15185 15187 15186
15180 15182 15188
15188 15185 15180
15189 15182 15178
15189 15178 15183
15188 15182 15189
15190 15187 15185
15188 15190 15185
15190 15191 15187
15184 15192 15183
15193 15192 15184
15188 15189 15194
15194 15190 15188
15195 15191 15190
15194 15195 15190
15195 15196 15191
15197 15189 15183
15194 15189 15197
15197 15183 15192
15193 15198 15192
15199 15198 15193
15200 15196 15195
15200 15201 15196
15202 15195 15194
15194 15197 15202
15202 15200 15195
15203 15197 15192
15202 15197 15203
15203 15192 15198
15199 15204 15198
15205 15204 15199
15206 15201 15200
15206 15207 15201
15208 15200 15202
15202 15203 15208
15208 15206 15200
15209 15203 15198
15208 15203 15209
15209 15198 15204
15205 15210 15204
15211 15210 15205
15212 15207 15206
15212 15213 15207
15214 15206 15208
15208 15209 15214
15214 15212 15206
15215 15209 15204
15214 15209 15215
15215 15204 15210
15211 15216 15210
15217 15216 15211
15218 15213 15212
15218 15219 15213
15220 15212 15214
15214 15215 15220
15220 15218 15212
15221 15215 15210
15220 15215 15221
15221 15210 15216
15217 15222 15216
15223 15222 15217
15224 15219 15218
15224 15225 15219
15226 15218 15220
15220 15221 15226
15226 15224 15218
15227 15221 15216
15226 15221 15227
15227 15216 15222
15223 15228 15222
15229 15228 15223
15230 15225 15224
15230 15231 15225
15232 15224 15226
15226 15227 15232
15232 15230 15224
15233 15227 15222
15232 15227 15233
15233 15222 15228
15229 15234 15228
15235 15234 15229
15235 15236 15234
15237 15234 15236
15238 15228 15234
15238 15233 15228
15237 15238 15234
15232 15233 15239
15239 15230 15232
15239 15233 15238
15240 15238 15237
15239 15238 15240
15240 15237 15241
15239 15242 15230
15240 15242 15239
15242 15231 15230
15242 15243 15231
15241 15244 15240
15240 15244 15242
15244 15243 15242
15241 15245 15244
15244 15246 15243
15245 15246 15244
15245 15247 15246
15248 15249 15250
15248 15251 15249
15252 15251 15248
15253 15249 15251
15253 15254 15249
15255 15254 15253
15252 15256 15251
15257 15256 15252
15255 15253 15258
15258 15259 15255
15260 15253 15251
15260 15251 15256
15258 15253 15260
15257 15261 15256
15262 15261 15257
15258 15263 15259
15263 15264 15259
15263 15265 15264
15258 15260 15266
15266 15263 15258
15267 15260 15256
15267 15256 15261
15266 15260 15267
15268 15265 15263
15266 15268 15263
15268 15269 15265
15262 15270 15261
15271 15270 15262
15266 15267 15272
15272 15268 15266
15273 15269 15268
15272 15273 15268
15273 15274 15269
15275 15267 15261
15272 15267 15275
15275 15261 15270
15271 15276 15270
15277 15276 15271
15278 15274 15273
15278 15279 15274
15280 15273 15272
15272 15275 15280
15280 15278 15273
15281 15275 15270
15280 15275 15281
15281 15270 15276
15277 15282 15276
15283 15282 15277
15284 15279 15278
15284 15285 15279
15286 15278 15280
15280 15281 15286
15286 15284 15278
15287 15281 15276
15286 15281 15287
15287 15276 15282
15283 15288 15282
15289 15288 15283
15290 15285 15284
15290 15291 15285
15292 15284 15286
15286 15287 15292
15292 15290 15284
15293 15287 15282
15292 15287 15293
15293 15282 15288
15289 15294 15288
15295 15294 15289
15296 15291 15290
15296 15297 15291
15298 15290 15292
15292 15293 15298
15298 15296 15290
15299 15293 15288
15298 15293 15299
15299 15288 15294
15295 15300 15294
15301 15300 15295
15302 15297 15296
15302 15303 15297
15304 15296 15298
15298 15299 15304
15304 15302 15296
15305 15299 15294
15304 15299 15305
15305 15294 15300
15301 15306 15300
15307 15306 15301
15308 15303 15302
15308 15309 15303
15310 15302 15304
15304 15305 15310
15310 15308 15302
15311 15305 15300
15310 15305 15311
15311 15300 15306
15307 15312 15306
15313 15312 15307
15313 15314 15312
15315 15312 15314
15316 15306 15312
15316 15311 15306
15315 15316 15312
15310 15311 15317
15317 15308 15310
15317 15311 15316
15318 15316 15315
15317 15316 15318
15318 15315 15319
15317 15320 15308
15318 15320 15317
15320 15309 15308
15320 15321 15309
15319 15322 15318
15318 15322 15320
15322 15321 15320
15319 15323 15322
15322 15324 15321
15323 15324 15322
15323 15325 15324
15326 15327 15328
15327 15329 15328
15326 15330 15327
15331 15330 15326
15331 15332 15330
15327 15333 15329
15334 15329 15333
15334 15333 15335
15336 15330 15332
15336 15332 15337
15338 15336 15337
15339 15327 15330
15339 15333 15327
15339 15330 15336
15335 15333 15340
15339 15340 15333
15335 15340 15341
15338 15342 15336
15339 15336 15342
15343 15342 15338
15344 15340 15339
15339 15342 15344
15343 15345 15342
15344 15342 15345
15346 15345 15343
15344 15347 15340
15341 15340 15347
15346 15348 15345
15349 15348 15346
15344 15345 15350
15350 15347 15344
15350 15345 15348
15349 15351 15348
15352 15351 15349
15350 15348 15353
15353 15348 15351
15350 15354 15347
15353 15354 15350
15341 15347 15355
15355 15347 15354
15352 15356 15351
15357 15356 15352
15353 15351 15358
15358 15351 15356
15341 15355 15359
15341 15359 15360
15355 15354 15361
15361 15359 15355
15353 15362 15354
15358 15362 15353
15361 15354 15362
15360 15359 15363
15361 15363 15359
15360 15363 15364
15357 15365 15356
15366 15365 15357
15358 15356 15367
15367 15356 15365
15358 15368 15362
15367 15368 15358
15361 15362 15369
15369 15363 15361
15369 15362 15368
15364 15363 15370
15369 15370 15363
15364 15370 15371
15366 15372 15365
15373 15372 15366
15367 15365 15374
15374 15365 15372
15369 15368 15375
15375 15370 15369
15371 15370 15376
15375 15376 15370
15371 15376 15377
15376 15378 15377
15367 15379 15368
15374 15379 15367
15375 15368 15379
15376 15380 15378
15375 15380 15376
15381 15378 15380
15375 15379 15382
15375 15382 15380
15381 15380 15383
15383 15380 15382
15383 15384 15381
15374 15385 15379
15382 15379 15385
15383 15386 15384
15387 15384 15386
15383 15382 15388
15382 15385 15388
15388 15386 15383
15389 15385 15374
15374 15372 15389
15388 15385 15390
15389 15390 15385
15388 15391 15386
15388 15390 15391
15387 15386 15392
15392 15386 15391
15389 15372 15393
15373 15393 15372
15394 15393 15373
15395 15390 15389
15389 15393 15395
15394 15396 15393
15395 15393 15396
15397 15396 15394
15397 15398 15396
15399 15396 15398
15395 15396 15399
15399 15398 15400
15401 15399 15400
15401 15402 15399
15395 15399 15402
15403 15402 15401
15395 15404 15390
15395 15402 15404
15391 15390 15404
15403 15405 15402
15404 15402 15405
15391 15404 15406
15404 15405 15406
15392 15391 15406
15405 15392 15406
15403 15407 15405
15405 15407 15392
15403 15408 15407
15387 15392 15407
15387 15407 15408
15409 15410 15411
15412 15409 15411
15409 15413 15410
15414 15410 15413
15414 15413 15415
15412 15416 15409
15417 15416 15412
15417 15418 15416
15419 15413 15409
15419 15409 15416
15415 15413 15420
15419 15420 15413
15415 15420 15421
15420 15422 15421
15423 15416 15418
15419 15416 15423
15423 15418 15424
15420 15425 15422
15419 15425 15420
15426 15422 15425
15423 15427 15419
15419 15427 15425
15426 15425 15428
15428 15425 15427
15428 15429 15426
15423 15430 15427
15424 15430 15423
15428 15427 15431
15431 15427 15430
15428 15432 15429
15431 15432 15428
15433 15429 15432
15433 15432 15434
15434 15435 15433
15431 15436 15432
15434 15432 15436
15431 15430 15437
15437 15436 15431
15424 15438 15430
15437 15430 15438
15434 15439 15435
15440 15435 15439
15434 15436 15441
15441 15439 15434
15424 15442 15438
15424 15443 15442
15437 15438 15444
15444 15438 15442
15437 15445 15436
15441 15436 15445
15444 15445 15437
15446 15442 15443
15444 15442 15446
15446 15443 15447
15440 15439 15448
15448 15449 15440
15441 15450 15439
15448 15439 15450
15444 15451 15445
15446 15451 15444
15447 15452 15446
15446 15452 15451
15447 15453 15452
15441 15445 15454
15454 15445 15451
15454 15450 15441
15448 15455 15449
15456 15449 15455
15457 15452 15453
15457 15453 15458
15459 15457 15458
15460 15451 15452
15454 15451 15460
15460 15452 15457
15459 15461 15457
15460 15457 15461
15462 15461 15459
15448 15450 15463
15463 15455 15448
15454 15464 15450
15460 15464 15454
15463 15450 15464
15462 15465 15461
15466 15465 15462
15460 15461 15467
15460 15467 15464
15467 15461 15465
15463 15464 15468
15468 15464 15467
15463 15469 15455
15468 15469 15463
15466 15470 15465
15471 15470 15466
15467 15465 15472
15468 15467 15472
15472 15465 15470
15472 15473 15468
15468 15473 15469
15474 15455 15469
15456 15455 15474
15474 15475 15456
15472 15470 15476
15472 15476 15473
15471 15477 15470
15476 15470 15477
15474 15469 15478
15478 15469 15473
15474 15479 15475
15478 15479 15474
15480 15475 15479
15480 15479 15481
15481 15479 15482
15478 15482 15479
15481 15482 15483
15482 15484 15483
15482 15485 15484
15478 15485 15482
15486 15484 15485
15478 15473 15487
15478 15487 15485
15487 15473 15476
15486 15485 15488
15488 15485 15487
15487 15476 15489
15488 15487 15489
15476 15477 15489
15477 15488 15489
15486 15488 15490
15477 15490 15488
15486 15490 15491
15471 15490 15477
15471 15491 15490
15492 15493 15494
15494 15493 15495
15492 15494 15496
15497 15492 15496
15497 15496 15498
15494 15495 15499
15500 15499 15495
15500 15501 15499
15502 15496 15494
15502 15494 15499
15503 15498 15496
15502 15503 15496
15503 15504 15498
15505 15504 15503
15501 15506 15499
15502 15499 15506
15501 15507 15506
15505 15503 15508
15502 15508 15503
15509 15505 15508
15510 15502 15506
15502 15510 15508
15509 15508 15511
15510 15511 15508
15512 15509 15511
15510 15506 15513
15507 15513 15506
15512 15511 15514
15515 15512 15514
15510 15516 15511
15516 15510 15513
15516 15514 15511
15515 15514 15517
15518 15515 15517
15516 15519 15514
15519 15517 15514
15516 15513 15520
15519 15516 15520
15507 15521 15513
15521 15520 15513
15518 15517 15522
15523 15518 15522
15519 15524 15517
15524 15522 15517
15507 15525 15521
15507 15526 15525
15521 15527 15520
15527 15521 15525
15519 15520 15528
15524 15519 15528
15527 15528 15520
15526 15529 15525
15527 15525 15529
15526 15530 15529
15523 15522 15531
15532 15523 15531
15524 15533 15522
15533 15531 15522
15524 15528 15534
15533 15524 15534
15527 15535 15528
15535 15527 15529
15535 15534 15528
15530 15536 15529
15535 15529 15536
15530 15537 15536
15532 15531 15538
15539 15532 15538
15533 15540 15531
15540 15538 15531
15535 15541 15534
15541 15535 15536
15537 15542 15536
15541 15536 15542
15537 15543 15542
15542 15543 15544
15533 15534 15545
15540 15533 15545
15541 15545 15534
15542 15544 15546
15541 15542 15546
15547 15546 15544
15541 15548 15545
15541 15546 15548
15547 15549 15546
15549 15548 15546
15549 15547 15550
15540 15545 15551
15548 15551 15545
15549 15550 15552
15553 15552 15550
15549 15554 15548
15548 15554 15551
15554 15549 15552
15555 15540 15551
15540 15555 15538
15554 15556 15551
15555 15551 15556
15554 15552 15557
15554 15557 15556
15553 15558 15552
15558 15557 15552
15555 15559 15538
15539 15538 15559
15560 15539 15559
15561 15555 15556
15555 15561 15559
15560 15559 15562
15561 15562 15559
15563 15560 15562
15563 15562 15564
15565 15564 15562
15561 15565 15562
15565 15566 15564
15567 15566 15565
15567 15565 15568
15561 15568 15565
15569 15567 15568
15561 15556 15570
15561 15570 15568
15557 15570 15556
15569 15568 15571
15570 15571 15568
15557 15572 15570
15570 15572 15571
15558 15572 15557
15571 15572 15558
15569 15571 15573
15571 15558 15573
15569 15573 15574
15553 15573 15558
15553 15574 15573
15575 15576 15577
15578 15576 15575
15575 15577 15579
15580 15579 15577
15580 15581 15579
15578 15575 15582
15583 15578 15582
15583 15582 15584
15581 15585 15579
15581 15586 15585
15585 15586 15587
15588 15575 15579
15588 15582 15575
15588 15579 15585
15589 15584 15582
15588 15589 15582
15589 15590 15584
15585 15587 15591
15588 15585 15591
15592 15591 15587
15589 15588 15593
15588 15591 15593
15592 15594 15591
15594 15593 15591
15594 15592 15595
15589 15593 15596
15590 15589 15596
15594 15597 15593
15597 15596 15593
15594 15595 15598
15597 15594 15598
15599 15598 15595
15599 15600 15598
15600 15599 15601
15597 15598 15602
15600 15602 15598
15597 15603 15596
15603 15597 15602
15590 15596 15604
15603 15604 15596
15600 15601 15605
15606 15605 15601
15600 15607 15602
15607 15600 15605
15590 15604 15608
15590 15608 15609
15603 15610 15604
15610 15608 15604
15603 15602 15611
15607 15611 15602
15610 15603 15611
15612 15609 15608
15610 15612 15608
15612 15613 15609
15606 15614 15605
15614 15606 15615
15607 15605 15616
15614 15616 15605
15610 15611 15617
15612 15610 15617
15613 15612 15618
15612 15617 15618
15613 15618 15619
15607 15620 15611
15620 15617 15611
15620 15607 15616
15614 15615 15621
15622 15621 15615
15623 15618 15617
15620 15623 15617
15624 15619 15618
15623 15624 15618
15624 15625 15619
15626 15625 15624
15626 15624 15627
15623 15627 15624
15628 15626 15627
15614 15629 15616
15629 15614 15621
15620 15616 15630
15623 15620 15630
15629 15630 15616
15628 15627 15631
15632 15628 15631
15623 15633 15627
15623 15630 15633
15633 15631 15627
15629 15634 15630
15634 15633 15630
15629 15621 15635
15634 15629 15635
15632 15631 15636
15637 15632 15636
15633 15638 15631
15634 15638 15633
15638 15636 15631
15638 15634 15639
15634 15635 15639
15640 15635 15621
15622 15640 15621
15640 15622 15641
15638 15642 15636
15638 15639 15642
15637 15636 15643
15642 15643 15636
15640 15644 15635
15644 15639 15635
15640 15641 15645
15644 15640 15645
15646 15645 15641
15646 15647 15645
15647 15648 15645
15644 15645 15648
15647 15649 15648
15648 15649 15650
15648 15650 15651
15644 15648 15651
15652 15651 15650
15644 15653 15639
15644 15651 15653
15653 15642 15639
15652 15654 15651
15654 15653 15651
15653 15655 15642
15654 15655 15653
15642 15655 15643
15643 15655 15654
15652 15656 15654
15643 15654 15656
15652 15657 15656
15637 15643 15656
15637 15656 15657
