byte offset: 0
first index: 28002
index count: 6540
topology: trianglelist
format: DXGI_FORMAT_R16_UINT

7190 7191 7192
7193 7194 7195
7196 7197 7198
7199 7198 7197
7199 7197 7200
7199 7200 7201
7202 7203 7204
7204 7203 7205
7205 7203 7206
7204 7205 7207
7207 7205 7206
7204 7207 7208
7207 7206 7209
7210 7208 7207
7211 7207 7209
7210 7207 7211
7211 7209 7212
7210 7211 7213
7213 7211 7212
7214 7215 7216
7215 7217 7216
7217 7218 7216
7215 7219 7217
7219 7218 7217
7215 7220 7219
7219 7221 7218
7219 7220 7222
7221 7219 7223
7219 7222 7223
7221 7223 7224
7222 7225 7223
7225 7224 7223
7226 7227 7228
7226 7229 7227
7229 7230 7227
7231 7229 7226
7232 7231 7226
7233 7231 7232
7234 7233 7232
7231 7233 7235
7233 7234 7235
7229 7231 7236
7231 7235 7236
7237 7235 7234
7237 7236 7235
7234 7238 7237
7238 7239 7237
7239 7236 7237
7238 7240 7239
7229 7236 7241
7239 7241 7236
7241 7230 7229
7240 7242 7239
7239 7242 7241
7240 7243 7242
7242 7243 7244
7242 7244 7241
7244 7243 7245
7241 7244 7246
7246 7230 7241
7244 7245 7247
7244 7247 7246
7247 7245 7248
7246 7247 7249
7249 7250 7246
7246 7250 7230
7230 7250 7251
7250 7252 7251
7230 7251 7253
7254 7230 7253
7254 7255 7230
7254 7256 7255
7254 7257 7256
7258 7256 7257
7259 7260 7261
7262 7261 7260
7262 7263 7261
7264 7263 7262
7265 7261 7263
7266 7263 7264
7265 7263 7266
7267 7268 7269
7267 7270 7268
7271 7270 7267
7271 7267 7272
7273 7271 7272
7274 7275 7276
7276 7277 7274
7276 7278 7277
7279 7274 7277
7274 7279 7280
7279 7277 7281
7278 7282 7277
7281 7277 7282
7278 7283 7282
7281 7282 7284
7285 7282 7283
7285 7284 7282
7286 7287 7288
7289 7288 7287
7289 7287 7290
7289 7290 7291
7292 7293 7294
7292 7294 7295
7295 7294 7296
7295 7296 7297
7297 7296 7298
7299 7300 7301
7299 7302 7300
7299 7303 7302
7304 7300 7302
7305 7302 7303
7306 7305 7303
7302 7305 7307
7302 7307 7308
7304 7302 7308
7308 7307 7309
7304 7308 7310
7308 7309 7310
7304 7310 7311
7310 7309 7312
7310 7312 7311
7313 7314 7315
7313 7315 7316
7317 7316 7315
7317 7315 7318
7317 7318 7319
7320 7321 7322
7320 7322 7323
7323 7322 7324
7323 7324 7325
7325 7324 7326
7327 7328 7329
7330 7328 7327
7330 7331 7328
7330 7327 7332
7327 7333 7332
7330 7332 7334
7330 7334 7335
7336 7331 7330
7330 7335 7336
7336 7337 7331
7338 7336 7335
7338 7337 7336
7339 7340 7341
7342 7339 7341
7342 7341 7343
7342 7343 7344
7343 7345 7344
7344 7345 7346
7347 7346 7345
7348 7347 7345
7349 7347 7348
7350 7349 7348
7350 7351 7349
7351 7350 7352
7353 7354 7355
7356 7354 7353
7356 7353 7357
7356 7358 7354
7358 7359 7354
7354 7359 7360
7359 7361 7360
7359 7362 7361
7363 7361 7362
7364 7363 7362
7362 7365 7364
7365 7366 7364
7365 7362 7367
7362 7359 7367
7358 7367 7359
7367 7368 7365
7364 7366 7369
7366 7370 7369
7370 7366 7371
7371 7366 7372
7366 7373 7372
7366 7374 7373
7366 7365 7374
7373 7374 7375
7376 7367 7358
7376 7368 7367
7374 7377 7375
7378 7375 7377
7378 7377 7379
7377 7380 7379
7379 7380 7381
7382 7381 7380
7377 7374 7383
7377 7383 7380
7382 7380 7384
7382 7384 7385
7384 7386 7385
7384 7387 7386
7384 7380 7387
7380 7383 7387
7374 7388 7383
7383 7388 7387
7365 7388 7374
7387 7388 7389
7387 7389 7390
7391 7390 7389
7388 7365 7392
7389 7388 7392
7391 7389 7393
7393 7394 7391
7389 7392 7395
7393 7389 7395
7393 7396 7394
7394 7396 7397
7398 7396 7393
7393 7395 7398
7399 7397 7396
7398 7399 7396
7399 7400 7397
7400 7399 7398
7400 7398 7401
7395 7401 7398
7395 7402 7401
7395 7392 7402
7365 7403 7392
7403 7402 7392
7365 7404 7403
7402 7403 7404
7365 7368 7404
7402 7404 7405
7406 7402 7405
7404 7407 7405
7407 7404 7368
7406 7405 7408
7408 7405 7407
7406 7408 7409
7408 7410 7409
7408 7407 7410
7368 7411 7407
7368 7412 7411
7411 7412 7413
7368 7414 7412
7376 7414 7368
7413 7412 7415
7414 7415 7412
7413 7415 7416
7416 7415 7417
7417 7415 7418
7418 7415 7414
7418 7419 7417
7418 7420 7419
7418 7414 7421
7376 7421 7414
7420 7418 7421
7376 7422 7421
7422 7420 7421
7376 7358 7422
7356 7422 7358
7422 7423 7420
7356 7424 7422
7423 7422 7424
7425 7420 7423
7425 7426 7420
7427 7424 7356
7356 7357 7427
7427 7357 7428
7357 7429 7428
7425 7423 7430
7423 7424 7430
7424 7431 7430
7432 7426 7425
7432 7433 7426
7427 7434 7424
7424 7434 7431
7425 7430 7435
7435 7432 7425
7436 7433 7432
7436 7437 7433
7438 7437 7436
7430 7439 7435
7430 7431 7439
7435 7440 7432
7436 7432 7440
7439 7440 7435
7436 7441 7438
7436 7440 7441
7441 7442 7438
7442 7443 7438
7441 7440 7444
7441 7444 7442
7444 7443 7442
7439 7444 7440
7444 7445 7443
7445 7444 7439
7445 7439 7446
7446 7439 7431
7446 7431 7447
7431 7448 7447
7448 7449 7447
7431 7450 7448
7451 7448 7450
7434 7450 7431
7448 7452 7449
7451 7452 7448
7452 7453 7449
7452 7454 7453
7454 7455 7453
7456 7454 7452
7451 7456 7452
7455 7454 7457
7456 7457 7454
7458 7455 7457
7458 7457 7456
7458 7456 7459
7459 7456 7451
7459 7451 7460
7461 7460 7451
7461 7462 7460
7461 7463 7462
7463 7464 7462
7461 7451 7465
7451 7450 7465
7465 7466 7461
7466 7463 7461
7465 7450 7467
7465 7467 7466
7434 7467 7450
7468 7467 7434
7468 7466 7467
7468 7434 7427
7427 7428 7468
7466 7468 7469
7469 7468 7428
7463 7466 7470
7470 7466 7469
7471 7470 7469
7471 7469 7472
7469 7428 7472
7428 7473 7472
7428 7474 7473
7428 7429 7474
7474 7429 7475
7475 7476 7474
7474 7476 7477
7474 7477 7473
7477 7476 7478
7479 7477 7478
7478 7480 7479
7479 7480 7481
7473 7477 7482
7479 7482 7477
7483 7472 7473
7473 7482 7483
7484 7479 7481
7484 7482 7479
7483 7485 7472
7471 7472 7485
7483 7482 7486
7484 7486 7482
7484 7481 7487
7488 7487 7481
7488 7489 7487
7487 7490 7484
7490 7486 7484
7483 7486 7491
7491 7485 7483
7489 7492 7487
7487 7492 7490
7493 7491 7486
7493 7486 7490
7491 7494 7485
7493 7494 7491
7495 7485 7494
7495 7471 7485
7489 7496 7492
7496 7489 7497
7497 7498 7496
7497 7499 7498
7500 7498 7499
7496 7501 7492
7496 7498 7501
7502 7498 7500
7501 7498 7502
7502 7500 7503
7504 7501 7502
7505 7492 7501
7504 7505 7501
7505 7490 7492
7505 7504 7506
7507 7490 7505
7505 7506 7507
7507 7493 7490
7508 7507 7506
7509 7508 7506
7510 7508 7509
7511 7493 7507
7508 7511 7507
7510 7512 7508
7512 7511 7508
7511 7513 7493
7493 7513 7494
7494 7513 7495
7514 7512 7510
7515 7514 7510
7514 7515 7516
7516 7517 7514
7516 7518 7517
7517 7518 7519
7520 7514 7517
7520 7517 7519
7520 7521 7514
7514 7521 7512
7520 7519 7522
7521 7520 7522
7523 7522 7519
7524 7522 7523
7521 7522 7525
7524 7525 7522
7525 7512 7521
7526 7525 7524
7525 7527 7512
7526 7527 7525
7511 7512 7527
7528 7527 7526
7529 7528 7526
7530 7511 7527
7528 7530 7527
7511 7530 7513
7513 7530 7531
7531 7530 7528
7531 7495 7513
7529 7532 7528
7533 7532 7529
7531 7528 7534
7534 7528 7532
7495 7531 7535
7495 7535 7471
7533 7536 7532
7536 7533 7537
7538 7532 7536
7538 7536 7537
7534 7532 7539
7538 7539 7532
7534 7539 7540
7538 7540 7539
7531 7534 7541
7531 7541 7535
7534 7540 7541
7542 7535 7541
7540 7542 7541
7543 7538 7537
7538 7543 7540
7537 7544 7543
7540 7543 7544
7540 7544 7545
7545 7542 7540
7545 7546 7542
7547 7542 7546
7548 7535 7542
7471 7535 7548
7547 7549 7542
7548 7542 7549
7550 7549 7547
7550 7547 7551
7550 7551 7552
7553 7549 7550
7548 7549 7553
7550 7552 7554
7553 7550 7554
7552 7555 7554
7556 7554 7555
7556 7553 7554
7556 7548 7553
7557 7471 7548
7556 7557 7548
7471 7557 7558
7558 7557 7556
7558 7470 7471
7558 7556 7559
7470 7558 7559
7559 7556 7560
7470 7559 7561
7562 7561 7559
7463 7470 7561
7463 7561 7562
7559 7560 7563
7562 7559 7563
7564 7563 7560
7564 7562 7563
7564 7560 7565
7565 7566 7564
7566 7567 7564
7564 7567 7562
7567 7566 7568
7568 7562 7567
7568 7566 7569
7464 7568 7569
7463 7570 7464
7463 7562 7570
7570 7568 7464
7568 7570 7562
7571 7572 7573
7571 7573 7574
7574 7573 7575
7576 7577 7578
7579 7576 7578
7579 7578 7580
7579 7580 7581
7582 7583 7584
7584 7585 7582
7582 7585 7586
7586 7585 7587
7586 7587 7588
7587 7589 7588
7590 7591 7592
7593 7592 7591
7594 7592 7593
7594 7595 7592
7596 7594 7593
7591 7597 7593
7596 7593 7597
7591 7598 7597
7599 7596 7597
7599 7597 7598
7599 7600 7596
7599 7598 7601
7599 7602 7600
7601 7602 7599
7603 7604 7605
7606 7604 7603
7606 7607 7604
7607 7606 7608
7608 7606 7609
7609 7610 7608
7609 7606 7611
7606 7612 7611
7612 7606 7613
7614 7611 7612
7609 7611 7615
7610 7609 7615
7611 7614 7616
7616 7615 7611
7614 7617 7616
7614 7618 7617
7618 7619 7617
7616 7620 7615
7620 7616 7617
7615 7620 7610
7619 7621 7617
7620 7617 7621
7622 7621 7619
7623 7620 7621
7621 7622 7623
7610 7620 7623
7623 7622 7624
7623 7624 7625
7610 7623 7625
7624 7626 7625
7625 7627 7610
7625 7626 7627
7628 7610 7627
7610 7628 7629
7628 7630 7629
7628 7631 7630
7628 7632 7631
7626 7633 7627
7633 7628 7627
7626 7634 7633
7628 7635 7632
7633 7635 7628
7636 7632 7635
7634 7637 7633
7637 7635 7633
7634 7638 7637
7639 7637 7638
7636 7635 7640
7640 7639 7636
7637 7640 7635
7637 7639 7640
7641 7642 7643
7644 7641 7643
7644 7643 7645
7644 7645 7646
7644 7646 7647
7648 7649 7650
7648 7651 7649
7648 7652 7651
7651 7653 7649
7653 7654 7649
7651 7655 7653
7652 7656 7651
7655 7651 7656
7652 7657 7656
7655 7656 7658
7657 7659 7656
7656 7659 7658
7660 7661 7662
7660 7662 7663
7660 7663 7664
7663 7665 7664
7666 7667 7668
7669 7666 7668
7669 7670 7666
7669 7671 7670
7672 7673 7674
7675 7672 7674
7676 7672 7675
7675 7674 7677
7677 7674 7678
7674 7679 7678
7678 7679 7680
7678 7680 7681
7682 7681 7680
7683 7681 7682
7681 7683 7684
7684 7683 7685
7684 7686 7681
7681 7686 7678
7677 7678 7686
7686 7684 7687
7683 7688 7685
7685 7688 7689
7689 7690 7685
7690 7691 7685
7685 7691 7692
7685 7692 7693
7685 7693 7684
7692 7694 7693
7677 7686 7695
7695 7686 7687
7693 7694 7696
7697 7696 7694
7697 7698 7696
7696 7698 7699
7698 7700 7699
7701 7699 7700
7696 7702 7693
7696 7699 7702
7701 7703 7699
7701 7704 7703
7703 7704 7705
7703 7705 7706
7703 7706 7699
7699 7706 7702
7693 7702 7707
7702 7706 7707
7684 7693 7707
7706 7708 7707
7706 7709 7708
7710 7708 7709
7707 7711 7684
7708 7711 7707
7710 7712 7708
7712 7710 7713
7708 7714 7711
7712 7714 7708
7712 7713 7715
7713 7716 7715
7717 7712 7715
7712 7717 7714
7718 7715 7716
7717 7715 7718
7718 7716 7719
7719 7717 7718
7719 7720 7717
7714 7717 7720
7714 7720 7721
7714 7721 7711
7684 7711 7722
7722 7711 7721
7684 7722 7723
7723 7722 7721
7684 7723 7687
7723 7721 7724
7725 7724 7721
7723 7724 7726
7726 7687 7723
7725 7727 7724
7727 7726 7724
7725 7728 7727
7727 7728 7729
7727 7729 7726
7687 7726 7730
7687 7730 7731
7730 7732 7731
7687 7731 7733
7695 7687 7733
7732 7734 7731
7733 7731 7734
7732 7735 7734
7735 7736 7734
7736 7737 7734
7737 7733 7734
7737 7736 7738
7737 7738 7739
7737 7740 7733
7695 7733 7740
7739 7740 7737
7695 7740 7741
7741 7740 7739
7677 7695 7741
7741 7675 7677
7741 7739 7742
7741 7743 7675
7742 7743 7741
7739 7744 7742
7739 7745 7744
7743 7746 7675
7676 7675 7746
7747 7676 7746
7676 7747 7748
7744 7749 7742
7742 7749 7743
7743 7749 7750
7745 7751 7744
7745 7752 7751
7743 7753 7746
7743 7750 7753
7744 7754 7749
7754 7744 7751
7752 7755 7751
7752 7756 7755
7757 7755 7756
7749 7754 7758
7749 7758 7750
7754 7751 7759
7755 7759 7751
7759 7758 7754
7755 7757 7760
7755 7760 7759
7760 7757 7761
7761 7757 7762
7763 7759 7760
7763 7760 7761
7763 7761 7762
7759 7763 7758
7763 7762 7764
7764 7758 7763
7764 7765 7758
7750 7758 7765
7750 7765 7766
7750 7766 7767
7767 7766 7768
7750 7767 7769
7770 7769 7767
7753 7750 7769
7767 7768 7771
7770 7767 7771
7771 7768 7772
7771 7772 7773
7773 7772 7774
7775 7771 7773
7770 7771 7775
7774 7776 7773
7775 7773 7776
7777 7776 7774
7777 7775 7776
7777 7778 7775
7778 7770 7775
7778 7779 7770
7780 7770 7779
7780 7779 7781
7780 7781 7782
7783 7782 7781
7780 7784 7770
7770 7784 7769
7784 7780 7785
7785 7780 7782
7784 7786 7769
7784 7785 7786
7753 7769 7786
7753 7786 7787
7787 7786 7785
7753 7787 7746
7747 7746 7787
7785 7788 7787
7788 7747 7787
7789 7785 7782
7789 7788 7785
7790 7788 7789
7790 7791 7788
7788 7791 7747
7747 7791 7792
7747 7792 7793
7747 7793 7748
7793 7794 7748
7794 7793 7795
7793 7796 7795
7793 7792 7796
7796 7797 7795
7798 7797 7796
7797 7798 7799
7798 7800 7799
7792 7801 7796
7798 7796 7801
7802 7792 7791
7792 7802 7801
7803 7800 7798
7803 7798 7801
7802 7791 7804
7790 7804 7791
7802 7805 7801
7803 7801 7805
7803 7806 7800
7807 7800 7806
7807 7806 7808
7806 7803 7809
7809 7803 7805
7802 7810 7805
7810 7802 7804
7808 7806 7811
7806 7809 7811
7812 7805 7810
7812 7809 7805
7810 7804 7813
7812 7810 7813
7814 7813 7804
7814 7804 7790
7808 7811 7815
7815 7816 7808
7816 7815 7817
7816 7817 7818
7819 7818 7817
7815 7811 7820
7815 7820 7817
7821 7819 7817
7820 7821 7817
7821 7822 7819
7823 7821 7820
7824 7820 7811
7823 7820 7824
7824 7811 7809
7824 7825 7823
7826 7824 7809
7824 7826 7825
7826 7809 7812
7827 7825 7826
7828 7825 7827
7829 7828 7827
7830 7826 7812
7827 7826 7830
7829 7827 7831
7831 7827 7830
7830 7812 7832
7812 7813 7832
7813 7814 7832
7833 7829 7831
7834 7829 7833
7833 7835 7834
7835 7833 7836
7835 7836 7837
7836 7838 7837
7833 7839 7836
7839 7838 7836
7833 7840 7839
7833 7831 7840
7839 7841 7838
7840 7841 7839
7842 7838 7841
7843 7842 7841
7840 7844 7841
7843 7841 7844
7844 7840 7831
7845 7843 7844
7844 7831 7846
7845 7844 7846
7830 7846 7831
7847 7845 7846
7848 7845 7847
7849 7846 7830
7847 7846 7849
7830 7832 7849
7832 7850 7849
7850 7847 7849
7850 7832 7814
7848 7847 7851
7852 7848 7851
7850 7853 7847
7853 7851 7847
7814 7854 7850
7814 7790 7854
7852 7851 7855
7855 7856 7852
7851 7857 7855
7857 7856 7855
7853 7858 7851
7851 7858 7857
7853 7859 7858
7859 7857 7858
7850 7860 7853
7850 7854 7860
7853 7860 7859
7861 7860 7854
7859 7860 7861
7862 7856 7857
7859 7862 7857
7856 7862 7863
7863 7862 7859
7863 7859 7864
7864 7859 7861
7864 7861 7865
7861 7866 7865
7867 7861 7854
7790 7867 7854
7861 7868 7866
7867 7868 7861
7869 7866 7868
7869 7870 7866
7869 7871 7870
7872 7869 7868
7867 7872 7868
7869 7873 7871
7872 7873 7869
7871 7873 7874
7875 7874 7873
7875 7873 7872
7867 7875 7872
7876 7867 7790
7867 7876 7875
7790 7877 7876
7877 7875 7876
7877 7790 7789
7877 7878 7875
7789 7878 7877
7878 7879 7875
7789 7880 7878
7878 7880 7881
7789 7782 7880
7782 7881 7880
7878 7882 7879
7878 7881 7882
7879 7882 7883
7883 7882 7881
7879 7883 7884
7884 7883 7885
7885 7883 7886
7883 7881 7886
7886 7887 7885
7887 7886 7881
7887 7888 7885
7783 7888 7887
7783 7889 7782
7782 7889 7881
7889 7783 7887
7887 7881 7889
7890 7891 7892
7890 7893 7891
7893 7894 7891
7895 7896 7897
7898 7896 7895
7898 7899 7896
7898 7900 7899
7901 7902 7903
7902 7901 7904
7901 7905 7904
7905 7906 7904
7905 7907 7906
7906 7907 7908
7909 7910 7911
7912 7911 7910
7913 7912 7910
7913 7910 7914
7912 7913 7915
7916 7911 7912
7912 7915 7916
7916 7917 7911
7918 7916 7915
7917 7916 7918
7918 7915 7919
7917 7918 7920
7918 7919 7921
7920 7918 7921
7922 7923 7924
7925 7922 7924
7925 7924 7926
7926 7927 7925
7927 7928 7925
7928 7927 7929
7928 7930 7925
7925 7930 7931
7931 7932 7925
7933 7931 7930
7928 7934 7930
7929 7934 7928
7930 7935 7933
7934 7935 7930
7933 7935 7936
7933 7936 7937
7937 7936 7938
7934 7939 7935
7936 7935 7939
7934 7929 7939
7938 7936 7940
7936 7939 7940
7941 7938 7940
7942 7940 7939
7940 7942 7941
7929 7942 7939
7942 7943 7941
7942 7944 7943
7929 7944 7942
7943 7944 7945
7944 7929 7946
7944 7946 7945
7947 7946 7929
7929 7948 7947
7947 7948 7949
7947 7949 7950
7947 7950 7951
7945 7946 7952
7952 7946 7947
7945 7952 7953
7947 7951 7954
7952 7947 7954
7955 7954 7951
7953 7952 7956
7956 7952 7954
7953 7956 7957
7958 7957 7956
7955 7959 7954
7959 7955 7958
7956 7954 7959
7956 7959 7958
7960 7961 7962
7961 7960 7963
7961 7963 7964
7963 7965 7964
7963 7966 7965
7967 7968 7969
7970 7967 7969
7970 7971 7967
7972 7970 7969
7972 7969 7973
7972 7974 7970
7975 7971 7970
7974 7975 7970
7975 7976 7971
7974 7977 7975
7976 7975 7978
7975 7977 7978
7979 7980 7981
7979 7982 7980
7979 7983 7982
7982 7983 7984
7985 7986 7987
7985 7988 7986
7985 7989 7988
7988 7989 7990
7991 7992 7993
7994 7992 7991
7991 7995 7994
7996 7994 7995
7994 7996 7992
7996 7997 7992
7992 7997 7998
7998 7997 7999
8000 8001 8002
8000 8003 8001
8000 8004 8003
8000 8005 8004
8006 8004 8005
8007 8001 8003
8007 8008 8001
8009 8008 8007
8009 8010 8008
8011 8010 8009
8011 8009 8012
8012 8013 8011
8014 8009 8007
8014 8012 8009
8015 8007 8003
8014 8007 8015
8004 8016 8003
8015 8003 8016
8006 8017 8004
8004 8017 8016
8012 8018 8013
8014 8019 8012
8019 8018 8012
8020 8014 8015
8020 8019 8014
8021 8015 8016
8020 8015 8021
8016 8022 8021
8016 8017 8022
8021 8023 8020
8021 8022 8023
8020 8024 8019
8024 8020 8023
8024 8025 8019
8019 8025 8018
8026 8013 8018
8026 8027 8013
8026 8018 8028
8028 8018 8025
8026 8028 8029
8030 8029 8028
8024 8023 8031
8025 8024 8031
8028 8025 8032
8032 8030 8028
8025 8031 8032
8022 8033 8023
8031 8023 8033
8032 8031 8034
8031 8033 8034
8022 8035 8033
8017 8035 8022
8032 8036 8030
8032 8034 8036
8034 8033 8037
8035 8037 8033
8017 8038 8035
8006 8038 8017
8039 8036 8034
8034 8037 8039
8039 8037 8040
8035 8041 8037
8041 8035 8038
8041 8040 8037
8039 8042 8036
8043 8030 8036
8043 8036 8042
8044 8042 8039
8039 8040 8044
8045 8043 8042
8044 8045 8042
8041 8038 8046
8038 8006 8047
8038 8047 8046
8048 8041 8046
8041 8048 8040
8049 8046 8047
8048 8046 8049
8045 8050 8043
8051 8045 8044
8045 8051 8050
8050 8052 8043
8052 8030 8043
8040 8053 8044
8051 8044 8053
8050 8054 8052
8050 8051 8054
8049 8047 8055
8048 8049 8056
8049 8055 8056
8040 8048 8057
8048 8056 8057
8058 8055 8047
8058 8047 8006
8040 8059 8053
8040 8057 8059
8060 8053 8059
8060 8059 8057
8053 8061 8051
8053 8060 8061
8054 8051 8062
8051 8061 8062
8055 8063 8056
8058 8063 8055
8057 8056 8064
8057 8064 8060
8056 8063 8065
8056 8065 8064
8066 8058 8006
8067 8063 8058
8066 8067 8058
8063 8068 8065
8067 8068 8063
8006 8069 8066
8006 8005 8069
8070 8069 8005
8005 8071 8070
8070 8071 8072
8070 8072 8073
8069 8070 8074
8074 8070 8073
8066 8069 8075
8069 8074 8075
8073 8076 8074
8075 8074 8076
8073 8077 8076
8078 8076 8077
8078 8077 8079
8080 8076 8078
8075 8076 8080
8081 8078 8079
8081 8080 8078
8081 8079 8082
8066 8075 8083
8083 8067 8066
8075 8080 8084
8084 8083 8075
8085 8081 8082
8085 8082 8086
8081 8087 8080
8087 8084 8080
8085 8087 8081
8083 8084 8088
8087 8088 8084
8083 8089 8067
8083 8088 8089
8090 8085 8086
8090 8086 8091
8085 8092 8087
8088 8087 8092
8090 8092 8085
8093 8067 8089
8093 8068 8067
8094 8089 8088
8088 8092 8094
8094 8093 8089
8068 8093 8095
8094 8095 8093
8068 8095 8065
8094 8092 8096
8090 8096 8092
8097 8090 8091
8097 8091 8098
8094 8096 8099
8094 8099 8095
8090 8100 8096
8090 8097 8100
8099 8096 8100
8101 8097 8098
8100 8097 8101
8101 8098 8102
8102 8103 8101
8102 8104 8103
8103 8104 8105
8103 8105 8106
8103 8106 8107
8099 8100 8108
8108 8095 8099
8101 8108 8100
8109 8101 8103
8101 8109 8108
8107 8110 8103
8109 8103 8110
8110 8107 8111
8112 8095 8108
8109 8112 8108
8065 8095 8112
8112 8064 8065
8112 8109 8113
8113 8064 8112
8110 8113 8109
8060 8064 8113
8110 8114 8113
8060 8113 8114
8110 8111 8115
8110 8115 8114
8111 8116 8115
8114 8115 8116
8111 8117 8116
8117 8118 8116
8118 8117 8119
8118 8119 8120
8118 8120 8121
8122 8118 8121
8060 8114 8123
8114 8116 8123
8060 8123 8061
8122 8124 8118
8124 8122 8125
8126 8116 8118
8116 8126 8123
8126 8118 8124
8123 8127 8061
8127 8123 8126
8127 8062 8061
8126 8128 8127
8124 8128 8126
8124 8125 8129
8129 8125 8130
8062 8127 8131
8131 8127 8128
8132 8124 8129
8124 8132 8128
8129 8130 8133
8133 8132 8129
8133 8130 8134
8135 8128 8132
8128 8135 8131
8135 8132 8136
8133 8136 8132
8133 8134 8137
8137 8134 8138
8139 8135 8136
8131 8135 8139
8140 8136 8133
8140 8133 8137
8139 8136 8140
8141 8062 8131
8054 8062 8141
8137 8138 8142
8142 8138 8143
8144 8140 8137
8144 8137 8142
8141 8131 8145
8131 8139 8145
8146 8054 8141
8146 8141 8145
8146 8052 8054
8142 8143 8147
8147 8143 8148
8140 8149 8139
8140 8144 8149
8150 8145 8139
8146 8145 8150
8150 8139 8149
8151 8052 8146
8151 8030 8052
8152 8146 8150
8149 8152 8150
8152 8151 8146
8153 8144 8142
8153 8142 8147
8147 8148 8154
8153 8147 8154
8155 8154 8148
8156 8149 8144
8149 8156 8152
8156 8144 8153
8156 8157 8152
8153 8157 8156
8151 8152 8157
8153 8154 8157
8030 8151 8158
8151 8157 8158
8030 8158 8029
8157 8154 8159
8155 8159 8154
8158 8157 8159
8160 8029 8158
8158 8159 8160
8159 8155 8160
8029 8160 8161
8160 8155 8162
8160 8162 8161
8163 8164 8165
8166 8164 8163
8167 8164 8166
8168 8166 8163
8166 8169 8167
8169 8170 8167
8168 8171 8166
8172 8169 8166
8172 8166 8171
8168 8173 8171
8168 8174 8173
8174 8175 8173
8174 8176 8175
8176 8177 8175
8175 8177 8178
8179 8175 8178
8179 8173 8175
8171 8173 8179
8180 8171 8179
8181 8172 8171
8181 8171 8180
8179 8182 8180
8179 8183 8182
8184 8182 8183
8185 8181 8180
8185 8180 8182
8182 8186 8185
8184 8187 8182
8182 8187 8186
8188 8187 8184
8187 8188 8186
8172 8181 8189
8172 8189 8190
8190 8189 8191
8172 8190 8169
8192 8189 8181
8192 8191 8189
8192 8181 8193
8194 8192 8193
8169 8190 8195
8190 8191 8195
8194 8196 8192
8194 8197 8196
8197 8198 8196
8192 8196 8199
8192 8199 8191
8196 8198 8200
8196 8200 8199
8201 8200 8198
8201 8199 8200
8202 8201 8198
8201 8202 8203
8204 8199 8201
8201 8203 8204
8204 8191 8199
8203 8205 8204
8206 8204 8205
8204 8207 8191
8206 8207 8204
8208 8191 8207
8208 8195 8191
8209 8208 8207
8209 8207 8206
8210 8195 8208
8209 8210 8208
8210 8211 8195
8169 8195 8211
8169 8211 8170
8210 8170 8211
8210 8212 8170
8213 8212 8210
8209 8213 8210
8212 8213 8214
8206 8215 8209
8209 8215 8213
8213 8216 8214
8216 8217 8214
8218 8216 8213
8218 8213 8215
8206 8219 8215
8220 8219 8206
8218 8215 8221
8218 8221 8222
8220 8223 8219
8223 8220 8224
8219 8225 8215
8215 8225 8221
8223 8225 8219
8226 8222 8221
8225 8226 8221
8226 8227 8222
8227 8226 8228
8226 8229 8228
8225 8229 8226
8223 8230 8225
8231 8230 8223
8223 8224 8232
8231 8223 8232
8232 8224 8233
8233 8231 8232
8234 8235 8236
8237 8236 8235
8237 8238 8236
8239 8236 8238
8237 8240 8238
8240 8241 8238
8238 8241 8242
8239 8238 8242
8241 8243 8242
8242 8243 8244
8242 8244 8245
8239 8242 8245
8245 8244 8246
8245 8246 8247
8245 8247 8248
8248 8247 8249
8239 8245 8250
8250 8245 8248
8249 8251 8248
8252 8251 8249
8251 8252 8253
8254 8250 8248
8251 8254 8248
8255 8251 8253
8251 8255 8254
8253 8256 8255
8254 8255 8256
8254 8256 8257
8258 8250 8254
8239 8250 8258
8254 8257 8258
8259 8239 8258
8257 8259 8258
8260 8239 8259
8260 8236 8239
8261 8259 8257
8261 8257 8262
8263 8261 8262
8264 8259 8261
8260 8259 8264
8265 8261 8263
8265 8264 8261
8265 8263 8266
8265 8266 8267
8267 8266 8268
8265 8269 8264
8267 8269 8265
8269 8267 8270
8267 8268 8271
8270 8267 8271
8271 8268 8272
8273 8264 8269
8260 8264 8273
8271 8272 8274
8270 8271 8274
8272 8275 8274
8275 8270 8274
8272 8276 8275
8275 8276 8277
8275 8277 8278
8275 8278 8270
8277 8279 8278
8278 8279 8270
8279 8277 8280
8281 8269 8270
8273 8269 8281
8270 8279 8281
8279 8273 8281
8260 8273 8282
8279 8283 8273
8283 8282 8273
8284 8279 8280
8284 8283 8279
8285 8260 8282
8260 8285 8236
8234 8236 8285
8234 8285 8286
8285 8282 8286
8234 8286 8287
8288 8287 8286
8288 8286 8289
8289 8286 8282
8288 8289 8290
8283 8291 8282
8289 8282 8291
8290 8289 8292
8291 8292 8289
8291 8293 8292
8292 8294 8290
8292 8295 8294
8295 8292 8293
8294 8295 8296
8296 8295 8297
8295 8298 8297
8295 8293 8298
8297 8298 8299
8298 8300 8299
8298 8301 8300
8293 8301 8298
8301 8302 8300
8301 8303 8302
8301 8304 8303
8304 8305 8303
8293 8306 8301
8306 8304 8301
8305 8304 8307
8308 8305 8307
8307 8309 8308
8306 8310 8304
8307 8304 8310
8311 8309 8307
8307 8310 8311
8309 8311 8312
8311 8313 8312
8311 8310 8313
8310 8314 8313
8310 8306 8314
8314 8306 8293
8315 8314 8293
8315 8293 8291
8315 8316 8314
8317 8315 8291
8291 8283 8317
8284 8317 8283
8315 8318 8316
8317 8318 8315
8284 8318 8317
8318 8319 8316
8318 8320 8319
8320 8318 8284
8320 8321 8319
8322 8320 8284
8320 8322 8321
8322 8284 8280
8322 8323 8321
8280 8324 8322
8322 8324 8323
8280 8325 8324
8326 8323 8324
8326 8324 8325
8327 8328 8329
8329 8330 8327
8329 8328 8331
8331 8328 8332
8331 8332 8333
8333 8332 8334
8333 8334 8335
8329 8336 8330
8336 8337 8330
8329 8331 8338
8333 8338 8331
8339 8333 8335
8339 8335 8340
8341 8339 8340
8342 8341 8340
8341 8342 8343
8344 8333 8339
8344 8339 8341
8341 8343 8345
8345 8343 8346
8336 8329 8347
8329 8338 8347
8333 8348 8338
8344 8348 8333
8338 8348 8349
8344 8349 8348
8344 8341 8350
8345 8350 8341
8345 8346 8351
8346 8352 8351
8353 8351 8352
8354 8345 8351
8345 8354 8350
8355 8351 8353
8354 8351 8355
8356 8355 8353
8350 8357 8344
8344 8357 8349
8338 8349 8358
8358 8347 8338
8354 8359 8350
8350 8359 8357
8355 8360 8354
8354 8360 8359
8356 8361 8355
8355 8361 8360
8357 8362 8349
8362 8358 8349
8363 8357 8359
8357 8363 8362
8360 8364 8359
8363 8359 8364
8356 8365 8361
8366 8365 8356
8367 8365 8366
8367 8368 8365
8365 8368 8369
8361 8365 8369
8361 8370 8360
8360 8370 8364
8361 8369 8371
8361 8371 8370
8364 8370 8372
8371 8372 8370
8369 8373 8371
8371 8373 8372
8374 8373 8369
8375 8373 8374
8375 8374 8376
8364 8372 8377
8377 8363 8364
8378 8372 8373
8378 8373 8375
8379 8375 8376
8379 8376 8380
8381 8377 8372
8381 8372 8378
8375 8382 8378
8375 8379 8382
8380 8383 8379
8380 8384 8383
8385 8381 8378
8385 8378 8382
8379 8386 8382
8379 8383 8386
8387 8383 8384
8387 8384 8388
8389 8385 8382
8382 8386 8389
8385 8389 8390
8391 8381 8385
8385 8390 8391
8383 8387 8392
8383 8392 8386
8387 8388 8393
8393 8388 8394
8393 8394 8395
8393 8395 8396
8397 8396 8395
8387 8393 8398
8398 8393 8396
8397 8399 8396
8397 8400 8399
8399 8401 8396
8398 8396 8401
8402 8387 8398
8402 8392 8387
8399 8400 8403
8399 8403 8401
8404 8398 8401
8404 8402 8398
8405 8401 8403
8403 8400 8405
8405 8404 8401
8405 8400 8406
8406 8404 8405
8400 8407 8406
8406 8407 8408
8406 8409 8404
8406 8408 8409
8409 8402 8404
8410 8409 8408
8409 8411 8402
8410 8411 8409
8392 8402 8411
8412 8411 8410
8392 8411 8413
8413 8411 8412
8386 8392 8413
8412 8414 8413
8412 8415 8414
8386 8413 8416
8416 8413 8414
8416 8389 8386
8417 8414 8415
8417 8415 8418
8419 8389 8416
8390 8389 8419
8416 8414 8420
8420 8414 8417
8418 8421 8417
8418 8422 8421
8422 8423 8421
8424 8417 8421
8420 8417 8424
8425 8416 8420
8425 8419 8416
8421 8423 8426
8424 8421 8426
8426 8423 8427
8427 8424 8426
8423 8428 8427
8420 8424 8429
8427 8429 8424
8428 8429 8427
8420 8429 8425
8428 8430 8429
8430 8425 8429
8430 8431 8425
8425 8431 8432
8425 8432 8419
8433 8419 8432
8433 8432 8434
8419 8433 8435
8390 8419 8435
8433 8434 8436
8436 8434 8437
8436 8437 8438
8438 8437 8439
8440 8438 8439
8440 8436 8438
8441 8440 8439
8440 8442 8436
8441 8442 8440
8433 8436 8442
8441 8443 8442
8433 8442 8444
8444 8442 8443
8444 8435 8433
8444 8443 8445
8444 8446 8435
8390 8435 8446
8445 8446 8444
8390 8446 8447
8445 8448 8446
8447 8446 8448
8449 8448 8445
8449 8447 8448
8390 8447 8450
8390 8450 8391
8451 8391 8450
8452 8450 8447
8447 8449 8452
8445 8453 8449
8445 8454 8453
8451 8450 8455
8452 8455 8450
8451 8456 8391
8391 8456 8381
8456 8377 8381
8456 8457 8377
8451 8457 8456
8377 8457 8363
8458 8363 8457
8451 8458 8457
8458 8362 8363
8459 8362 8458
8362 8459 8358
8460 8458 8451
8459 8458 8460
8460 8451 8461
8451 8455 8461
8461 8462 8460
8459 8460 8462
8463 8358 8459
8358 8463 8347
8455 8464 8461
8461 8464 8462
8464 8465 8462
8459 8462 8466
8463 8459 8466
8466 8462 8465
8467 8347 8463
8336 8347 8467
8455 8468 8464
8468 8455 8452
8466 8469 8463
8467 8463 8469
8467 8470 8336
8336 8470 8337
8337 8470 8471
8472 8471 8470
8467 8473 8470
8473 8472 8470
8473 8467 8469
8474 8472 8473
8466 8475 8469
8466 8465 8475
8473 8469 8476
8474 8473 8476
8476 8469 8475
8477 8475 8465
8476 8475 8477
8474 8476 8478
8479 8474 8478
8480 8479 8478
8480 8478 8481
8478 8482 8481
8476 8482 8478
8476 8477 8482
8482 8477 8483
8477 8465 8483
8484 8482 8483
8483 8485 8484
8483 8486 8485
8465 8486 8483
8486 8487 8485
8465 8488 8486
8464 8488 8465
8468 8488 8464
8486 8489 8487
8489 8486 8488
8468 8490 8488
8489 8488 8490
8487 8489 8491
8487 8491 8492
8493 8490 8468
8468 8452 8493
8489 8490 8494
8489 8494 8491
8490 8493 8494
8495 8492 8491
8495 8496 8492
8452 8497 8493
8452 8449 8497
8449 8453 8497
8491 8494 8498
8491 8498 8495
8494 8499 8498
8494 8500 8499
8500 8494 8493
8497 8500 8493
8497 8501 8500
8500 8501 8499
8502 8497 8453
8497 8502 8501
8495 8503 8496
8503 8504 8496
8505 8495 8498
8505 8498 8499
8495 8506 8503
8505 8506 8495
8507 8504 8503
8506 8507 8503
8507 8508 8504
8509 8502 8453
8454 8509 8453
8510 8509 8454
8511 8509 8510
8511 8510 8512
8513 8502 8509
8513 8509 8511
8512 8514 8511
8512 8515 8514
8514 8515 8516
8511 8514 8517
8516 8517 8514
8511 8517 8513
8518 8517 8516
8513 8517 8518
8519 8518 8516
8502 8513 8520
8513 8518 8520
8519 8520 8518
8519 8521 8520
8502 8520 8501
8522 8520 8521
8522 8501 8520
8499 8501 8522
8522 8523 8499
8522 8524 8523
8522 8525 8524
8524 8525 8526
8527 8524 8526
8528 8524 8527
8528 8523 8524
8529 8523 8528
8529 8499 8523
8499 8529 8530
8505 8499 8530
8529 8531 8530
8530 8532 8505
8532 8506 8505
8533 8530 8531
8530 8533 8532
8533 8531 8534
8532 8535 8506
8506 8535 8507
8533 8536 8532
8536 8535 8532
8537 8533 8534
8533 8537 8536
8537 8534 8538
8539 8537 8538
8536 8537 8539
8536 8540 8535
8540 8507 8535
8540 8536 8539
8540 8541 8507
8541 8540 8539
8541 8508 8507
8542 8541 8539
8541 8542 8508
8543 8544 8545
8543 8545 8546
8545 8544 8547
8546 8545 8548
8545 8547 8549
8548 8545 8549
8549 8547 8550
8548 8549 8551
8549 8550 8551
8548 8551 8552
8553 8551 8550
8552 8551 8553
8554 8555 8556
8554 8557 8555
8555 8558 8556
8557 8559 8555
8555 8560 8558
8559 8560 8555
8560 8561 8558
8559 8562 8560
8560 8562 8561
8559 8563 8562
8564 8561 8562
8563 8564 8562
8565 8566 8567
8567 8566 8568
8565 8569 8566
8568 8566 8569
8565 8570 8569
8568 8569 8571
8572 8569 8570
8572 8571 8569
8572 8570 8573
8573 8574 8572
8573 8575 8574
8575 8576 8574
8577 8574 8576
8572 8574 8578
8571 8572 8578
8578 8574 8577
8578 8579 8571
8580 8579 8578
8581 8578 8577
8580 8578 8581
8582 8581 8577
8580 8581 8582
8571 8579 8583
8584 8571 8583
8582 8577 8585
8577 8586 8585
8587 8585 8586
8588 8585 8587
8588 8589 8585
8589 8582 8585
8590 8589 8588
8590 8591 8589
8592 8591 8590
8593 8582 8589
8589 8591 8593
8592 8594 8591
8592 8595 8594
8595 8596 8594
8591 8594 8596
8591 8596 8593
8582 8593 8597
8580 8582 8597
8593 8598 8597
8599 8598 8593
8599 8600 8598
8601 8600 8599
8601 8602 8600
8601 8603 8602
8602 8603 8604
8604 8600 8602
8605 8604 8603
8604 8606 8600
8606 8604 8605
8606 8598 8600
8606 8605 8607
8608 8606 8607
8606 8609 8598
8608 8609 8606
8609 8597 8598
8609 8608 8610
8609 8611 8597
8611 8580 8597
8612 8609 8610
8611 8609 8612
8612 8610 8613
8612 8613 8614
8615 8614 8613
8611 8612 8616
8614 8616 8612
8614 8617 8616
8615 8618 8614
8618 8617 8614
8615 8619 8618
8611 8620 8580
8620 8611 8616
8618 8619 8621
8618 8621 8617
8622 8621 8619
8622 8617 8621
8623 8622 8619
8623 8624 8622
8622 8624 8617
8623 8625 8624
8617 8626 8616
8620 8616 8626
8617 8627 8626
8624 8627 8617
8620 8626 8627
8628 8580 8620
8620 8627 8628
8628 8579 8580
8629 8624 8625
8624 8629 8627
8628 8627 8629
8629 8625 8630
8631 8579 8628
8628 8629 8631
8629 8630 8631
8631 8630 8632
8631 8583 8579
8633 8631 8632
8633 8583 8631
8633 8632 8634
8633 8634 8635
8633 8636 8583
8584 8583 8636
8637 8584 8636
8633 8635 8638
8638 8636 8633
8635 8639 8638
8637 8640 8639
8637 8636 8640
8640 8638 8639
8638 8640 8636
8641 8642 8643
8644 8641 8643
8645 8641 8644
8642 8641 8646
8646 8641 8645
8642 8646 8647
8646 8645 8648
8647 8646 8649
8649 8646 8648
8649 8650 8647
8651 8650 8649
8648 8652 8649
8652 8651 8649
8651 8653 8650
8652 8654 8651
8651 8655 8653
8656 8651 8654
8651 8657 8655
8656 8657 8651
8657 8658 8655
8659 8657 8656
8658 8657 8660
8657 8659 8660
8660 8661 8658
8662 8660 8659
8660 8663 8661
8662 8663 8660
8663 8664 8661
8662 8665 8663
8663 8665 8664
8666 8667 8668
8669 8667 8666
8670 8668 8667
8668 8670 8671
8671 8670 8672
8672 8670 8673
8673 8670 8674
8674 8670 8667
8673 8674 8675
8675 8674 8676
8669 8677 8667
8674 8667 8677
8678 8677 8669
8679 8676 8674
8677 8679 8674
8679 8680 8676
8681 8680 8679
8681 8682 8678
8678 8682 8677
8681 8679 8682
8677 8682 8679
8683 8684 8685
8685 8684 8686
8685 8687 8683
8688 8685 8686
8687 8685 8689
8685 8688 8689
8689 8690 8687
8690 8689 8691
8692 8689 8688
8689 8692 8691
8692 8693 8691
8694 8693 8692
8694 8695 8693
8696 8694 8692
8697 8695 8694
8697 8698 8695
8697 8699 8698
8694 8696 8700
8697 8694 8700
8701 8700 8696
8699 8697 8702
8697 8700 8702
8699 8702 8703
8700 8701 8704
8702 8700 8704
8701 8705 8704
8703 8702 8706
8702 8704 8706
8704 8705 8706
8703 8706 8707
8706 8705 8707
8708 8709 8710
8709 8711 8710
8709 8708 8712
8713 8711 8709
8712 8714 8709
8709 8714 8713
8714 8712 8715
8715 8716 8714
8717 8713 8714
8714 8716 8717
8717 8716 8718
8719 8717 8718
8719 8718 8720
8721 8717 8719
8722 8719 8720
8722 8720 8723
8722 8723 8724
8719 8725 8721
8722 8725 8719
8726 8721 8725
8727 8722 8724
8722 8727 8725
8727 8724 8728
8725 8729 8726
8727 8729 8725
8726 8729 8730
8731 8727 8728
8727 8731 8729
8729 8731 8730
8731 8728 8732
8731 8732 8730
