byte offset: 0
first index: 0
index count: 2592
topology: trianglelist
format: DXGI_FORMAT_R16_UINT

0 1 2
3 4 5
6 7 8
9 10 11
12 13 14
15 16 17
18 19 20
21 22 23
24 25 26
27 28 29
30 31 32
33 34 35
36 37 38
39 40 41
42 43 44
45 46 47
48 49 50
51 52 53
54 55 56
57 58 59
60 61 62
63 64 65
66 67 68
69 70 71
72 73 74
75 76 77
78 79 80
81 82 83
84 85 86
87 88 89
90 91 92
93 94 95
96 97 98
96 98 99
98 100 99
98 101 100
96 99 102
102 99 100
101 103 100
100 103 104
101 105 103
105 106 103
104 103 106
105 107 106
107 108 106
106 108 109
106 109 110
104 106 110
111 110 109
104 110 111
111 109 112
113 111 112
113 112 114
113 114 115
100 104 116
102 100 116
104 111 117
117 111 113
118 116 104
118 104 117
119 102 116
119 116 118
120 119 118
117 113 121
118 117 121
122 113 115
122 121 113
118 121 123
120 118 123
123 121 122
124 102 119
96 102 124
125 122 115
125 115 126
123 122 127
127 122 125
120 123 127
127 125 128
129 127 128
120 127 129
130 120 129
129 128 131
130 129 131
130 131 132
130 132 133
134 96 124
134 135 96
136 135 134
136 137 135
138 134 124
134 138 136
139 137 136
139 140 137
141 133 140
141 140 139
130 133 141
136 142 139
139 142 141
142 130 141
136 138 142
142 143 130
138 143 142
130 143 120
138 124 144
138 144 143
144 120 143
124 119 144
144 119 120
145 146 147
145 147 148
149 145 148
148 147 150
149 148 151
152 149 151
148 150 153
151 148 153
152 151 154
155 152 154
156 153 150
156 150 157
151 153 158
154 151 158
155 154 159
160 155 159
161 156 157
161 157 162
163 156 161
164 153 156
163 164 156
164 158 153
165 164 163
165 166 164
166 158 164
167 166 165
154 158 168
166 168 158
159 154 168
167 169 166
169 168 166
170 169 167
159 168 171
169 171 168
170 172 169
172 171 169
173 172 170
174 159 171
160 159 174
175 160 174
173 176 172
177 176 173
172 178 171
174 171 178
176 178 172
175 174 179
179 174 178
180 175 179
177 181 176
182 181 177
176 183 178
179 178 183
181 183 176
180 179 184
184 179 183
185 180 184
182 186 181
187 186 182
181 188 183
184 183 188
186 188 181
185 184 189
189 184 188
190 185 189
187 191 186
192 191 187
186 193 188
189 188 193
191 193 186
190 189 194
194 189 193
195 190 194
192 196 191
197 196 192
191 198 193
194 193 198
196 198 191
195 194 199
199 194 198
200 195 199
197 201 196
202 201 197
202 203 201
196 204 198
199 198 204
201 204 196
200 199 205
205 199 204
206 200 205
206 205 207
203 208 201
201 208 204
205 204 208
207 205 208
203 209 208
207 208 209
210 211 212
210 213 211
211 213 214
211 214 215
210 216 213
216 214 213
215 214 217
214 218 217
215 217 219
219 217 220
218 220 217
219 220 221
221 220 222
220 223 222
220 224 223
218 224 220
225 223 224
218 225 224
225 226 223
227 226 225
227 228 226
227 229 228
214 230 218
216 230 214
218 231 225
231 227 225
232 218 230
232 231 218
233 230 216
233 232 230
234 232 233
231 235 227
232 235 231
236 229 227
236 227 235
232 237 235
234 237 232
237 236 235
238 233 216
210 238 216
239 229 236
239 240 229
237 241 236
241 239 236
234 241 237
241 242 239
243 242 241
234 243 241
244 243 234
243 245 242
244 245 243
244 246 245
244 247 246
248 238 210
248 210 249
250 248 249
250 249 251
252 238 248
248 250 252
253 250 251
253 251 254
255 254 247
255 253 254
244 255 247
250 253 256
253 255 256
256 255 244
250 256 252
256 244 257
252 256 257
244 234 257
252 258 238
252 257 258
258 257 234
238 258 233
258 234 233
259 260 261
259 262 260
262 263 260
262 264 263
264 265 263
264 266 265
266 267 265
266 268 267
268 269 267
268 270 269
270 271 269
270 272 271
272 273 271
272 274 273
274 275 273
274 276 275
277 275 276
277 278 275
279 278 277
279 280 278
281 280 279
281 282 280
283 282 281
283 284 282
285 284 283
285 286 284
287 286 285
287 288 286
289 288 287
289 290 288
291 290 289
291 292 290
291 293 292
291 294 293
294 295 293
294 296 295
296 297 295
296 298 297
298 299 297
298 300 299
300 301 299
300 302 301
302 303 301
302 304 303
304 305 303
304 306 305
306 307 305
306 308 307
309 307 308
309 310 307
311 310 309
311 312 310
313 312 311
313 314 312
315 314 313
315 316 314
317 316 315
317 318 316
319 318 317
319 320 318
321 320 319
321 322 320
323 322 321
323 324 322
325 326 327
327 326 328
327 328 329
329 328 330
329 330 331
331 330 332
331 332 333
333 332 334
333 334 335
335 334 336
335 336 337
337 336 338
337 338 339
339 338 340
339 340 341
341 340 342
341 342 343
343 342 344
343 344 345
345 344 346
345 346 347
347 346 348
347 348 349
349 348 350
349 350 351
351 350 352
351 352 353
353 352 354
353 354 355
354 356 355
357 358 359
360 357 359
360 361 357
362 361 360
362 363 361
364 363 362
364 365 363
366 365 364
366 367 365
368 367 366
368 369 367
370 369 368
370 371 369
372 371 370
372 373 371
374 373 372
374 375 373
376 375 374
376 377 375
378 377 376
378 379 377
380 379 378
380 381 379
382 381 380
382 383 381
384 383 382
384 385 383
386 385 384
386 387 385
388 387 386
389 390 391
392 390 389
392 393 390
394 393 392
394 395 393
396 395 394
396 397 395
398 397 396
398 399 397
398 400 399
398 401 400
399 400 402
403 401 398
399 402 404
403 405 401
404 402 406
407 405 403
406 408 404
407 409 405
406 410 408
407 411 409
410 412 408
413 409 411
413 412 410
413 411 414
413 414 412
415 416 417
415 418 416
419 418 415
419 420 418
421 420 419
421 422 420
422 421 423
422 423 424
424 423 425
424 425 426
426 425 427
426 427 428
428 427 429
428 429 430
430 429 431
430 431 432
432 431 433
432 433 434
435 436 437
435 437 438
439 438 437
439 440 438
440 439 441
440 441 442
443 442 441
443 444 442
445 444 443
445 446 444
447 446 445
447 448 446
448 447 449
448 449 450
450 449 451
450 451 452
452 451 453
452 453 454
455 456 457
458 456 455
458 459 456
460 459 458
460 461 459
460 462 461
460 463 462
463 464 462
463 465 464
465 466 464
465 467 466
464 466 468
465 469 467
464 468 470
467 469 471
470 468 472
473 471 469
472 474 470
473 475 471
472 476 474
477 475 473
478 474 476
477 479 475
478 476 479
477 480 479
478 479 480
481 482 483
481 483 484
484 483 485
484 485 486
486 485 487
486 487 488
488 487 489
488 489 490
490 489 491
490 491 492
492 491 493
492 493 494
494 493 495
494 495 496
496 495 497
496 497 498
499 500 501
500 502 501
499 503 500
504 503 499
504 499 505
506 504 505
506 507 504
508 507 506
508 509 507
510 509 508
511 503 504
504 507 512
504 512 511
500 503 513
511 513 503
507 509 514
507 514 512
500 515 502
500 513 516
516 515 500
502 515 517
502 517 518
519 518 517
516 520 515
517 515 520
519 517 521
522 519 521
517 520 523
521 517 523
522 521 524
524 525 522
521 523 526
524 521 526
524 527 525
528 525 527
524 526 529
529 527 524
528 527 530
531 528 530
529 532 527
530 527 532
531 530 533
534 531 533
530 532 535
533 530 535
523 536 526
526 537 529
526 536 537
529 538 532
529 537 538
532 538 539
532 539 535
523 540 536
520 540 523
541 538 537
539 538 541
541 537 542
537 543 542
537 536 543
536 544 543
536 540 544
539 541 545
540 546 544
520 547 540
540 547 546
516 547 520
548 539 545
548 545 549
535 539 548
546 547 550
516 550 547
546 550 551
513 550 516
550 552 551
513 553 550
550 553 552
511 553 513
552 553 554
511 554 553
552 554 555
512 554 511
554 556 555
512 557 554
554 557 556
557 558 556
514 557 512
557 559 558
514 559 557
559 560 558
561 559 514
509 561 514
559 562 560
561 562 559
509 563 561
510 563 509
560 562 564
560 564 565
564 566 565
567 562 561
567 561 563
567 564 562
568 563 510
567 563 568
568 510 569
570 568 569
564 571 566
571 572 566
573 564 567
568 573 567
573 571 564
570 574 568
568 574 573
571 575 572
575 576 572
577 571 573
574 577 573
577 575 571
570 578 574
574 578 577
570 579 578
575 580 576
580 581 576
582 575 577
578 582 577
582 580 575
579 583 578
578 583 582
579 584 583
580 585 581
585 586 581
587 580 582
583 587 582
587 585 580
584 588 583
583 588 587
584 589 588
590 588 589
585 591 586
591 592 586
593 585 587
588 593 587
593 591 585
590 594 588
588 594 593
591 595 592
595 596 592
597 591 593
594 597 593
597 595 591
590 598 594
594 598 597
590 599 598
600 598 599
595 601 596
601 602 596
603 595 597
598 603 597
603 601 595
600 604 598
598 604 603
601 605 602
605 606 602
607 601 603
604 607 603
607 605 601
600 608 604
604 608 607
600 609 608
610 608 609
605 611 606
611 612 606
613 605 607
608 613 607
613 611 605
610 614 608
608 614 613
615 614 610
611 616 612
616 617 612
618 611 613
614 618 613
618 616 611
615 619 614
614 619 618
620 619 615
616 621 617
621 622 617
623 616 618
619 623 618
623 621 616
620 624 619
619 624 623
625 624 620
621 626 622
626 627 622
628 621 623
624 628 623
628 626 621
625 629 624
624 629 628
630 629 625
626 631 627
631 632 627
633 626 628
629 633 628
633 631 626
630 634 629
629 634 633
635 634 630
631 636 632
636 637 632
638 631 633
634 638 633
638 636 631
635 639 634
634 639 638
636 640 637
640 641 637
642 636 638
639 642 638
642 640 636
635 643 639
639 643 642
635 644 643
645 643 644
640 646 641
646 647 641
648 640 642
643 648 642
648 646 640
645 649 643
643 649 648
646 650 647
650 651 647
652 646 648
649 652 648
652 650 646
645 653 649
649 653 652
645 654 653
534 653 654
650 655 651
655 549 651
655 548 549
656 650 652
653 656 652
656 655 650
534 657 653
653 657 656
534 533 657
658 548 655
658 655 656
657 658 656
657 533 658
535 548 658
533 535 658
659 660 661
659 662 660
659 661 663
659 664 662
663 661 665
664 666 662
663 665 667
664 668 666
667 665 669
668 670 666
667 669 671
668 672 670
671 669 673
672 674 670
671 673 675
672 676 674
675 673 677
676 678 674
675 677 679
676 680 678
679 677 681
680 682 678
679 681 683
680 684 682
683 681 685
684 686 682
683 685 687
684 688 686
687 685 689
687 689 690
691 690 689
691 689 692
693 691 692
693 692 694
695 693 694
695 694 696
697 695 696
697 696 698
699 697 698
699 698 700
701 699 700
701 700 702
703 701 702
703 702 704
705 703 704
705 704 706
705 706 707
705 707 708
708 707 709
708 709 710
710 709 711
710 711 712
712 711 713
712 713 714
714 713 715
714 715 716
716 715 717
716 717 718
718 717 719
718 719 720
720 719 721
720 721 722
688 722 721
688 721 686
723 724 725
726 723 725
724 727 725
724 728 727
728 729 727
726 725 730
731 726 730
732 731 730
729 733 727
729 734 733
734 735 733
732 730 736
737 732 736
738 737 736
735 739 733
738 736 739
735 740 739
740 738 739
741 742 743
744 742 741
743 742 745
743 745 746
746 745 747
744 748 742
749 748 744
750 748 749
747 745 751
747 751 752
752 751 753
750 754 748
755 754 750
756 754 755
753 751 757
756 757 754
753 757 758
758 757 756
