byte offset: 0
first index: 0
index count: 20610
topology: trianglelist
format: DXGI_FORMAT_R16_UINT

0 1 2
0 2 3
4 5 6
4 6 7
8 9 10
8 10 11
12 13 14
12 14 15
1 0 16
1 16 17
17 16 12
17 12 18
19 20 21
19 21 22
23 24 25
23 25 26
27 16 0
27 0 28
9 29 30
9 30 10
31 32 33
31 33 34
35 36 37
35 37 38
4 7 39
4 39 3
40 41 42
40 42 43
44 45 46
44 46 47
3 39 28
3 28 0
48 49 50
48 50 51
52 53 54
52 54 55
56 57 58
56 58 59
60 52 55
60 55 61
62 61 63
62 63 64
65 66 60
65 60 62
26 25 67
26 67 68
69 70 71
69 71 72
73 74 71
75 76 77
75 77 78
79 80 81
79 81 82
83 84 85
83 85 86
87 88 89
87 89 90
91 38 92
91 92 93
17 24 94
17 94 1
94 92 38
94 38 37
95 4 3
95 3 2
96 40 43
96 43 97
98 99 49
98 49 48
15 100 18
15 18 12
76 75 89
76 89 88
93 92 77
93 77 101
13 12 16
13 16 27
102 103 104
102 104 105
106 107 108
106 108 109
109 110 111
109 111 106
111 110 112
111 112 113
114 27 28
114 28 113
115 116 114
115 114 117
116 115 118
116 118 119
120 6 5
120 5 74
121 122 123
121 123 124
125 126 127
125 127 128
29 9 129
29 129 130
131 129 9
131 9 8
132 133 134
132 134 135
136 137 138
136 138 139
140 141 90
140 90 142
64 63 139
64 139 138
20 19 143
20 143 144
34 143 19
34 19 31
119 118 145
119 145 146
25 18 100
25 100 67
147 148 67
147 67 100
68 67 148
68 148 142
11 10 149
11 149 146
44 47 150
113 28 39
113 39 111
117 114 113
117 113 112
116 13 27
116 27 114
119 14 13
119 13 116
151 11 146
151 146 145
152 8 11
152 11 151
8 152 153
8 153 131
32 31 141
32 141 140
22 141 31
22 31 19
142 148 154
142 154 140
125 32 140
125 140 154
125 128 33
125 33 32
155 156 157
155 157 158
159 160 161
159 161 162
64 138 163
99 98 55
99 55 54
103 155 158
103 158 104
105 108 107
105 107 102
164 165 166
164 166 167
168 134 133
168 133 169
165 170 171
165 171 166
170 172 73
170 73 171
172 120 74
5 4 95
5 95 72
83 86 35
83 35 173
72 95 36
72 36 69
74 5 72
74 72 71
65 174 175
65 175 176
177 175 174
177 174 167
167 166 178
167 178 177
179 178 166
179 166 171
180 179 171
180 171 73
73 71 180
181 154 148
181 148 147
154 181 126
154 126 125
160 182 183
160 183 161
57 183 182
57 182 58
7 106 111
7 111 39
7 6 107
7 107 106
6 120 102
6 102 107
103 102 120
103 120 172
172 170 155
172 155 103
156 155 170
156 170 165
51 136 139
51 139 48
63 98 48
63 48 139
61 55 98
61 98 63
126 181 30
126 30 29
29 130 127
29 127 126
24 17 18
24 18 25
184 185 186
158 157 160
14 119 146
14 146 149
15 14 149
15 149 187
187 149 10
187 10 30
100 15 187
100 187 147
147 187 30
147 30 181
150 47 184
1 94 37
1 37 2
37 36 95
37 95 2
188 189 190
188 190 191
45 188 191
45 191 46
189 42 41
189 41 190
192 96 97
192 97 193
184 186 194
193 159 162
193 162 192
141 22 90
62 174 65
195 138 137
137 157 156
137 156 195
160 159 104
160 104 158
43 42 110
43 110 109
159 193 105
159 105 104
97 43 109
97 109 108
189 112 110
189 110 42
188 117 112
188 112 189
186 152 151
186 151 194
145 150 194
145 194 151
45 115 117
45 117 188
115 45 44
115 44 118
108 105 193
108 193 97
118 44 150
118 150 145
152 186 196
152 196 153
165 164 195
165 195 156
163 164 167
163 167 174
164 163 138
164 138 195
174 62 64
197 198 136
197 136 51
75 26 68
75 68 89
82 85 84
82 84 79
173 35 38
173 38 91
122 121 87
122 87 90
75 78 23
75 23 26
169 199 200
169 200 168
199 81 80
199 80 200
36 35 86
36 86 69
70 69 86
70 86 85
82 81 179
82 179 180
81 199 178
81 178 179
85 82 180
85 180 70
90 22 122
201 123 122
201 122 22
199 169 177
199 177 178
169 133 175
169 175 177
202 203 204
202 204 205
206 207 208
206 208 209
210 211 212
210 212 213
214 215 216
214 216 217
218 202 205
218 205 219
220 210 213
220 213 221
221 222 223
221 223 220
211 224 225
211 225 212
226 227 215
226 215 214
228 218 219
228 219 229
217 216 228
217 228 229
203 230 231
203 231 204
230 232 233
230 233 231
207 234 235
207 235 208
210 220 80
210 80 79
211 210 79
211 79 84
224 211 84
224 84 83
91 215 227
91 227 173
93 216 215
93 215 91
101 228 216
101 216 93
228 101 236
228 236 218
218 236 237
218 237 202
202 237 238
202 238 203
230 203 238
230 238 239
240 232 230
240 230 239
241 135 207
241 207 206
135 134 234
135 234 207
223 242 168
223 168 200
220 223 200
220 200 80
222 243 242
222 242 223
134 168 242
134 242 234
234 242 243
234 243 235
224 227 226
224 226 225
83 173 227
83 227 224
142 90 89
142 89 68
65 176 244
65 244 66
241 245 132
241 132 135
101 77 76
101 76 236
236 76 88
236 88 237
176 175 133
176 133 132
244 176 132
244 132 245
237 88 87
237 87 238
238 87 121
238 121 239
239 121 124
239 124 240
246 247 208
246 208 235
247 248 209
247 209 208
249 250 231
249 231 233
204 231 250
204 250 251
251 252 205
251 205 204
219 205 252
219 252 253
253 254 229
253 229 219
217 229 254
217 254 255
255 256 214
255 214 217
256 257 226
256 226 214
258 259 212
258 212 225
212 259 260
212 260 213
260 261 221
260 221 213
261 262 222
261 222 221
262 263 243
262 243 222
235 243 263
235 263 246
225 226 257
225 257 258
198 157 137
198 137 136
182 160 157
182 157 198
59 58 197
59 197 264
58 182 198
58 198 197
92 94 78
92 78 77
78 94 24
78 24 23
51 50 264
51 264 197
265 259 258
265 258 266
259 265 267
259 267 260
257 256 268
257 268 269
260 267 270
260 270 261
256 255 271
256 271 268
270 272 262
270 262 261
253 252 273
253 273 274
275 273 252
275 252 251
276 277 248
276 248 247
254 253 274
254 274 278
278 271 255
278 255 254
279 275 251
279 251 250
280 279 250
280 250 249
263 262 272
263 272 281
281 282 246
281 246 263
247 246 282
247 282 276
269 266 258
269 258 257
283 284 285
283 285 286
287 288 289
287 289 290
291 292 293
291 293 294
295 296 297
295 297 298
299 285 284
299 284 300
297 299 300
297 300 301
302 303 304
305 306 307
305 307 308
285 299 309
285 309 310
292 291 311
292 311 312
313 314 315
313 315 316
317 318 319
317 319 320
289 286 321
289 321 290
322 323 324
322 324 325
326 327 328
326 328 329
310 321 286
310 286 285
330 331 332
330 332 333
334 335 336
334 336 337
338 339 340
338 340 341
335 334 342
335 342 343
344 343 345
344 345 346
342 347 348
342 348 345
308 349 350
308 350 305
351 352 353
351 353 354
351 355 356
357 358 359
357 359 360
361 362 363
361 363 364
365 366 367
365 367 368
369 370 371
369 371 372
373 374 375
373 375 318
376 306 300
376 300 284
318 375 376
318 376 319
377 283 286
377 286 289
378 379 323
378 323 322
380 330 333
380 333 381
298 297 301
298 301 382
369 359 358
369 358 370
374 383 357
374 357 375
296 309 299
296 299 297
384 385 386
384 386 387
388 389 390
388 390 391
392 393 389
392 389 388
394 393 392
394 392 395
396 395 310
396 310 309
396 397 398
396 398 399
397 400 401
397 401 398
402 355 288
402 288 287
403 404 405
403 405 406
407 408 409
407 409 410
411 292 312
411 312 412
413 293 292
413 292 411
414 415 416
414 416 417
418 419 420
418 420 421
422 423 372
422 372 424
419 344 346
419 346 420
425 426 427
425 427 428
314 313 426
314 426 425
400 429 430
400 430 401
382 301 305
382 305 350
431 382 350
431 350 432
349 423 432
349 432 350
433 291 294
433 294 429
327 326 434
321 310 395
321 395 392
395 396 399
395 399 394
397 396 309
397 309 296
400 397 296
400 296 295
429 294 435
429 435 430
436 435 294
436 294 293
293 413 437
293 437 436
424 313 316
424 316 422
313 424 304
313 304 426
438 432 423
438 423 422
407 438 422
407 422 316
407 316 315
407 315 408
439 440 441
439 441 442
443 444 445
443 445 446
346 447 420
335 380 381
335 381 336
442 441 387
442 387 386
385 384 391
385 391 390
448 449 450
448 450 451
452 453 417
452 417 416
449 448 454
449 454 455
356 456 455
356 455 454
456 356 355
288 354 377
288 377 289
365 457 317
365 317 366
354 353 320
354 320 377
354 288 355
354 355 351
348 458 459
348 459 460
460 459 461
460 461 451
451 461 462
451 462 448
463 454 448
463 448 462
454 463 464
454 464 356
352 351 464
432 438 465
432 465 431
410 465 438
410 438 407
466 467 446
466 446 445
467 466 339
467 339 338
392 388 290
392 290 321
391 287 290
391 290 388
384 402 287
384 287 391
387 456 402
387 402 384
456 387 441
456 441 455
455 441 440
455 440 449
331 330 419
331 419 418
344 419 330
344 330 380
343 344 380
343 380 335
410 312 311
410 311 465
409 412 312
409 312 410
301 300 306
301 306 305
468 469 470
442 446 439
429 400 295
429 295 433
433 295 298
433 298 471
291 433 471
291 471 311
471 298 382
471 382 431
311 471 431
311 431 465
469 327 434
319 376 284
319 284 283
319 283 377
319 377 320
472 473 474
472 474 475
329 328 473
329 473 472
475 474 325
475 325 324
476 477 379
476 379 378
478 470 469
477 476 444
477 444 443
424 372 304
345 348 460
479 421 420
440 439 421
440 421 479
386 443 446
386 446 442
323 389 393
323 393 324
443 386 385
443 385 477
379 390 389
379 389 323
393 394 475
393 475 324
394 399 472
394 472 475
435 436 470
435 470 478
478 434 430
478 430 435
399 398 329
399 329 472
326 329 398
326 398 401
390 379 477
390 477 385
434 326 401
434 401 430
480 470 436
480 436 437
479 450 449
479 449 440
451 450 447
451 447 460
450 479 420
450 420 447
460 447 346
481 331 418
481 418 482
349 308 359
349 359 369
362 361 368
362 368 367
318 317 457
318 457 373
371 405 404
371 404 372
359 308 307
359 307 360
453 452 483
453 483 484
484 483 364
484 364 363
366 317 320
366 320 353
352 367 366
352 366 353
362 464 463
362 463 363
363 463 462
363 462 484
367 352 464
367 464 362
372 404 304
404 403 302
404 302 304
484 462 461
484 461 453
453 461 459
453 459 417
485 486 487
485 487 488
489 490 491
489 491 492
493 494 495
493 495 496
497 498 499
497 499 500
488 487 501
488 501 502
503 504 496
503 496 495
505 506 504
505 504 503
507 508 494
507 494 493
509 497 500
509 500 510
502 501 511
502 511 512
498 512 511
498 511 499
513 514 486
513 486 485
515 516 514
515 514 513
490 489 517
490 517 518
495 361 364
495 364 503
361 495 494
361 494 368
508 365 368
508 368 494
510 500 373
510 373 457
500 499 374
500 374 373
383 374 499
383 499 511
519 383 511
519 511 501
520 519 501
520 501 487
521 520 487
521 487 486
514 522 521
514 521 486
523 522 514
523 514 516
490 415 524
490 524 491
518 416 415
518 415 490
505 483 452
505 452 525
503 364 483
503 483 505
525 526 506
525 506 505
525 452 416
525 416 518
526 525 518
526 518 517
509 510 508
509 508 507
365 508 510
365 510 457
369 372 423
369 423 349
527 458 348
527 348 347
524 415 414
524 414 528
358 357 383
358 383 519
370 358 519
370 519 520
458 414 417
458 417 459
527 528 414
527 414 458
371 370 520
371 520 521
405 371 521
405 521 522
406 405 522
406 522 523
529 517 489
529 489 530
530 489 492
530 492 531
513 532 533
513 533 515
485 534 532
485 532 513
534 485 488
534 488 535
535 488 502
535 502 536
536 502 512
536 512 537
537 512 498
537 498 538
497 539 538
497 538 498
539 497 509
539 509 540
541 507 493
541 493 542
543 542 493
543 493 496
543 496 504
543 504 544
544 504 506
544 506 545
545 506 526
545 526 546
546 526 517
546 517 529
540 509 507
540 507 541
421 439 482
421 482 418
439 446 467
439 467 482
481 338 341
481 341 547
482 467 338
482 338 481
375 357 360
375 360 376
360 307 306
360 306 376
547 332 331
547 331 481
548 549 541
548 541 542
550 548 542
550 542 543
540 551 552
540 552 539
553 550 543
553 543 544
554 538 539
554 539 552
553 544 545
553 545 555
536 556 557
536 557 535
558 534 535
558 535 557
531 559 560
531 560 530
556 536 537
556 537 561
561 537 538
561 538 554
562 532 534
562 534 558
532 562 563
532 563 533
546 564 555
546 555 545
529 565 564
529 564 546
530 560 565
530 565 529
551 540 541
551 541 549
555 566 567
555 567 553
550 553 567
550 567 568
566 569 570
566 570 567
568 567 570
568 570 571
572 568 571
572 571 573
574 575 569
574 569 566
572 573 576
572 576 577
578 579 580
578 580 581
582 583 584
582 584 585
586 587 588
586 588 589
590 591 592
590 592 593
589 562 558
589 558 586
591 557 556
591 556 592
585 594 554
585 554 552
585 552 551
585 551 582
581 560 559
581 559 578
568 572 548
568 548 550
577 549 548
577 548 572
592 556 561
592 561 595
595 596 593
595 593 592
595 561 554
595 554 594
594 597 596
594 596 595
585 584 597
585 597 594
598 563 562
598 562 589
599 598 589
599 589 588
557 591 586
557 586 558
591 590 587
591 587 586
564 574 566
564 566 555
565 600 574
565 574 564
575 574 600
575 600 601
601 600 581
601 581 580
560 581 600
560 600 565
549 577 582
549 582 551
577 576 583
577 583 582
272 270 602
272 602 603
270 267 604
270 604 602
275 279 605
275 605 606
274 273 607
274 607 608
269 268 609
269 609 610
277 276 611
277 611 612
265 613 604
265 604 267
614 613 265
614 265 266
278 274 608
278 608 615
278 615 616
278 616 271
279 280 617
279 617 605
282 281 618
282 618 619
276 282 619
276 619 611
614 610 620
614 620 621
271 616 609
271 609 268
615 608 622
615 622 623
606 607 273
606 273 275
603 618 281
603 281 272
619 618 624
619 624 625
610 614 266
610 266 269
626 627 628
626 628 629
630 631 632
630 632 633
627 634 635
627 635 628
636 637 638
636 638 639
640 641 642
640 642 643
631 644 645
631 645 632
646 647 648
646 648 649
650 651 652
650 652 653
647 654 655
647 655 656
569 657 658
569 658 570
658 659 571
658 571 570
601 660 661
601 661 575
662 663 576
662 576 573
579 664 665
579 665 580
666 667 584
666 584 583
588 668 669
588 669 599
670 671 596
670 596 597
587 672 668
587 668 588
593 673 674
593 674 590
647 656 675
647 675 648
654 676 659
654 659 658
677 678 679
677 679 680
632 645 681
632 681 682
683 684 685
683 685 686
682 687 633
682 633 632
687 638 633
688 640 643
688 643 689
690 626 688
691 634 627
691 627 690
692 693 694
692 694 695
696 697 694
696 694 693
692 695 698
692 698 699
700 701 702
700 702 703
704 705 706
704 706 707
705 708 709
705 709 706
710 711 712
710 712 713
708 714 715
708 715 709
716 717 718
716 718 719
720 721 722
720 722 723
724 725 726
724 726 727
728 722 721
728 721 729
727 726 730
727 730 731
729 732 733
729 733 728
731 730 734
731 734 735
736 737 738
736 738 739
740 741 742
740 742 743
744 745 746
744 746 747
748 749 750
748 750 751
751 707 706
751 706 748
752 692 699
752 699 753
754 752 753
754 753 755
756 757 749
756 749 748
756 748 706
756 706 709
752 758 693
752 693 692
758 752 754
758 754 759
760 761 757
760 757 756
756 709 715
756 715 760
758 762 696
758 696 693
759 763 762
759 762 758
764 765 766
764 766 767
765 719 718
765 718 766
768 769 701
768 701 700
769 768 770
769 770 771
772 773 774
772 774 775
772 710 713
772 713 773
776 777 764
776 764 767
778 779 775
778 775 774
761 780 781
761 781 757
757 781 782
757 782 749
783 784 771
783 771 770
785 750 749
785 749 782
763 759 786
763 786 787
755 788 789
755 789 754
789 786 759
789 759 754
790 686 685
790 685 791
713 712 702
713 702 701
743 742 744
743 744 747
771 774 773
771 773 769
773 713 701
773 701 769
784 778 774
784 774 771
792 787 786
792 786 793
794 783 787
794 787 792
789 795 793
789 793 786
788 796 795
788 795 789
797 798 779
797 779 778
799 785 782
799 782 800
801 802 777
801 777 776
803 690 688
803 688 800
780 804 803
780 803 781
805 797 778
805 778 784
726 695 694
726 694 730
730 694 697
730 697 734
726 725 698
726 698 695
702 742 741
702 741 703
723 722 705
723 705 704
708 705 722
708 722 728
745 744 712
745 712 711
714 708 728
714 728 733
717 716 739
717 739 738
712 744 742
712 742 702
664 679 678
664 678 665
806 807 676
806 676 646
672 629 628
672 628 668
684 808 809
684 809 810
806 811 812
806 812 807
805 794 683
805 683 686
813 790 791
813 791 814
680 815 816
680 816 677
643 642 636
643 636 639
639 817 689
639 689 643
673 593 596
673 596 671
796 788 785
796 785 799
707 751 753
707 753 699
707 699 698
707 698 704
704 698 725
704 725 723
720 723 725
720 725 724
751 750 755
751 755 753
750 785 788
750 788 755
667 670 597
667 597 584
670 667 630
670 630 637
633 638 637
633 637 630
770 763 787
770 787 783
768 762 763
768 763 770
762 768 700
762 700 696
703 697 696
703 696 700
703 741 734
703 734 697
735 734 741
735 741 740
654 658 657
654 657 655
676 654 647
676 647 646
660 650 653
660 653 661
676 807 662
676 662 659
667 666 631
667 631 630
668 628 635
668 635 669
637 636 671
637 671 670
641 674 673
641 673 642
663 662 807
663 807 644
642 673 671
642 671 636
648 818 810
648 810 649
819 818 648
819 648 675
672 587 590
672 590 674
629 672 674
629 674 641
641 640 626
641 626 629
638 687 817
638 817 639
690 627 626
808 684 683
808 683 681
814 652 651
814 651 813
818 685 684
818 684 810
818 819 791
818 791 685
814 791 819
814 819 820
645 812 808
645 808 681
812 645 644
812 644 807
820 819 675
820 675 821
652 821 822
652 822 653
655 653 822
655 822 656
661 653 655
661 655 657
575 661 657
575 657 569
659 662 573
659 573 571
678 677 651
678 651 650
660 601 580
660 580 665
711 710 718
711 718 717
737 746 745
737 745 738
767 766 772
767 772 775
710 772 766
710 766 718
767 775 779
767 779 776
813 816 801
813 801 798
738 745 711
738 711 717
650 660 665
650 665 678
813 651 677
813 677 816
666 663 644
666 644 631
583 576 663
583 663 666
822 821 675
822 675 656
649 811 806
649 806 646
811 649 810
811 810 809
652 814 820
652 820 821
812 811 809
812 809 808
792 793 682
792 682 681
792 681 683
792 683 794
687 682 793
687 793 795
687 795 796
687 796 817
798 797 790
798 790 813
800 688 689
800 689 799
801 816 815
801 815 802
781 803 800
781 800 782
804 691 690
804 690 803
686 790 797
686 797 805
794 805 784
794 784 783
799 689 817
799 817 796
776 779 798
776 798 801
626 640 688
823 824 825
823 825 826
827 828 829
827 829 830
824 823 831
824 831 832
833 834 835
833 835 836
837 838 839
837 839 840
841 842 828
841 828 827
843 844 845
843 845 846
847 848 849
847 849 850
846 851 852
846 852 853
854 855 856
854 856 857
858 859 854
858 854 857
860 861 862
860 862 863
864 865 866
864 866 867
868 869 870
868 870 871
869 872 873
869 873 870
874 851 846
874 846 845
853 854 859
853 859 875
876 877 878
876 878 879
827 880 881
827 881 841
882 883 884
882 884 885
880 827 830
880 830 886
886 830 833
887 888 838
887 838 837
889 887 825
824 832 890
824 890 889
891 892 893
891 893 894
891 895 896
891 896 892
893 897 898
893 898 894
899 900 901
899 901 902
903 904 905
903 905 906
904 903 907
904 907 908
909 910 911
909 911 912
908 907 913
908 913 914
915 916 917
915 917 918
919 920 921
919 921 922
923 919 922
923 922 924
925 926 927
925 927 928
929 930 926
929 926 925
931 932 922
931 922 921
932 933 924
932 924 922
928 934 935
928 935 925
925 935 936
925 936 929
932 931 937
932 937 938
938 939 933
938 933 932
940 935 934
940 934 941
942 936 935
942 935 940
943 944 945
943 945 946
947 943 946
947 946 948
949 950 951
949 951 952
953 954 952
953 952 951
955 956 957
955 957 958
958 959 960
958 960 955
961 962 963
961 963 964
903 906 964
903 964 963
965 966 897
965 897 893
967 968 966
967 966 965
962 969 970
962 970 963
903 963 970
903 970 907
892 971 965
892 965 893
967 965 971
967 971 972
973 970 969
973 969 974
913 907 970
913 970 973
896 975 971
896 971 892
975 976 972
975 972 971
977 978 979
977 979 980
978 977 915
978 915 918
900 981 982
900 982 901
983 982 981
983 981 984
985 986 987
985 987 988
910 909 987
910 987 986
979 989 990
979 990 980
988 991 992
988 992 985
974 969 993
974 993 994
969 962 995
969 995 993
984 996 997
984 997 983
962 961 998
962 998 995
999 972 976
999 976 1000
1001 1002 968
1001 968 967
972 999 1001
972 1001 967
1003 1004 882
1003 882 885
899 911 910
899 910 900
951 958 957
951 957 953
958 951 950
958 950 959
984 981 986
984 986 985
900 910 986
900 986 981
996 984 985
996 985 992
1005 1006 1007
1005 1007 1008
1009 923 924
1009 924 1010
1011 1012 934
1011 934 928
1006 1013 1014
1006 1014 1007
1012 1015 941
1012 941 934
1016 947 948
1016 948 1017
1014 1013 1018
1014 1018 1019
1020 1011 1021
1020 1021 1022
939 1023 1024
939 1024 933
933 1024 1010
933 1010 924
1025 1026 999
1025 999 1000
1000 997 1027
1000 1027 1025
1001 999 1026
1001 1026 1028
1028 1029 1002
1028 1002 1001
1030 992 991
1030 991 1031
1032 1033 995
1032 995 998
989 1034 1035
989 1035 990
1036 1033 887
1036 887 889
1036 1037 994
1036 994 993
1038 996 992
1038 992 1030
929 936 891
929 891 894
936 942 895
936 895 891
929 894 898
929 898 930
899 902 954
899 954 953
904 921 920
904 920 905
908 931 921
908 921 904
911 957 956
911 956 912
931 908 914
931 914 937
944 917 916
944 916 945
953 957 911
953 911 899
877 876 1039
877 1039 1040
875 1041 1042
875 1042 843
823 826 872
823 872 869
1043 1044 883
1043 883 1045
1042 1041 1046
1042 1046 1047
1038 885 884
1038 884 1027
1004 1003 1048
1004 1048 1049
879 878 1050
879 1050 1051
838 836 835
838 835 839
836 838 888
836 888 1052
1029 1032 998
1029 998 1002
966 964 906
966 906 897
898 897 906
898 906 905
905 920 930
905 930 898
930 920 919
930 919 926
926 919 923
926 923 927
923 1009 1021
923 1021 927
964 966 968
964 968 961
961 968 1002
961 1002 998
829 1053 1054
829 1054 834
830 829 834
830 834 833
983 997 1000
983 1000 976
982 983 976
982 976 975
975 896 901
975 901 982
896 895 902
896 902 901
902 895 942
902 942 954
940 952 954
940 954 942
952 940 941
952 941 949
1055 1005 1008
1055 1008 1015
1056 1057 1058
1057 1056 1055
1058 1057 1020
1058 1020 1059
1006 1005 1060
1006 1060 1061
1022 1062 1059
1022 1059 1020
1063 1064 1065
1063 1065 1066
1064 1063 1067
1064 1067 1068
1068 1067 1069
1068 1069 1070
1071 1072 1073
1071 1073 1074
1061 1075 1013
1061 1013 1006
1013 1075 1076
1013 1076 1018
1077 1078 1079
1080 1081 1078
1080 1078 1082
1083 1084 1085
1083 1085 1086
1085 1084 1087
1088 1089 1090
1088 1090 1091
1092 1093 1089
1092 1089 1088
1090 1094 1091
1056 1058 1095
1056 1095 1096
1097 1077 1079
1097 1079 1098
1072 1099 1100
1072 1100 1073
1101 1102 1103
1101 1103 1104
1103 1105 1106
1103 1106 1104
1107 1108 1109
1107 1109 1060
1110 1068 1070
1110 1070 1111
1112 1113 1114
1112 1114 1115
1082 1116 1095
1082 1095 1059
1117 1097 1098
1117 1098 1118
1060 1109 1092
1060 1092 1061
1088 1075 1061
1088 1061 1092
1091 1076 1075
1091 1075 1088
1099 1072 1094
1099 1094 1102
1084 1068 1110
1084 1110 1115
1068 1084 1064
1083 1065 1064
1083 1064 1084
1082 1059 1062
1082 1062 1080
1109 1108 1117
1109 1117 1118
1119 1108 1107
1119 1107 1096
1096 1095 1116
1096 1116 1119
1119 1116 1077
1119 1077 1097
1117 1108 1119
1117 1119 1097
1110 1111 1112
1110 1112 1115
1099 1102 1101
1099 1101 1100
1084 1115 1114
1084 1114 1087
1114 1113 1120
1114 1120 1087
1103 1102 1094
1103 1094 1105
1090 1105 1094
1056 1121 1055
1062 1022 1066
1062 1066 1065
1065 1083 1080
1065 1080 1062
1081 1080 1083
1081 1083 1086
1093 1092 1109
1093 1109 1122
1121 1005 1055
1121 1056 1096
1121 1096 1107
1059 1095 1058
1122 1109 1118
1094 1072 1076
1094 1076 1091
1077 1116 1082
1077 1082 1078
1121 1060 1005
1107 1060 1121
855 854 853
855 853 852
846 853 875
846 875 843
861 860 848
861 848 847
875 859 865
875 865 1041
828 1123 1053
828 1053 829
869 868 831
869 831 823
1124 835 834
1124 834 1054
840 839 1125
840 1125 1126
1041 865 864
1041 864 842
839 835 1124
839 1124 1125
845 844 1045
845 1045 1127
1128 874 845
1128 845 1127
1008 1007 950
1008 950 949
1010 1063 1066
1010 1066 1009
1020 1057 1012
1020 1012 1011
950 1007 1014
950 1014 959
1057 1055 1015
1057 1015 1012
1017 1074 1016
1017 1071 1074
1019 1071 1017
959 1014 1019
959 1019 960
1021 1011 928
1021 928 927
1023 1069 1067
1023 1067 1024
1024 1067 1063
1024 1063 1010
1009 1066 1022
1009 1022 1021
949 941 1015
949 1015 1008
1126 872 826
1126 826 840
840 826 825
840 825 837
833 836 1052
833 1052 886
889 825 824
884 883 1044
884 1044 881
1049 1048 850
1049 850 849
1127 1045 883
1127 883 882
1127 882 1004
1127 1004 1128
1128 1004 1049
1128 1049 1129
841 881 1044
841 1044 1046
842 841 1046
842 1046 1041
874 1128 1129
874 1129 1130
849 848 1131
849 1131 1130
1131 848 852
1131 852 851
860 855 852
860 852 848
855 860 863
855 863 856
850 878 877
850 877 847
915 909 912
915 912 916
956 955 946
956 946 945
948 946 955
948 955 960
987 977 980
987 980 988
977 987 909
977 909 915
991 988 980
991 980 990
960 1019 1017
960 1017 948
1048 1031 1035
1048 1035 1050
912 956 945
912 945 916
1040 861 847
1040 847 877
1048 1050 878
1048 878 850
842 864 1123
842 1123 828
867 1132 1123
867 1123 864
1019 1018 1071
1072 1071 1018
1072 1018 1076
874 1130 1131
874 1131 851
844 843 1042
844 1042 1047
1047 1043 1045
1047 1045 844
1129 1049 849
1129 849 1130
1043 1047 1046
1043 1046 1044
880 1026 1025
880 1025 881
1025 1027 884
1025 884 881
886 1028 1026
886 1026 880
886 1052 1029
886 1029 1028
1003 1030 1031
1003 1031 1048
1033 1032 888
1033 888 887
1051 1050 1035
1051 1035 1034
1033 1036 993
1033 993 995
1037 1036 889
1037 889 890
1030 1003 885
1030 885 1038
996 1038 1027
996 1027 997
1032 1029 1052
1032 1052 888
1031 991 990
1031 990 1035
825 887 837
1133 1090 1134
1133 1134 1135
1078 1081 1136
1078 1136 1137
1085 1138 1139
1085 1139 1086
1087 1140 1138
1087 1138 1085
1133 1135 1141
1090 1089 1142
1090 1142 1134
1093 1143 1142
1093 1142 1089
1079 1078 1137
1079 1137 1144
1079 1144 1145
1079 1145 1098
1146 1118 1147
1146 1147 1148
1146 1148 1149
1081 1086 1139
1081 1139 1136
1146 1149 1143
1146 1143 1093
1146 1093 1122
1122 1118 1146
1090 1133 1105
1098 1145 1147
1098 1147 1118
1087 1120 1150
1087 1150 1140
1106 1105 1151
1106 1151 1152
1151 1105 1133
1151 1133 1141
1153 1154 1155
1156 1157 1158
1156 1158 1159
1160 1161 1162
1160 1162 1163
1164 1165 1166
1160 1163 1167
1168 1169 1170
1168 1170 1171
1172 1173 1174
1175 1176 1177
1178 1179 1180
1178 1180 1181
1182 1183 1184
1182 1184 1185
1186 1187 1188
1189 1190 1191
1182 1185 1192
1193 1189 1191
1193 1191 1194
1195 1196 1197
1198 1190 1199
1200 1201 1202
1203 1154 1202
1159 1158 1204
1159 1204 1205
1186 1188 1206
1207 1208 1169
1207 1169 1168
1183 1209 1184
1210 1211 1212
1182 1213 1183
1214 1215 1216
1217 1218 1219
1218 1217 1220
1221 1222 1223
1224 1213 1182
1224 1182 1225
1224 1225 1226
1224 1226 1227
1228 1229 1230
1228 1230 1231
1230 1232 1233
1234 1235 1236
1237 1238 1239
1240 1241 1242
1243 1239 1244
1221 1231 1245
1231 1233 1245
1246 1247 1248
1246 1248 1249
1213 1224 1234
1213 1234 1250
1227 1235 1234
1227 1234 1224
1251 1252 1235
1221 1217 1253
1217 1219 1254
1217 1254 1253
1243 1255 1237
1252 1256 1236
1214 1219 1257
1247 1228 1254
1247 1254 1248
1247 1258 1229
1247 1229 1228
1210 1209 1183
1247 1246 1259
1247 1259 1258
1260 1261 1262
1187 1186 1263
1211 1216 1264
1260 1174 1265
1209 1212 1266
1209 1266 1267
1196 1268 1269
1196 1195 1265
1196 1265 1270
1271 1206 1272
1271 1272 1164
1273 1274 1200
1273 1200 1202
1263 1273 1202
1186 1206 1275
1186 1275 1276
1172 1262 1194
1277 1278 1279
1196 1270 1268
1251 1227 1226
1280 1281 1256
1230 1229 1282
1230 1282 1283
1283 1284 1285
1283 1285 1286
1281 1287 1236
1288 1289 1290
1288 1290 1291
1292 1293 1294
1292 1294 1295
1296 1297 1298
1299 1300 1296
1299 1296 1255
1295 1294 1301
1295 1301 1282
1299 1288 1291
1285 1302 1286
1240 1303 1302
1240 1302 1304
1162 1161 1205
1162 1205 1204
1157 1165 1305
1157 1305 1158
1162 1306 1307
1162 1307 1163
1157 1156 1171
1157 1171 1170
1163 1307 1308
1163 1308 1309
1170 1169 1310
1170 1310 1166
1278 1277 1311
1208 1207 1178
1208 1178 1181
1279 1180 1179
1279 1179 1312
1181 1180 1177
1181 1177 1313
1158 1305 1155
1158 1155 1204
1169 1208 1173
1169 1173 1310
1279 1278 1314
1279 1314 1175
1306 1162 1204
1306 1204 1155
1165 1157 1170
1165 1170 1166
1313 1173 1208
1313 1208 1181
1175 1177 1180
1175 1180 1279
1165 1164 1272
1165 1272 1305
1306 1154 1203
1306 1203 1307
1308 1307 1203
1308 1203 1201
1310 1315 1316
1177 1176 1313
1305 1272 1153
1305 1153 1155
1173 1172 1310
1314 1270 1175
1317 1318 1040
1317 1040 1039
1319 1124 1054
1319 1054 1320
1321 873 872
1321 872 1126
1318 862 861
1318 861 1040
1322 1323 1324
1322 1324 1325
1325 1326 1327
1325 1327 1322
1328 1329 1330
1328 1330 1331
1332 1333 1334
1332 1334 1335
1336 1337 1338
1336 1338 1339
1340 1341 1342
1340 1342 1343
1344 1340 1343
1344 1343 1345
1333 1346 1347
1333 1347 1334
1329 1348 1349
1329 1349 1330
1350 1332 1335
1350 1335 1351
1338 1337 1352
1338 1352 1353
1324 1323 1328
1324 1328 1331
1326 1350 1351
1326 1351 1327
1354 1355 1356
1354 1356 1357
1346 1344 1345
1346 1345 1347
1341 1336 1339
1341 1339 1342
1355 1349 1348
1355 1348 1356
859 858 866
859 866 865
1123 1132 1358
1123 1358 1053
1126 1125 1359
1126 1359 1321
1125 1124 1319
1125 1319 1359
1053 1358 1320
1053 1320 1054
1360 1361 1362
1360 1362 1363
1360 1364 1365
1360 1365 1361
1364 1366 1367
1364 1367 1365
1366 1368 624
1366 624 1367
1368 1369 625
1368 625 624
1369 1370 1371
1369 1371 625
1370 1372 1373
1374 1375 1376
1374 1376 1377
1378 1379 1376
1378 1376 1375
1380 1381 1379
1380 1379 1378
1380 1382 622
1380 622 1381
1382 1383 623
1382 623 622
1383 1384 1385
1383 1385 623
1384 1386 1387
1384 1387 1385
1386 1388 1389
1386 1389 1387
1388 1390 1391
1388 1391 1389
1362 621 1391
186 185 196
468 470 480
150 184 194
469 434 478
342 345 343
62 60 61
22 21 201
426 304 303
426 303 427
464 351 356
456 355 402
172 74 73
180 71 70
460 346 345
174 64 163
1323 857 856
1323 856 1328
1351 867 866
1351 866 1327
1356 1318 1317
1356 1317 1357
1345 1319 1320
1345 1320 1347
1339 873 1321
1339 1321 1342
862 1318 1356
862 1356 1348
858 857 1323
858 1323 1322
866 858 1322
866 1322 1327
856 863 1329
856 1329 1328
1358 1132 1392
1338 870 873
1338 873 1339
1321 1359 1343
1321 1343 1342
1359 1319 1345
1359 1345 1343
1320 1358 1334
1320 1334 1347
863 862 1348
863 1348 1329
1132 867 1392
1338 1353 871
1338 871 870
1361 1365 602
1361 602 604
613 1362 1361
613 1361 604
605 1376 1379
605 1379 606
1393 1376 605
1393 605 617
606 1379 1381
606 1381 607
1365 1367 603
1365 603 602
1371 1394 612
1371 612 611
625 1371 611
625 611 619
1367 624 618
1367 618 603
1395 620 610
1395 610 609
607 1381 622
607 622 608
616 1385 1395
616 1395 609
621 1362 613
621 613 614
615 623 1385
615 1385 616
1268 1270 1396
1221 1223 1397
1218 1220 1397
1397 1220 1221
1226 1269 1398
1196 1269 1197
1399 1269 1268
1202 1154 1187
1261 1209 1267
1400 1262 1172
1193 1262 1261
1260 1265 1195
1185 1184 1261
1185 1261 1260
1184 1209 1261
1195 1185 1260
1251 1226 1398
1251 1235 1227
1252 1236 1235
1240 1242 1303
1221 1245 1222
1245 1233 1242
1245 1242 1241
1242 1233 1232
1242 1232 1303
1222 1245 1241
1269 1399 1398
1223 1274 1273
1223 1273 1397
1273 1263 1397
1187 1263 1202
1397 1263 1218
1220 1217 1221
1219 1218 1257
1246 1249 1211
1198 1199 1275
1316 1271 1164
1216 1401 1214
1263 1186 1276
1206 1271 1198
1271 1316 1198
1155 1154 1306
1310 1172 1315
1174 1400 1172
1174 1173 1313
1215 1190 1216
1310 1316 1166
1164 1166 1316
1194 1316 1315
1172 1194 1315
1194 1191 1316
1191 1198 1316
1194 1262 1193
1191 1190 1198
1261 1267 1193
1264 1190 1189
1264 1189 1266
1264 1216 1190
1267 1266 1189
1267 1189 1193
1264 1266 1212
1264 1212 1211
1210 1212 1209
1402 1238 1210
1210 1183 1402
1243 1288 1299
1238 1237 1403
1238 1403 1210
1210 1403 1211
1211 1403 1246
1403 1237 1404
1255 1296 1298
1255 1298 1405
1258 1259 1406
1259 1405 1406
1237 1405 1404
1403 1404 1246
1404 1405 1259
1404 1259 1246
1405 1298 1406
1298 1297 1292
1284 1283 1282
1284 1282 1301
1258 1295 1282
1258 1282 1229
1406 1292 1295
1406 1295 1258
1298 1292 1406
1292 1297 1293
1286 1302 1303
1283 1286 1232
1283 1232 1230
1286 1303 1232
1250 1289 1288
1250 1288 1244
1237 1239 1243
1407 1239 1238
1407 1238 1402
1407 1213 1250
1407 1250 1244
1183 1213 1407
1183 1407 1402
1244 1239 1407
1244 1288 1243
1197 1269 1226
1195 1197 1192
1192 1197 1226
1192 1185 1195
1182 1192 1225
1192 1226 1225
1188 1187 1154
1272 1188 1153
1206 1188 1272
1188 1154 1153
1262 1400 1260
1400 1174 1260
1237 1255 1405
1243 1299 1255
1299 1291 1300
1256 1281 1236
1230 1233 1231
1401 1249 1248
1401 1248 1214
1231 1253 1254
1231 1254 1228
1214 1248 1254
1214 1254 1219
1221 1253 1231
1211 1401 1216
1211 1249 1401
1214 1257 1215
1276 1275 1215
1276 1215 1257
1275 1199 1215
1199 1190 1215
1198 1275 1206
1263 1276 1218
1218 1276 1257
1289 1236 1287
1289 1287 1290
1234 1236 1289
1234 1289 1250
1270 1314 1396
1202 1201 1203
1179 1178 1408
1179 1408 1409
1207 1410 1408
1207 1408 1178
1207 1168 1411
1207 1411 1410
1168 1171 1412
1168 1412 1411
1171 1156 1413
1171 1413 1412
1156 1159 1414
1156 1414 1413
1159 1205 1415
1159 1415 1414
1161 1416 1415
1161 1415 1205
1161 1160 1417
1161 1417 1416
1167 1418 1417
1167 1417 1160
1277 1419 1420
1277 1420 1311
1277 1312 1421
1277 1421 1419
1409 1421 1312
1409 1312 1179
1167 1163 1309
1277 1279 1312
1174 1176 1265
1176 1175 1270
1313 1176 1174
1176 1270 1265
1422 1423 1424
1425 1426 1427
1428 1429 1430
1431 1432 1433
1434 1435 1436
1422 1437 1423
1438 1439 1440
1441 1442 1443
1431 1444 1432
1445 1446 1447
1448 1449 1428
1450 1451 1452
1453 1454 1455
1434 1456 1435
1457 1458 1459
1460 1461 1462
1463 1464 1465
1466 1467 1468
1425 1469 1470
1422 1471 1472
1438 1473 1474
1441 1475 1476
1431 1477 1478
1445 1479 1480
1448 1481 1482
1450 1483 1484
1453 1485 1486
1434 1487 1456
1488 1423 1489
1490 1426 1491
1430 1429 1492
1493 1432 1494
1495 1435 1426
1423 1496 1440
1440 1497 1498
1443 1499 1489
1500 1501 1452
1455 1502 1503
1447 1504 1494
1447 1505 1506
1429 1507 1508
1491 1509 1510
1435 1511 1443
1488 1512 1424
1513 1514 1515
1490 1516 1427
1430 1517 1518
1493 1519 1433
1495 1520 1436
1496 1521 1522
1497 1523 1524
1499 1525 1526
1501 1527 1528
1502 1529 1503
1504 1530 1531
1505 1532 1506
1507 1533 1508
1509 1534 1510
1511 1535 1536
1488 1489 1537
1513 1498 1514
1513 1538 1500
1452 1501 1528
1452 1507 1429
1428 1430 1518
1428 1505 1447
1494 1504 1531
1493 1494 1539
1432 1502 1455
1490 1491 1540
1495 1426 1541
1443 1511 1536
1489 1499 1526
1488 1537 1512
1457 1459 1537
1457 1542 1458
1457 1526 1542
1499 1442 1525
1441 1476 1442
1441 1543 1475
1441 1536 1543
1487 1434 1544
1511 1456 1535
1434 1545 1544
1434 1436 1545
1425 1470 1541
1495 1541 1520
1425 1546 1469
1425 1427 1546
1490 1540 1516
1460 1462 1540
1460 1547 1461
1460 1510 1547
1453 1486 1454
1509 1454 1534
1453 1548 1485
1453 1503 1548
1431 1478 1444
1502 1444 1529
1431 1549 1477
1431 1433 1549
1466 1468 1539
1493 1539 1519
1466 1550 1467
1466 1531 1550
1445 1480 1446
1504 1446 1530
1445 1551 1479
1445 1506 1551
1448 1482 1449
1505 1449 1532
1448 1552 1481
1448 1518 1552
1463 1465 1492
1430 1492 1517
1463 1553 1464
1463 1508 1553
1450 1484 1451
1507 1451 1533
1450 1554 1483
1450 1528 1554
1500 1555 1556
1557 1555 1558
1501 1556 1527
1559 1560 1538
1561 1562 1563
1513 1562 1564
1565 1514 1566
1555 1557 1556
1555 1567 1558
1555 1560 1567
1538 1560 1500
1538 1564 1559
1562 1561 1564
1562 1568 1563
1562 1515 1568
1515 1514 1565
1569 1570 1571
1569 1571 1566
1569 1572 1570
1569 1524 1572
1497 1524 1498
1566 1514 1498
1438 1474 1439
1497 1439 1523
1438 1573 1473
1438 1522 1573
1440 1496 1522
1422 1472 1437
1496 1437 1521
1422 1574 1471
1422 1424 1574
1423 1437 1496
1440 1522 1438
1424 1423 1488
1537 1489 1457
1489 1526 1457
1443 1442 1499
1443 1536 1441
1435 1456 1511
1541 1426 1425
1436 1435 1495
1540 1491 1460
1427 1426 1490
1455 1509 1491
1491 1510 1460
1455 1454 1509
1455 1503 1453
1432 1444 1502
1494 1531 1466
1539 1494 1466
1433 1432 1493
1447 1506 1445
1447 1446 1504
1428 1449 1505
1428 1518 1448
1492 1429 1463
1452 1451 1507
1429 1508 1463
1452 1528 1450
1500 1556 1501
1513 1564 1538
1500 1560 1555
1566 1498 1569
1513 1515 1562
1440 1439 1497
1498 1524 1569
1575 1576 1577
1575 1577 1578
1579 1580 1581
1579 1581 1582
1582 1583 1584
1582 1584 1579
1585 1586 1587
1585 1587 1588
1588 1589 1590
1588 1590 1585
1591 1592 1593
1591 1593 1594
1595 1596 1597
1595 1597 1598
1599 1577 1576
1599 1576 1600
1601 1581 1580
1601 1580 1602
1596 1584 1583
1596 1583 1597
1578 1587 1586
1578 1586 1575
1602 1590 1589
1602 1589 1601
1592 1595 1598
1592 1598 1593
1603 1604 1605
1603 1605 1606
1607 1608 1609
1607 1609 1610
1611 1612 1610
1611 1610 1609
1613 1614 1615
1613 1615 1616
1617 1618 1616
1617 1616 1615
1619 1620 1621
1619 1621 1622
1623 1624 1625
1623 1625 1626
1604 1603 1627
1604 1627 1628
1608 1607 1629
1608 1629 1630
1612 1611 1624
1612 1624 1623
1614 1613 1606
1614 1606 1605
1618 1617 1630
1618 1630 1629
1626 1625 1621
1626 1621 1620
1631 1632 1633
1631 1633 1634
1634 1635 1636
1634 1636 1631
1637 1638 1639
1637 1639 1640
1641 1642 1643
1641 1643 1644
1645 1646 1647
1645 1647 1648
1645 1648 1649
1645 1649 1650
1641 1651 1652
1641 1652 1642
1653 1654 1655
1653 1655 1656
1657 1658 1659
1657 1659 1660
1657 1660 1661
1657 1661 1662
1653 1663 1664
1653 1664 1654
1665 1666 1667
1665 1667 1668
1669 1670 1671
1669 1671 1672
1673 1674 1675
1673 1675 1676
1638 1677 1678
1638 1678 1639
1679 1680 1647
1679 1647 1646
1681 1644 1643
1681 1643 1682
1669 1672 1652
1669 1652 1651
1673 1650 1649
1673 1649 1674
1637 1640 1659
1637 1659 1658
1635 1656 1655
1635 1655 1636
1681 1682 1664
1681 1664 1663
1679 1662 1661
1679 1661 1680
1683 1684 1671
1683 1671 1670
1665 1676 1675
1665 1675 1666
1683 1685 1686
1683 1686 1684
1687 1688 1689
1687 1689 1690
1691 1692 1693
1691 1693 1694
1692 1691 1695
1692 1695 1696
1697 1698 1699
1697 1699 1700
1698 1697 1701
1698 1701 1702
1703 1704 1705
1703 1705 1706
1707 1708 1709
1707 1709 1710
1711 1712 1690
1711 1690 1689
1713 1714 1694
1713 1694 1693
1710 1709 1696
1710 1696 1695
1688 1687 1700
1688 1700 1699
1714 1713 1702
1714 1702 1701
1706 1705 1708
1706 1708 1707
1715 1716 1717
1715 1717 1718
1719 1720 1721
1719 1721 1722
1723 1721 1720
1723 1720 1724
1725 1726 1727
1725 1727 1728
1729 1727 1726
1729 1726 1730
1731 1732 1733
1731 1733 1734
1735 1736 1737
1735 1737 1738
1718 1739 1740
1718 1740 1715
1722 1741 1742
1722 1742 1719
1724 1735 1738
1724 1738 1723
1728 1717 1716
1728 1716 1725
1730 1742 1741
1730 1741 1729
1736 1734 1733
1736 1733 1737
1743 1744 1745
1743 1745 1746
1744 1743 1747
1744 1747 1748
1749 1750 1751
1749 1751 1752
1753 1754 1755
1753 1755 1756
1757 1758 1759
1757 1759 1760
1757 1761 1762
1757 1762 1758
1753 1756 1763
1753 1763 1764
1765 1766 1767
1765 1767 1768
1769 1770 1771
1769 1771 1772
1769 1773 1774
1769 1774 1770
1765 1768 1775
1765 1775 1776
1777 1778 1779
1777 1779 1780
1781 1782 1783
1781 1783 1784
1785 1786 1787
1785 1787 1788
1752 1751 1789
1752 1789 1790
1791 1760 1759
1791 1759 1792
1793 1794 1755
1793 1755 1754
1781 1764 1763
1781 1763 1782
1785 1788 1762
1785 1762 1761
1749 1772 1771
1749 1771 1750
1748 1747 1767
1748 1767 1766
1793 1776 1775
1793 1775 1794
1791 1792 1774
1791 1774 1773
1795 1784 1783
1795 1783 1796
1777 1780 1787
1777 1787 1786
1795 1796 1797
1795 1797 1798
1799 1800 1801
1799 1801 1802
1803 1804 1805
1803 1805 1806
1807 1808 1809
1807 1809 1810
1811 1812 1813
1811 1813 1814
1815 1816 1817
1815 1817 1818
1819 1820 1821
1819 1821 1822
1823 1824 1825
1823 1825 1826
1827 1828 1829
1827 1829 1830
1831 1832 1833
1831 1833 1834
1835 1836 1837
1835 1837 1838
1821 1820 1802
1821 1802 1801
1825 1824 1806
1825 1806 1805
1829 1828 1810
1829 1810 1809
1833 1832 1813
1833 1813 1812
1839 1840 1841
1839 1841 1842
1843 1844 1845
1843 1845 1846
1847 1839 1842
1847 1842 1848
1849 1850 1851
1849 1851 1852
1853 1854 1855
1843 1856 1857
1843 1857 1844
1858 1859 1860
1858 1860 1861
1845 1862 1863
1845 1863 1846
1864 1865 1866
1864 1866 1867
1868 1869 1865
1868 1865 1864
1867 1866 1870
1867 1870 1871
1872 1873 1874
1872 1874 1875
1849 1852 1874
1849 1874 1873
1876 1877 1871
1876 1871 1870
1878 1841 1840
1878 1840 1879
1880 1881 1882
1880 1882 1883
1884 1860 1859
1884 1859 1885
1869 1868 1863
1869 1863 1862
1881 1880 1884
1881 1884 1885
1858 1861 1886
1882 1847 1848
1882 1848 1883
1878 1879 1857
1878 1857 1856
1876 1872 1875
1876 1875 1877
1850 1855 1854
1850 1854 1851
1887 1888 1889
1887 1889 1890
1891 1892 1893
1891 1893 1894
1895 1896 1897
1895 1897 1898
1899 1900 1901
1899 1901 1902
1903 1904 1905
1903 1905 1906
1907 1908 1909
1896 1910 1899
1896 1899 1897
1911 1912 1913
1911 1913 1914
1898 1897 1915
1898 1915 1916
1917 1898 1916
1917 1916 1918
1919 1920 1921
1922 1923 1924
1925 1890 1889
1925 1889 1926
1927 1928 1929
1927 1929 1930
1931 1932 1933
1931 1933 1934
1935 1889 1936
1937 1938 1939
1940 1901 1941
1942 1943 1944
1945 1924 1946
1945 1946 1947
1905 1948 1949
1905 1949 1906
1948 1950 1951
1948 1951 1949
1952 1953 1954
1952 1954 1955
1911 1956 1957
1911 1957 1912
1958 1959 1929
1958 1929 1928
1960 1961 1962
1960 1962 1963
1964 1965 1966
1964 1966 1967
1963 1962 1964
1963 1964 1967
1968 1962 1961
1968 1961 1969
1970 1971 1972
1970 1972 1973
1974 1975 1976
1974 1976 1977
1978 1973 1979
1978 1979 1980
1974 1970 1981
1974 1981 1982
1983 1975 1984
1983 1984 1985
1937 1906 1986
1932 1987 1988
1932 1988 1933
1989 1990 1991
1992 1993 1932
1992 1932 1931
1994 1995 1996
1994 1996 1997
1998 1929 1959
1998 1959 1999
2000 2001 2002
2000 2002 2003
2004 2005 2002
2004 2002 2001
2006 2007 2008
2006 2008 2009
2010 1910 1896
2010 1896 2011
1912 1957 2010
1912 2010 2011
1903 2012 1904
2013 2014 1988
2013 1988 1987
1960 2015 1940
1960 1940 1941
2016 2017 2018
2015 2018 1940
1935 1961 1960
1935 1960 1941
1943 1942 2019
2020 2021 1925
2020 1925 2022
1896 1895 2023
1897 1899 1902
1897 1902 1915
1899 1910 2024
1899 2024 1900
2025 2026 2027
1900 2022 2028
1900 2028 1901
2007 1927 1930
2007 1930 2008
2020 2008 1930
2020 1930 2021
2022 1925 1926
2022 1926 2028
1919 1922 1893
1919 1893 1892
1894 1893 1924
1894 1924 2029
2030 2031 1945
2030 1945 1947
2032 2033 2034
2032 2034 2035
2036 2037 2038
2036 2038 2039
1986 2040 2041
1986 2041 1938
2041 1894 2029
2041 2029 1938
2042 2043 1937
2042 1937 1939
2044 1917 2045
2046 1917 1918
2046 1918 2047
1952 2048 2049
1952 2049 1953
1920 1953 2049
1920 2049 2045
1919 1954 1953
1919 1953 1920
2050 2049 2048
2050 2048 2051
2044 2052 1895
2053 2054 2032
2030 2055 2056
2030 2056 2035
2032 2035 2053
2043 2057 2058
1931 1995 1991
1931 1991 1992
1995 1931 1934
1995 1934 1996
1934 1933 2059
1934 2059 2058
2059 1933 1988
2059 1988 2012
2012 1988 2014
2012 2014 2060
1997 1996 2057
1996 1934 2058
1996 2058 2057
2032 1989 2033
2061 2062 2063
2061 2063 2064
2064 2063 2065
2064 2065 2066
2064 2066 2067
2064 2067 2068
2042 1939 2034
2033 2042 2034
2034 1939 2031
2069 2070 1990
2069 1990 1989
2071 2002 2072
2073 2002 2071
1901 1940 1902
1935 1941 1926
1973 1978 1981
1973 1981 1970
2074 2075 1965
2074 1965 1964
1967 1966 2076
1966 2077 2078
2015 1963 2016
1974 1977 1971
1974 1971 1970
1975 1974 1982
1975 1982 1984
1966 1965 2079
1923 1922 2080
2017 2016 1942
2081 2082 2055
2002 2073 2003
2003 2073 2083
2019 2084 1909
2085 1908 1907
2085 1907 2071
1940 2018 1902
2004 2070 2069
2004 2069 2005
1936 1969 1961
1936 1961 1935
2003 2083 2000
2083 1909 2076
2056 2086 2085
2056 2085 2087
2082 1943 2019
2082 2019 2086
2086 2019 1908
2086 1908 2085
1907 2073 2071
2073 1909 2083
2087 2085 2071
2081 2088 2080
2081 2080 2089
2088 2081 2055
1923 2055 1947
2082 2086 2056
2053 2056 2087
1944 1943 2082
1944 2082 2081
1947 2055 2030
2031 2030 2035
2031 2035 2034
1963 2015 1960
1986 1949 1951
1986 1951 2040
2090 1955 1954
2090 1954 2091
1919 2092 2091
1919 2091 1954
2093 2094 2095
2093 2095 2096
2095 2097 2096
2098 2099 2100
2098 2100 2101
2100 2099 2102
2043 1903 1906
2043 1906 1937
2043 2059 1903
1937 1986 1938
2043 2042 2057
2103 1891 1894
2103 1894 2041
2104 2105 2093
2104 2093 2096
2101 2100 2039
2101 2039 2038
2040 2106 2103
2040 2103 2041
2107 2108 2109
2107 2109 2110
2111 2112 2107
2111 2107 2110
2050 2051 2113
2050 2113 2114
2115 2006 2116
2117 2093 2105
2105 2099 2098
2093 2117 2094
2110 2109 2037
2110 2037 2036
2118 2119 2103
2118 2103 2106
2111 2118 2106
2111 2106 2120
2036 2039 2119
2036 2119 2118
2092 1919 1892
2092 1892 2121
1892 1891 2122
1892 2122 2121
1891 2123 2122
2118 2111 2110
2118 2110 2036
2124 2104 2096
2092 2095 2091
2121 2097 2095
2121 2095 2092
2102 2104 2124
2102 2124 2122
2097 2121 2122
2097 2122 2124
2099 2105 2104
2099 2104 2102
2091 2094 2090
2125 1914 1913
2125 1913 2126
2125 2126 2127
2128 2129 2023
2128 2023 2052
2128 2052 2130
2128 2130 2131
2023 2129 2127
2023 2127 2126
2132 2133 2134
2132 2134 2135
2127 2129 2136
2136 2129 2128
2136 2128 2131
1913 1912 2011
1913 2011 2126
2131 2134 2133
2131 2133 2136
2044 2130 2052
2050 2114 2130
2011 2023 2126
2135 2134 2114
2135 2114 2113
2134 2131 2130
2134 2130 2114
1914 2125 2132
2127 2136 2133
2127 2133 2125
1890 1998 1999
1890 1999 1887
1910 2010 2137
1910 2137 2138
2139 2140 2138
2139 2138 2141
2024 1910 2140
2024 2020 2022
2020 2142 2008
2142 2143 2116
2142 2116 2009
2144 2145 2025
2144 2025 2146
2139 2147 2140
2139 2143 2142
2139 2142 2147
1956 2027 2026
1956 2026 1957
1957 2026 2137
1957 2137 2010
2024 2140 2147
2142 2020 2024
1930 1929 1998
1930 1998 2021
2143 2144 2146
2143 2146 2116
2145 2144 2139
2145 2139 2141
2026 2025 2137
2138 2137 2145
2138 2145 2141
1889 1935 1926
2050 2044 2045
2050 2045 2049
2148 2149 2150
2149 2064 2068
2149 2151 2150
1962 1968 2074
1962 2074 1964
1973 1972 2152
1973 2152 1979
2112 2111 2120
2112 2120 2153
2154 2155 2156
2157 2156 2155
2158 2159 2155
2160 2161 2159
2161 2157 2155
2162 2163 2164
2162 2164 2165
2166 2167 2168
2169 2168 2170
2169 2170 2171
2166 2172 2173
2166 2173 2167
2174 2175 2163
2174 2163 2162
2171 2170 2174
2158 2176 2159
2177 2178 2179
2180 2177 2179
2177 2148 2181
2177 2181 2178
2182 2177 2183
2184 2182 2183
2033 1997 2042
1997 2033 1994
2185 2186 2187
2185 2187 2188
2189 2190 2186
2189 2186 2185
2191 2192 2190
2191 2190 2189
2193 2194 2195
2193 2195 2196
2197 2198 2199
2197 2200 2198
1916 2017 1942
1916 1942 1918
2120 2106 2040
2120 2040 1951
2119 2039 2100
2119 2100 2123
2120 1951 1950
2120 1950 2153
2029 1924 1945
1915 2018 2017
1915 2017 1916
1947 1946 1923
2033 1989 1994
1944 2089 2047
1944 2081 2089
1945 2031 1939
1945 1939 2029
2088 2055 1923
2201 2089 2080
2201 2080 1921
2201 2046 2047
2201 2047 2089
1923 2080 2088
2080 1922 1921
1922 1924 1893
1924 1923 1946
2082 2056 2055
2032 2054 1989
1989 2054 2069
2071 2072 2087
2069 2054 2072
2069 2072 2005
2053 2035 2056
2019 1942 2084
2021 1998 1890
2021 1890 1925
1921 1920 2201
2045 2046 2201
2050 2130 2044
2124 2096 2097
2122 2123 2102
2100 2102 2123
2103 2119 2123
2103 2123 1891
2091 2095 2094
2201 1920 2045
1918 1944 2047
1919 1921 1922
1895 2052 2023
2044 1895 1917
1896 2023 2011
2132 2125 2133
2094 2117 2090
2117 2105 2098
1917 1895 1898
2045 1917 2046
2140 1910 2138
2077 2079 2202
1966 2079 2077
2160 2176 2203
2159 2176 2160
2158 2155 2154
2161 2155 2159
2204 2170 2168
2204 2168 2205
2174 2170 2175
2175 2170 2204
2166 2168 2169
2168 2167 2205
1942 2016 2084
2000 2076 2206
1983 2207 1976
1983 1976 1975
2206 2076 2078
2208 2209 2210
2148 2208 2181
2137 2025 2145
1936 1889 1888
1926 1941 2028
2016 2018 2015
1941 1901 2028
1902 2018 1915
2116 2006 2009
2025 2027 2115
2115 2116 2146
2025 2115 2146
2142 2024 2147
2016 1963 1967
1967 2084 2016
1966 2078 2076
2019 1909 1908
2000 2083 2076
1967 2076 1909
2084 1967 1909
2211 2013 1987
2211 1987 2212
1987 1932 1993
1987 1993 2212
2072 2002 2005
1907 1909 2073
1942 1944 1918
2148 2150 2208
2183 2177 2180
2182 2213 2148
2149 2213 2061
2149 2061 2064
2149 2068 2151
2148 2213 2149
2182 2148 2177
2043 2058 2059
1989 1995 1994
1989 1991 1995
2208 2150 2209
2139 2144 2143
2024 2022 1900
2008 2142 2009
1903 2059 2012
1986 1906 1949
2057 2042 1997
1939 1938 2029
1904 2012 2060
2214 2215 2216
2214 2216 2217
2218 2219 2220
2218 2220 2221
2222 2223 2224
2222 2224 2225
2226 2227 2228
2226 2228 2229
2230 2231 2232
2230 2232 2233
2234 2235 2236
2225 2224 2226
2225 2226 2237
2238 2239 2240
2238 2240 2241
2223 2242 2243
2223 2243 2224
2244 2245 2242
2244 2242 2223
2246 2247 2248
2249 2250 2251
2252 2253 2216
2252 2216 2215
2254 2255 2256
2254 2256 2257
2258 2259 2260
2258 2260 2261
2262 2263 2216
2264 2265 2266
2267 2268 2228
2269 2270 2271
2272 2273 2274
2272 2274 2250
2232 2231 2275
2232 2275 2276
2276 2275 2277
2276 2277 2278
2279 2280 2281
2279 2281 2282
2238 2241 2283
2238 2283 2284
2285 2257 2256
2285 2256 2286
2287 2288 2289
2287 2289 2290
2291 2292 2293
2291 2293 2294
2288 2292 2291
2288 2291 2289
2295 2296 2290
2295 2290 2289
2297 2298 2299
2297 2299 2300
2301 2302 2303
2301 2303 2304
2305 2306 2307
2305 2307 2298
2301 2308 2309
2301 2309 2297
2310 2311 2312
2310 2312 2304
2264 2313 2231
2261 2260 2314
2261 2314 2315
2316 2317 2318
2319 2258 2261
2319 2261 2320
2321 2322 2323
2321 2323 2324
2325 2326 2286
2325 2286 2256
2327 2328 2329
2327 2329 2330
2331 2330 2329
2331 2329 2332
2333 2334 2335
2333 2335 2336
2337 2338 2225
2337 2225 2237
2241 2338 2337
2241 2337 2283
2230 2233 2339
2340 2315 2314
2340 2314 2341
2287 2268 2267
2287 2267 2342
2343 2344 2345
2342 2267 2344
2262 2268 2287
2262 2287 2290
2271 2346 2269
2347 2348 2252
2347 2252 2349
2225 2350 2222
2224 2243 2227
2224 2227 2226
2226 2229 2351
2226 2351 2237
2352 2353 2354
2229 2228 2355
2229 2355 2348
2336 2335 2255
2336 2255 2254
2347 2349 2255
2347 2255 2335
2348 2355 2253
2348 2253 2252
2246 2221 2220
2246 2220 2249
2219 2356 2250
2219 2250 2220
2357 2273 2272
2357 2272 2358
2359 2360 2361
2359 2361 2362
2363 2364 2365
2363 2365 2366
2313 2266 2367
2313 2367 2368
2367 2266 2356
2367 2356 2219
2369 2265 2264
2369 2264 2370
2371 2372 2244
2373 2374 2245
2373 2245 2244
2279 2282 2375
2279 2375 2376
2248 2372 2375
2248 2375 2282
2246 2248 2282
2246 2282 2281
2377 2378 2376
2377 2376 2375
2371 2222 2379
2380 2359 2381
2357 2360 2382
2357 2382 2383
2359 2380 2360
2370 2384 2385
2258 2319 2317
2258 2317 2324
2324 2323 2259
2324 2259 2258
2259 2384 2386
2259 2386 2260
2386 2339 2314
2386 2314 2260
2339 2387 2341
2339 2341 2314
2322 2385 2323
2323 2385 2384
2323 2384 2259
2359 2362 2316
2388 2389 2390
2388 2390 2391
2389 2392 2390
2389 2393 2392
2389 2394 2393
2389 2395 2394
2369 2361 2265
2362 2361 2369
2361 2358 2265
2396 2316 2318
2396 2318 2397
2398 2399 2329
2400 2398 2329
2228 2227 2267
2262 2253 2268
2298 2297 2309
2298 2309 2305
2401 2291 2294
2401 2294 2402
2292 2403 2293
2293 2404 2405
2342 2343 2288
2301 2297 2300
2301 2300 2302
2304 2312 2308
2304 2308 2301
2293 2406 2294
2251 2407 2249
2345 2269 2343
2408 2383 2409
2329 2328 2400
2328 2410 2400
2346 2235 2411
2412 2398 2234
2412 2234 2236
2267 2227 2344
2331 2332 2396
2331 2396 2397
2263 2262 2290
2263 2290 2296
2328 2327 2410
2410 2403 2235
2382 2413 2412
2382 2412 2414
2409 2414 2346
2409 2346 2271
2414 2412 2236
2414 2236 2346
2234 2398 2400
2400 2410 2235
2413 2398 2412
2408 2415 2407
2408 2407 2416
2416 2383 2408
2251 2273 2383
2409 2382 2414
2380 2413 2382
2270 2408 2409
2270 2409 2271
2273 2357 2383
2358 2361 2360
2358 2360 2357
2288 2287 2342
2313 2368 2277
2313 2277 2275
2417 2418 2281
2417 2281 2280
2246 2281 2418
2246 2418 2419
2420 2421 2422
2420 2422 2423
2422 2421 2424
2425 2426 2427
2425 2427 2428
2427 2429 2428
2370 2264 2231
2370 2231 2230
2370 2230 2386
2264 2266 2313
2370 2385 2369
2430 2367 2219
2430 2219 2218
2431 2421 2420
2431 2420 2432
2426 2365 2364
2426 2364 2427
2368 2367 2430
2368 2430 2433
2434 2435 2436
2434 2436 2437
2438 2435 2434
2438 2434 2439
2377 2440 2441
2377 2441 2378
2442 2443 2333
2444 2432 2420
2432 2425 2428
2420 2423 2444
2435 2363 2366
2435 2366 2436
2445 2433 2430
2445 2430 2446
2438 2447 2433
2438 2433 2445
2363 2445 2446
2363 2446 2364
2419 2448 2221
2419 2221 2246
2221 2448 2449
2221 2449 2218
2218 2449 2450
2445 2363 2435
2445 2435 2438
2451 2421 2431
2419 2418 2422
2448 2419 2422
2448 2422 2424
2429 2449 2451
2429 2451 2431
2424 2451 2449
2424 2449 2448
2428 2429 2431
2428 2431 2432
2418 2417 2423
2452 2240 2239
2452 2453 2454
2452 2454 2240
2455 2379 2350
2455 2350 2456
2455 2457 2458
2455 2458 2379
2350 2454 2453
2350 2453 2456
2459 2460 2461
2459 2461 2462
2453 2463 2456
2463 2457 2455
2463 2455 2456
2240 2454 2338
2240 2338 2241
2457 2463 2462
2457 2462 2461
2371 2379 2458
2377 2458 2440
2338 2454 2350
2460 2441 2440
2460 2440 2461
2461 2440 2458
2461 2458 2457
2239 2459 2452
2453 2452 2462
2453 2462 2463
2215 2214 2326
2215 2326 2325
2237 2464 2465
2237 2465 2337
2466 2467 2464
2466 2464 2468
2351 2468 2237
2351 2348 2347
2347 2335 2469
2469 2334 2443
2469 2443 2470
2471 2472 2352
2471 2352 2473
2466 2468 2474
2466 2474 2469
2466 2469 2470
2284 2283 2354
2284 2354 2353
2283 2337 2465
2283 2465 2354
2351 2474 2468
2469 2351 2347
2255 2349 2325
2255 2325 2256
2470 2443 2472
2470 2472 2471
2473 2467 2466
2473 2466 2471
2354 2465 2352
2464 2467 2473
2464 2473 2465
2216 2253 2262
2377 2375 2372
2377 2372 2371
2475 2476 2477
2477 2395 2389
2477 2476 2478
2289 2291 2401
2289 2401 2295
2298 2307 2479
2298 2479 2299
2439 2480 2447
2439 2447 2438
2481 2482 2483
2484 2483 2482
2485 2483 2486
2487 2486 2488
2488 2483 2484
2489 2490 2491
2489 2491 2492
2493 2494 2495
2496 2497 2498
2496 2498 2494
2493 2495 2499
2493 2499 2500
2501 2489 2492
2501 2492 2502
2497 2501 2498
2485 2486 2503
2504 2505 2506
2507 2505 2504
2504 2506 2508
2504 2508 2475
2509 2510 2504
2511 2510 2509
2362 2369 2322
2322 2321 2362
2512 2513 2514
2512 2514 2515
2516 2512 2515
2516 2515 2517
2518 2516 2517
2518 2517 2519
2520 2521 2522
2520 2523 2521
2524 2525 2526
2524 2526 2527
2242 2245 2269
2242 2269 2345
2447 2277 2368
2447 2368 2433
2446 2450 2427
2446 2427 2364
2447 2480 2278
2447 2278 2277
2356 2272 2250
2243 2242 2345
2243 2345 2344
2273 2251 2274
2362 2321 2316
2270 2374 2415
2270 2415 2408
2272 2356 2265
2272 2265 2358
2416 2251 2383
2528 2247 2407
2528 2407 2415
2528 2415 2374
2528 2374 2373
2251 2416 2407
2407 2247 2249
2249 2220 2250
2250 2274 2251
2409 2383 2382
2359 2316 2381
2316 2396 2381
2398 2413 2399
2396 2332 2399
2396 2399 2381
2380 2382 2360
2346 2411 2269
2349 2252 2215
2349 2215 2325
2247 2528 2248
2372 2528 2373
2377 2371 2458
2451 2424 2421
2449 2429 2450
2427 2450 2429
2430 2218 2450
2430 2450 2446
2418 2423 2422
2528 2372 2248
2245 2374 2270
2246 2249 2247
2222 2350 2379
2371 2244 2222
2225 2338 2350
2459 2462 2452
2423 2417 2444
2444 2425 2432
2244 2223 2222
2372 2373 2244
2468 2464 2237
2405 2529 2406
2293 2405 2406
2487 2530 2503
2486 2487 2503
2485 2481 2483
2488 2486 2483
2531 2532 2494
2531 2494 2498
2501 2502 2498
2502 2531 2498
2493 2496 2494
2494 2532 2495
2269 2411 2343
2327 2533 2403
2310 2304 2303
2310 2303 2534
2533 2404 2403
2535 2536 2537
2475 2508 2535
2465 2473 2352
2263 2217 2216
2253 2355 2268
2343 2342 2344
2268 2355 2228
2227 2243 2344
2443 2334 2333
2352 2442 2353
2442 2472 2443
2352 2472 2442
2469 2474 2351
2343 2292 2288
2292 2343 2411
2293 2403 2404
2346 2236 2235
2327 2403 2410
2292 2235 2403
2411 2235 2292
2538 2539 2315
2538 2315 2340
2315 2539 2320
2315 2320 2261
2399 2332 2329
2234 2400 2235
2269 2245 2270
2475 2535 2476
2510 2507 2504
2509 2475 2540
2477 2389 2388
2477 2388 2540
2477 2478 2395
2475 2477 2540
2509 2504 2475
2370 2386 2384
2316 2321 2324
2316 2324 2317
2535 2537 2476
2466 2470 2471
2351 2229 2348
2335 2334 2469
2230 2339 2386
2313 2275 2231
2385 2322 2369
2265 2356 2266
2233 2387 2339
2541 2542 2543
2541 2543 2544
2545 2546 2547
2545 2547 2548
2549 2550 2548
2549 2548 2547
2545 2551 2552
2545 2552 2546
2551 2553 2554
2551 2554 2552
2553 2555 2556
2553 2556 2554
2557 2558 2559
2557 2559 2560
2561 2562 2563
2561 2563 2564
2563 2562 2565
2563 2565 2566
2561 2564 2567
2561 2567 2568
2568 2567 2569
2568 2569 2570
2570 2569 2571
2570 2571 2572
2573 2574 2542
2573 2542 2541
2546 2575 2576
2546 2576 2547
2577 2549 2547
2577 2547 2576
2578 2575 2546
2578 2546 2552
2579 2578 2552
2579 2552 2554
2580 2579 2554
2580 2554 2556
2581 2582 2559
2581 2559 2571
2583 2584 2564
2583 2564 2563
2566 2585 2586
2566 2586 2587
2567 2564 2584
2567 2584 2588
2567 2588 2589
2567 2589 2569
2569 2589 2581
2569 2581 2571
2590 2591 2592
2590 2592 2593
2594 2595 2596
2594 2596 2597
2598 2594 2597
2598 2597 2599
2600 2598 2599
2600 2599 2601
2602 2603 2600
2602 2600 2601
2604 2605 2603
2604 2603 2602
2606 2607 2605
2606 2605 2604
2608 2607 2606
2608 2606 2609
2610 2611 2612
2610 2612 2613
2614 2610 2613
2614 2613 2615
2616 2617 2614
2616 2614 2615
2618 2619 2617
2618 2617 2616
2620 2621 2619
2620 2619 2618
2592 2591 2621
2592 2621 2620
2572 2571 2559
2572 2559 2558
2582 2622 2560
2582 2560 2559
2596 2595 2623
2596 2623 2624
2625 2626 2627
2625 2627 2628
2629 2630 2631
2629 2631 2627
2626 2632 2629
2626 2629 2627
2633 2634 2635
2633 2635 2636
2637 2634 2633
2637 2633 2638
2639 2640 2631
2639 2631 2641
2631 2630 2642
2631 2642 2641
2635 2643 2644
2635 2644 2636
2628 2627 2631
2628 2631 2640
2645 2646 2647
2648 2649 2650
2648 2650 2651
2649 2652 2653
2649 2653 2650
2654 2655 2656
2654 2656 2657
2658 2659 2651
2658 2651 2650
2653 2660 2658
2653 2658 2650
2656 2661 2662
2656 2662 2657
2663 2664 2665
2666 2667 2550
2666 2550 2549
2549 2577 2668
2549 2668 2666
2612 2611 2669
2612 2669 2670
2565 2671 2585
2565 2585 2566
2587 2583 2563
2587 2563 2566
2543 2542 2556
2543 2556 2555
2574 2580 2556
2574 2556 2542
2672 2641 2673
2672 2673 2674
2675 2676 2641
2675 2641 2672
2677 2678 2679
2677 2679 2680
2681 2658 2682
2681 2682 2683
2684 2685 2658
2684 2658 2681
2686 2687 2688
2686 2688 2689
2641 2642 2673
2639 2641 2676
2644 2643 2679
2644 2679 2678
2658 2660 2682
2659 2658 2685
2687 2662 2661
2687 2661 2688
2690 2691 2692
2690 2692 2693
2694 2690 2695
2696 2697 2698
2695 2699 2700
2701 2697 2699
2701 2693 2698
2701 2699 2695
2699 2697 2702
2699 2702 2703
2698 2693 2696
2698 2697 2701
2690 2693 2701
2696 2704 2697
2705 2706 2707
2705 2707 2708
2705 2708 2709
2705 2709 2710
2711 2707 2706
2711 2706 2712
2695 2690 2701
2696 2693 2713
2714 2715 2716
2714 2716 2717
2717 2716 2718
2719 2720 2721
2719 2721 2722
2723 2724 2725
2723 2725 2726
2724 2723 2727
2724 2727 2728
2729 2730 2731
2729 2731 2732
2730 2729 2733
2730 2733 2734
2735 2736 2737
2735 2737 2738
2739 2740 2741
2739 2741 2742
2743 2744 2722
2743 2722 2721
2745 2746 2726
2745 2726 2725
2742 2741 2728
2742 2728 2727
2720 2719 2732
2720 2732 2731
2746 2745 2734
2746 2734 2733
2738 2737 2740
2738 2740 2739
2747 2748 2749
2747 2749 2750
2751 2752 2753
2751 2753 2754
2755 2753 2752
2755 2752 2756
2757 2758 2759
2757 2759 2760
2761 2759 2758
2761 2758 2762
2763 2764 2765
2763 2765 2766
2767 2768 2769
2767 2769 2770
2750 2771 2772
2750 2772 2747
2754 2773 2774
2754 2774 2751
2756 2767 2770
2756 2770 2755
2760 2749 2748
2760 2748 2757
2762 2774 2773
2762 2773 2761
2768 2766 2765
2768 2765 2769
2775 2776 2777
2775 2777 2778
2776 2775 2779
2776 2779 2780
2781 2782 2783
2781 2783 2784
2785 2786 2787
2785 2787 2788
2789 2790 2791
2789 2791 2792
2789 2793 2794
2789 2794 2790
2785 2788 2795
2785 2795 2796
2797 2798 2799
2797 2799 2800
2801 2802 2803
2801 2803 2804
2801 2805 2806
2801 2806 2802
2797 2800 2807
2797 2807 2808
2809 2810 2811
2809 2811 2812
2813 2814 2815
2813 2815 2816
2817 2818 2819
2817 2819 2820
2784 2783 2821
2784 2821 2822
2823 2792 2791
2823 2791 2824
2825 2826 2787
2825 2787 2786
2813 2796 2795
2813 2795 2814
2817 2820 2794
2817 2794 2793
2781 2804 2803
2781 2803 2782
2780 2779 2799
2780 2799 2798
2825 2808 2807
2825 2807 2826
2823 2824 2806
2823 2806 2805
2827 2816 2815
2827 2815 2828
2809 2812 2819
2809 2819 2818
2827 2828 2829
2827 2829 2830
2831 2832 2833
2831 2833 2834
2835 2836 2837
2835 2837 2838
2838 2839 2840
2838 2840 2835
2841 2842 2843
2841 2843 2844
2844 2845 2846
2844 2846 2841
2847 2848 2849
2847 2849 2850
2851 2852 2853
2851 2853 2854
2855 2833 2832
2855 2832 2856
2857 2837 2836
2857 2836 2858
2852 2840 2839
2852 2839 2853
2834 2843 2842
2834 2842 2831
2858 2846 2845
2858 2845 2857
2848 2851 2854
2848 2854 2849
2859 2860 2861
2859 2861 2862
2863 2864 2865
2863 2865 2866
2867 2868 2866
2867 2866 2865
2869 2870 2871
2869 2871 2872
2873 2874 2872
2873 2872 2871
2875 2876 2877
2875 2877 2878
2879 2880 2881
2879 2881 2882
2860 2859 2883
2860 2883 2884
2864 2863 2885
2864 2885 2886
2868 2867 2880
2868 2880 2879
2870 2869 2862
2870 2862 2861
2874 2873 2886
2874 2886 2885
2882 2881 2877
2882 2877 2876
2887 2888 2889
2887 2889 2890
2890 2891 2892
2890 2892 2887
2893 2894 2895
2893 2895 2896
2897 2898 2899
2897 2899 2900
2901 2902 2903
2901 2903 2904
2901 2904 2905
2901 2905 2906
2897 2907 2908
2897 2908 2898
2909 2910 2911
2909 2911 2912
2913 2914 2915
2913 2915 2916
2913 2916 2917
2913 2917 2918
2909 2919 2920
2909 2920 2910
2921 2922 2923
2921 2923 2924
2925 2926 2927
2925 2927 2928
2929 2930 2931
2929 2931 2932
2894 2933 2934
2894 2934 2895
2935 2936 2903
2935 2903 2902
2937 2900 2899
2937 2899 2938
2925 2928 2908
2925 2908 2907
2929 2906 2905
2929 2905 2930
2893 2896 2915
2893 2915 2914
2891 2912 2911
2891 2911 2892
2937 2938 2920
2937 2920 2919
2935 2918 2917
2935 2917 2936
2939 2940 2927
2939 2927 2926
2921 2932 2931
2921 2931 2922
2939 2941 2942
2939 2942 2940
2943 2944 2945
2943 2945 2946
2947 2948 2949
2947 2949 2950
2951 2952 2953
2951 2953 2954
2955 2956 2957
2955 2957 2958
2959 2960 2961
2959 2961 2962
2963 2964 2965
2963 2965 2966
2967 2968 2969
2967 2969 2970
2971 2972 2973
2971 2973 2974
2975 2976 2977
2975 2977 2978
2979 2980 2981
2979 2981 2982
2965 2945 2944
2965 2944 2966
2969 2949 2948
2969 2948 2970
2973 2953 2952
2973 2952 2974
2977 2958 2957
2977 2957 2978
2983 2984 2985
2983 2985 2986
2987 2988 2989
2987 2989 2990
2991 2992 2984
2991 2984 2983
2993 2994 2995
2993 2995 2996
2997 2998 2999
2987 2990 3000
2987 3000 3001
3002 3003 3004
3002 3004 3005
2989 2988 3006
2989 3006 3007
3008 3009 3010
3008 3010 3011
3012 3008 3011
3012 3011 3013
3009 3014 3015
3009 3015 3010
3016 3017 3018
3016 3018 3019
2993 3019 3018
2993 3018 2994
3020 3015 3014
3020 3014 3021
3022 3023 2986
3022 2986 2985
3024 3025 3026
3024 3026 3027
3028 3029 3005
3028 3005 3004
3013 3007 3006
3013 3006 3012
3027 3029 3028
3027 3028 3024
3002 3030 3003
3026 3025 2992
3026 2992 2991
3022 3001 3000
3022 3000 3023
3020 3021 3017
3020 3017 3016
2996 2995 2999
2996 2999 2998
3031 3032 3033
3031 3033 3034
3035 3036 3037
3035 3037 3038
3039 3040 3041
3039 3041 3042
3043 3044 3045
3043 3045 3046
3047 3048 3049
3047 3049 3050
3051 3052 3053
3042 3041 3043
3042 3043 3054
3055 3056 3057
3055 3057 3058
3040 3059 3060
3040 3060 3041
3061 3062 3059
3061 3059 3040
3063 3064 3065
3066 3067 3068
3069 3070 3033
3069 3033 3032
3071 3072 3073
3071 3073 3074
3075 3076 3077
3075 3077 3078
3079 3080 3033
3081 3082 3083
3084 3085 3045
3086 3087 3088
3089 3090 3091
3089 3091 3067
3049 3048 3092
3049 3092 3093
3093 3092 3094
3093 3094 3095
3096 3097 3098
3096 3098 3099
3055 3058 3100
3055 3100 3101
3102 3074 3073
3102 3073 3103
3104 3105 3106
3104 3106 3107
3108 3109 3110
3108 3110 3111
3105 3109 3108
3105 3108 3106
3112 3113 3107
3112 3107 3106
3114 3115 3116
3114 3116 3117
3118 3119 3120
3118 3120 3121
3122 3123 3124
3122 3124 3115
3118 3125 3126
3118 3126 3114
3127 3128 3129
3127 3129 3121
3081 3130 3048
3078 3077 3131
3078 3131 3132
3133 3134 3135
3136 3075 3078
3136 3078 3137
3138 3139 3140
3138 3140 3141
3142 3143 3103
3142 3103 3073
3144 3145 3146
3144 3146 3147
3148 3147 3146
3148 3146 3149
3150 3151 3152
3150 3152 3153
3154 3155 3042
3154 3042 3054
3058 3155 3154
3058 3154 3100
3047 3050 3156
3157 3132 3131
3157 3131 3158
3104 3085 3084
3104 3084 3159
3160 3161 3162
3159 3084 3161
3079 3085 3104
3079 3104 3107
3088 3163 3086
3164 3165 3069
3164 3069 3166
3042 3167 3039
3041 3060 3044
3041 3044 3043
3043 3046 3168
3043 3168 3054
3169 3170 3171
3046 3045 3172
3046 3172 3165
3153 3152 3072
3153 3072 3071
3164 3166 3072
3164 3072 3152
3165 3172 3070
3165 3070 3069
3063 3038 3037
3063 3037 3066
3036 3173 3067
3036 3067 3037
3174 3090 3089
3174 3089 3175
3176 3177 3178
3176 3178 3179
3180 3181 3182
3180 3182 3183
3130 3083 3184
3130 3184 3185
3184 3083 3173
3184 3173 3036
3186 3082 3081
3186 3081 3187
3188 3189 3061
3190 3191 3062
3190 3062 3061
3096 3099 3192
3096 3192 3193
3065 3189 3192
3065 3192 3099
3063 3065 3099
3063 3099 3098
3194 3195 3193
3194 3193 3192
3188 3039 3196
3197 3176 3198
3174 3177 3199
3174 3199 3200
3176 3197 3177
3187 3201 3202
3075 3136 3134
3075 3134 3141
3141 3140 3076
3141 3076 3075
3076 3201 3203
3076 3203 3077
3203 3156 3131
3203 3131 3077
3156 3204 3158
3156 3158 3131
3139 3202 3140
3140 3202 3201
3140 3201 3076
3176 3179 3133
3205 3206 3207
3205 3207 3208
3206 3209 3207
3206 3210 3209
3206 3211 3210
3206 3212 3211
3186 3178 3082
3179 3178 3186
3178 3175 3082
3213 3133 3135
3213 3135 3214
3215 3216 3146
3217 3215 3146
3045 3044 3084
3079 3070 3085
3115 3114 3126
3115 3126 3122
3218 3108 3111
3218 3111 3219
3109 3220 3110
3110 3221 3222
3159 3160 3105
3118 3114 3117
3118 3117 3119
3121 3129 3125
3121 3125 3118
3110 3223 3111
3068 3224 3066
3162 3086 3160
3225 3200 3226
3146 3145 3217
3145 3227 3217
3163 3052 3228
3229 3215 3051
3229 3051 3053
3084 3044 3161
3148 3149 3213
3148 3213 3214
3080 3079 3107
3080 3107 3113
3145 3144 3227
3227 3220 3052
3199 3230 3229
3199 3229 3231
3226 3231 3163
3226 3163 3088
3231 3229 3053
3231 3053 3163
3051 3215 3217
3217 3227 3052
3230 3215 3229
3225 3232 3224
3225 3224 3233
3233 3200 3225
3068 3090 3200
3226 3199 3231
3197 3230 3199
3087 3225 3226
3087 3226 3088
3090 3174 3200
3175 3178 3177
3175 3177 3174
3105 3104 3159
3130 3185 3094
3130 3094 3092
3234 3235 3098
3234 3098 3097
3063 3098 3235
3063 3235 3236
3237 3238 3239
3237 3239 3240
3239 3238 3241
3242 3243 3244
3242 3244 3245
3244 3246 3245
3187 3081 3048
3187 3048 3047
3187 3047 3203
3081 3083 3130
3187 3202 3186
3247 3184 3036
3247 3036 3035
3248 3238 3237
3248 3237 3249
3243 3182 3181
3243 3181 3244
3185 3184 3247
3185 3247 3250
3251 3252 3253
3251 3253 3254
3255 3252 3251
3255 3251 3256
3194 3257 3258
3194 3258 3195
3259 3260 3150
3261 3249 3237
3249 3242 3245
3237 3240 3261
3252 3180 3183
3252 3183 3253
3262 3250 3247
3262 3247 3263
3255 3264 3250
3255 3250 3262
3180 3262 3263
3180 3263 3181
3236 3265 3038
3236 3038 3063
3038 3265 3266
3038 3266 3035
3035 3266 3267
3262 3180 3252
3262 3252 3255
3268 3238 3248
3236 3235 3239
3265 3236 3239
3265 3239 3241
3246 3266 3268
3246 3268 3248
3241 3268 3266
3241 3266 3265
3245 3246 3248
3245 3248 3249
3235 3234 3240
3269 3057 3056
3269 3270 3271
3269 3271 3057
3272 3196 3167
3272 3167 3273
3272 3274 3275
3272 3275 3196
3167 3271 3270
3167 3270 3273
3276 3277 3278
3276 3278 3279
3270 3280 3273
3280 3274 3272
3280 3272 3273
3057 3271 3155
3057 3155 3058
3274 3280 3279
3274 3279 3278
3188 3196 3275
3194 3275 3257
3155 3271 3167
3277 3258 3257
3277 3257 3278
3278 3257 3275
3278 3275 3274
3056 3276 3269
3270 3269 3279
3270 3279 3280
3032 3031 3143
3032 3143 3142
3054 3281 3282
3054 3282 3154
3283 3284 3281
3283 3281 3285
3168 3285 3054
3168 3165 3164
3164 3152 3286
3286 3151 3260
3286 3260 3287
3288 3289 3169
3288 3169 3290
3283 3285 3291
3283 3291 3286
3283 3286 3287
3101 3100 3171
3101 3171 3170
3100 3154 3282
3100 3282 3171
3168 3291 3285
3286 3168 3164
3072 3166 3142
3072 3142 3073
3287 3260 3289
3287 3289 3288
3290 3284 3283
3290 3283 3288
3171 3282 3169
3281 3284 3290
3281 3290 3282
3033 3070 3079
3194 3192 3189
3194 3189 3188
3292 3293 3294
3294 3212 3206
3294 3293 3295
3106 3108 3218
3106 3218 3112
3115 3124 3296
3115 3296 3116
3256 3297 3264
3256 3264 3255
3298 3299 3300
3301 3300 3299
3302 3300 3303
3304 3303 3305
3305 3300 3301
3306 3307 3308
3306 3308 3309
3310 3311 3312
3313 3314 3315
3313 3315 3311
3310 3312 3316
3310 3316 3317
3318 3306 3309
3318 3309 3319
3314 3318 3315
3302 3303 3320
3321 3322 3323
3324 3322 3321
3321 3323 3325
3321 3325 3292
3326 3327 3321
3328 3327 3326
3179 3186 3139
3139 3138 3179
3329 3330 3331
3329 3331 3332
3333 3329 3332
3333 3332 3334
3335 3333 3334
3335 3334 3336
3337 3338 3339
3337 3340 3338
3341 3342 3343
3341 3343 3344
3059 3062 3086
3059 3086 3162
3264 3094 3185
3264 3185 3250
3263 3267 3244
3263 3244 3181
3264 3297 3095
3264 3095 3094
3173 3089 3067
3060 3059 3162
3060 3162 3161
3090 3068 3091
3179 3138 3133
3087 3191 3232
3087 3232 3225
3089 3173 3082
3089 3082 3175
3233 3068 3200
3345 3064 3224
3345 3224 3232
3345 3232 3191
3345 3191 3190
3068 3233 3224
3224 3064 3066
3066 3037 3067
3067 3091 3068
3226 3200 3199
3176 3133 3198
3133 3213 3198
3215 3230 3216
3213 3149 3216
3213 3216 3198
3197 3199 3177
3163 3228 3086
3166 3069 3032
3166 3032 3142
3064 3345 3065
3189 3345 3190
3194 3188 3275
3268 3241 3238
3266 3246 3267
3244 3267 3246
3247 3035 3267
3247 3267 3263
3235 3240 3239
3345 3189 3065
3062 3191 3087
3063 3066 3064
3039 3167 3196
3188 3061 3039
3042 3155 3167
3276 3279 3269
3240 3234 3261
3261 3242 3249
3061 3040 3039
3189 3190 3061
3285 3281 3054
3222 3346 3223
3110 3222 3223
3304 3347 3320
3303 3304 3320
3302 3298 3300
3305 3303 3300
3348 3349 3311
3348 3311 3315
3318 3319 3315
3319 3348 3315
3310 3313 3311
3311 3349 3312
3086 3228 3160
3144 3350 3220
3127 3121 3120
3127 3120 3351
3350 3221 3220
3352 3353 3354
3292 3325 3352
3282 3290 3169
3080 3034 3033
3070 3172 3085
3160 3159 3161
3085 3172 3045
3044 3060 3161
3260 3151 3150
3169 3259 3170
3259 3289 3260
3169 3289 3259
3286 3291 3168
3160 3109 3105
3109 3160 3228
3110 3220 3221
3163 3053 3052
3144 3220 3227
3109 3052 3220
3228 3052 3109
3355 3356 3132
3355 3132 3157
3132 3356 3137
3132 3137 3078
3216 3149 3146
3051 3217 3052
3086 3062 3087
3292 3352 3293
3327 3324 3321
3326 3292 3357
3294 3206 3205
3294 3205 3357
3294 3295 3212
3292 3294 3357
3326 3321 3292
3187 3203 3201
3133 3138 3141
3133 3141 3134
3352 3354 3293
3283 3287 3288
3168 3046 3165
3152 3151 3286
3047 3156 3203
3130 3092 3048
3202 3139 3186
3082 3173 3083
3050 3204 3156
3358 3359 3360
3358 3360 3361
3362 3363 3364
3362 3364 3365
3366 3367 3368
3366 3368 3369
3370 3371 3372
3370 3372 3373
3374 3375 3376
3374 3376 3377
3378 3379 3380
3367 3381 3370
3367 3370 3368
3382 3383 3384
3382 3384 3385
3369 3368 3386
3369 3386 3387
3388 3369 3387
3388 3387 3389
3390 3391 3392
3393 3394 3395
3396 3361 3360
3396 3360 3397
3398 3399 3400
3398 3400 3401
3402 3403 3404
3402 3404 3405
3406 3360 3407
3408 3409 3410
3411 3372 3412
3413 3414 3415
3416 3395 3417
3416 3417 3418
3376 3419 3420
3376 3420 3377
3419 3421 3422
3419 3422 3420
3423 3424 3425
3423 3425 3426
3382 3427 3428
3382 3428 3383
3429 3430 3400
3429 3400 3399
3431 3432 3433
3431 3433 3434
3435 3436 3437
3435 3437 3438
3434 3433 3435
3434 3435 3438
3439 3433 3432
3439 3432 3440
3441 3442 3443
3441 3443 3444
3445 3446 3447
3445 3447 3448
3449 3444 3450
3449 3450 3451
3445 3441 3452
3445 3452 3453
3454 3446 3455
3454 3455 3456
3408 3377 3457
3403 3458 3459
3403 3459 3404
3460 3461 3462
3463 3464 3403
3463 3403 3402
3465 3466 3467
3465 3467 3468
3469 3400 3430
3469 3430 3470
3471 3472 3473
3471 3473 3474
3475 3476 3473
3475 3473 3472
3477 3478 3479
3477 3479 3480
3481 3381 3367
3481 3367 3482
3383 3428 3481
3383 3481 3482
3374 3483 3375
3484 3485 3459
3484 3459 3458
3431 3486 3411
3431 3411 3412
3487 3488 3489
3486 3489 3411
3406 3432 3431
3406 3431 3412
3414 3413 3490
3491 3492 3396
3491 3396 3493
3367 3366 3494
3368 3370 3373
3368 3373 3386
3370 3381 3495
3370 3495 3371
3496 3497 3498
3371 3493 3499
3371 3499 3372
3478 3398 3401
3478 3401 3479
3491 3479 3401
3491 3401 3492
3493 3396 3397
3493 3397 3499
3390 3393 3364
3390 3364 3363
3365 3364 3395
3365 3395 3500
3501 3502 3416
3501 3416 3418
3503 3504 3505
3503 3505 3506
3507 3508 3509
3507 3509 3510
3457 3511 3512
3457 3512 3409
3512 3365 3500
3512 3500 3409
3513 3514 3408
3513 3408 3410
3515 3388 3516
3517 3388 3389
3517 3389 3518
3423 3519 3520
3423 3520 3424
3391 3424 3520
3391 3520 3516
3390 3425 3424
3390 3424 3391
3521 3520 3519
3521 3519 3522
3515 3523 3366
3524 3525 3503
3501 3526 3527
3501 3527 3506
3503 3506 3524
3514 3528 3529
3402 3466 3462
3402 3462 3463
3466 3402 3405
3466 3405 3467
3405 3404 3530
3405 3530 3529
3530 3404 3459
3530 3459 3483
3483 3459 3485
3483 3485 3531
3468 3467 3528
3467 3405 3529
3467 3529 3528
3503 3460 3504
3532 3533 3534
3532 3534 3535
3535 3534 3536
3535 3536 3537
3535 3537 3538
3535 3538 3539
3513 3410 3505
3504 3513 3505
3505 3410 3502
3540 3541 3461
3540 3461 3460
3542 3473 3543
3544 3473 3542
3372 3411 3373
3406 3412 3397
3444 3449 3452
3444 3452 3441
3545 3546 3436
3545 3436 3435
3438 3437 3547
3437 3548 3549
3486 3434 3487
3445 3448 3442
3445 3442 3441
3446 3445 3453
3446 3453 3455
3437 3436 3550
3394 3393 3551
3488 3487 3413
3552 3553 3526
3473 3544 3474
3474 3544 3554
3490 3555 3380
3556 3379 3378
3556 3378 3542
3411 3489 3373
3475 3541 3540
3475 3540 3476
3407 3440 3432
3407 3432 3406
3474 3554 3471
3554 3380 3547
3527 3557 3556
3527 3556 3558
3553 3414 3490
3553 3490 3557
3557 3490 3379
3557 3379 3556
3378 3544 3542
3544 3380 3554
3558 3556 3542
3552 3559 3551
3552 3551 3560
3559 3552 3526
3394 3526 3418
3553 3557 3527
3524 3527 3558
3415 3414 3553
3415 3553 3552
3418 3526 3501
3502 3501 3506
3502 3506 3505
3434 3486 3431
3457 3420 3422
3457 3422 3511
3561 3426 3425
3561 3425 3562
3390 3563 3562
3390 3562 3425
3564 3565 3566
3564 3566 3567
3566 3568 3567
3569 3570 3571
3569 3571 3572
3571 3570 3573
3514 3374 3377
3514 3377 3408
3514 3530 3374
3408 3457 3409
3514 3513 3528
3574 3362 3365
3574 3365 3512
3575 3576 3564
3575 3564 3567
3572 3571 3510
3572 3510 3509
3511 3577 3574
3511 3574 3512
3578 3579 3580
3578 3580 3581
3582 3583 3578
3582 3578 3581
3521 3522 3584
3521 3584 3585
3586 3477 3587
3588 3564 3576
3576 3570 3569
3564 3588 3565
3581 3580 3508
3581 3508 3507
3589 3590 3574
3589 3574 3577
3582 3589 3577
3582 3577 3591
3507 3510 3590
3507 3590 3589
3563 3390 3363
3563 3363 3592
3363 3362 3593
3363 3593 3592
3362 3594 3593
3589 3582 3581
3589 3581 3507
3595 3575 3567
3563 3566 3562
3592 3568 3566
3592 3566 3563
3573 3575 3595
3573 3595 3593
3568 3592 3593
3568 3593 3595
3570 3576 3575
3570 3575 3573
3562 3565 3561
3596 3385 3384
3596 3384 3597
3596 3597 3598
3599 3600 3494
3599 3494 3523
3599 3523 3601
3599 3601 3602
3494 3600 3598
3494 3598 3597
3603 3604 3605
3603 3605 3606
3598 3600 3607
3607 3600 3599
3607 3599 3602
3384 3383 3482
3384 3482 3597
3602 3605 3604
3602 3604 3607
3515 3601 3523
3521 3585 3601
3482 3494 3597
3606 3605 3585
3606 3585 3584
3605 3602 3601
3605 3601 3585
3385 3596 3603
3598 3607 3604
3598 3604 3596
3361 3469 3470
3361 3470 3358
3381 3481 3608
3381 3608 3609
3610 3611 3609
3610 3609 3612
3495 3381 3611
3495 3491 3493
3491 3613 3479
3613 3614 3587
3613 3587 3480
3615 3616 3496
3615 3496 3617
3610 3618 3611
3610 3614 3613
3610 3613 3618
3427 3498 3497
3427 3497 3428
3428 3497 3608
3428 3608 3481
3495 3611 3618
3613 3491 3495
3401 3400 3469
3401 3469 3492
3614 3615 3617
3614 3617 3587
3616 3615 3610
3616 3610 3612
3497 3496 3608
3609 3608 3616
3609 3616 3612
3360 3406 3397
3521 3515 3516
3521 3516 3520
3619 3620 3621
3620 3535 3539
3620 3622 3621
3433 3439 3545
3433 3545 3435
3444 3443 3623
3444 3623 3450
3583 3582 3591
3583 3591 3624
3625 3626 3627
3628 3627 3626
3629 3630 3626
3631 3632 3630
3632 3628 3626
3633 3634 3635
3633 3635 3636
3637 3638 3639
3640 3639 3641
3640 3641 3642
3637 3643 3644
3637 3644 3638
3645 3646 3634
3645 3634 3633
3642 3641 3645
3629 3647 3630
3648 3649 3650
3651 3648 3650
3648 3619 3652
3648 3652 3649
3653 3648 3654
3655 3653 3654
3504 3468 3513
3468 3504 3465
3656 3657 3658
3656 3658 3659
3660 3661 3657
3660 3657 3656
3662 3663 3661
3662 3661 3660
3664 3665 3666
3664 3666 3667
3668 3669 3670
3668 3671 3669
3387 3488 3413
3387 3413 3389
3591 3577 3511
3591 3511 3422
3590 3510 3571
3590 3571 3594
3591 3422 3421
3591 3421 3624
3500 3395 3416
3386 3489 3488
3386 3488 3387
3418 3417 3394
3504 3460 3465
3415 3560 3518
3415 3552 3560
3416 3502 3410
3416 3410 3500
3559 3526 3394
3672 3560 3551
3672 3551 3392
3672 3517 3518
3672 3518 3560
3394 3551 3559
3551 3393 3392
3393 3395 3364
3395 3394 3417
3553 3527 3526
3503 3525 3460
3460 3525 3540
3542 3543 3558
3540 3525 3543
3540 3543 3476
3524 3506 3527
3490 3413 3555
3492 3469 3361
3492 3361 3396
3392 3391 3672
3516 3517 3672
3521 3601 3515
3595 3567 3568
3593 3594 3573
3571 3573 3594
3574 3590 3594
3574 3594 3362
3562 3566 3565
3672 3391 3516
3389 3415 3518
3390 3392 3393
3366 3523 3494
3515 3366 3388
3367 3494 3482
3603 3596 3604
3565 3588 3561
3588 3576 3569
3388 3366 3369
3516 3388 3517
3611 3381 3609
3548 3550 3673
3437 3550 3548
3631 3647 3674
3630 3647 3631
3629 3626 3625
3632 3626 3630
3675 3641 3639
3675 3639 3676
3645 3641 3646
3646 3641 3675
3637 3639 3640
3639 3638 3676
3413 3487 3555
3471 3547 3677
3454 3678 3447
3454 3447 3446
3677 3547 3549
3679 3680 3681
3619 3679 3652
3608 3496 3616
3407 3360 3359
3397 3412 3499
3487 3489 3486
3412 3372 3499
3373 3489 3386
3587 3477 3480
3496 3498 3586
3586 3587 3617
3496 3586 3617
3613 3495 3618
3487 3434 3438
3438 3555 3487
3437 3549 3547
3490 3380 3379
3471 3554 3547
3438 3547 3380
3555 3438 3380
3682 3484 3458
3682 3458 3683
3458 3403 3464
3458 3464 3683
3543 3473 3476
3378 3380 3544
3413 3415 3389
3619 3621 3679
3654 3648 3651
3653 3684 3619
3620 3684 3532
3620 3532 3535
3620 3539 3622
3619 3684 3620
3653 3619 3648
3514 3529 3530
3460 3466 3465
3460 3462 3466
3679 3621 3680
3610 3615 3614
3495 3493 3371
3479 3613 3480
3374 3530 3483
3457 3377 3420
3528 3513 3468
3410 3409 3500
3375 3483 3531
3685 3686 3687
3685 3687 3688
3689 3690 3691
3689 3691 3692
3693 3691 3690
3693 3690 3694
3689 3692 3695
3689 3695 3696
3696 3695 3697
3696 3697 3698
3698 3697 3699
3698 3699 3700
3701 3702 3703
3701 3703 3704
3705 3706 3707
3705 3707 3708
3707 3709 3710
3707 3710 3708
3705 3711 3712
3705 3712 3706
3711 3713 3714
3711 3714 3712
3713 3715 3716
3713 3716 3714
3717 3685 3688
3717 3688 3718
3692 3691 3719
3692 3719 3720
3721 3719 3691
3721 3691 3693
3722 3695 3692
3722 3692 3720
3723 3697 3695
3723 3695 3722
3724 3699 3697
3724 3697 3723
3725 3716 3703
3725 3703 3726
3727 3707 3706
3727 3706 3728
3709 3729 3730
3709 3730 3731
3712 3732 3728
3712 3728 3706
3712 3714 3733
3712 3733 3732
3714 3716 3725
3714 3725 3733
3734 3735 3736
3734 3736 3737
3738 3739 3740
3738 3740 3741
3742 3743 3739
3742 3739 3738
3744 3745 3743
3744 3743 3742
3746 3745 3744
3746 3744 3747
3748 3746 3747
3748 3747 3749
3750 3748 3749
3750 3749 3751
3752 3753 3750
3752 3750 3751
3754 3755 3756
3754 3756 3757
3758 3759 3755
3758 3755 3754
3760 3759 3758
3760 3758 3761
3762 3760 3761
3762 3761 3763
3764 3762 3763
3764 3763 3765
3736 3764 3765
3736 3765 3737
3715 3704 3703
3715 3703 3716
3726 3703 3702
3726 3702 3766
3740 3767 3768
3740 3768 3741
3769 3770 3771
3769 3771 3772
3773 3771 3774
3773 3774 3775
3772 3771 3773
3772 3773 3776
3777 3778 3779
3777 3779 3780
3781 3782 3777
3781 3777 3780
3783 3784 3774
3783 3774 3785
3774 3784 3786
3774 3786 3775
3779 3778 3787
3779 3787 3788
3770 3785 3774
3770 3774 3771
3789 3790 3791
3792 3793 3794
3792 3794 3795
3795 3794 3796
3795 3796 3797
3798 3799 3800
3798 3800 3801
3802 3794 3793
3802 3793 3803
3796 3794 3802
3796 3802 3804
3800 3799 3805
3800 3805 3806
3807 3808 3809
3810 3693 3694
3810 3694 3811
3693 3810 3812
3693 3812 3721
3756 3813 3814
3756 3814 3757
3710 3709 3731
3710 3731 3815
3729 3709 3707
3729 3707 3727
3687 3700 3699
3687 3699 3688
3718 3688 3699
3718 3699 3724
3816 3817 3818
3816 3818 3784
3819 3816 3784
3819 3784 3820
3821 3822 3823
3821 3823 3824
3825 3826 3827
3825 3827 3802
3828 3825 3802
3828 3802 3829
3830 3831 3832
3830 3832 3833
3784 3818 3786
3783 3820 3784
3787 3824 3823
3787 3823 3788
3802 3827 3804
3803 3829 3802
3833 3832 3806
3833 3806 3805
3834 3835 3836
3834 3836 3837
3838 3839 3834
3840 3841 3842
3839 3843 3844
3845 3844 3842
3845 3841 3835
3845 3839 3844
3844 3846 3847
3844 3847 3842
3841 3840 3835
3841 3845 3842
3834 3845 3835
3840 3842 3848
3849 3850 3851
3849 3851 3852
3849 3853 3854
3849 3854 3850
3855 3856 3852
3855 3852 3851
3839 3845 3834
3840 3857 3835
3858 3859 3860
3858 3861 3859
3861 3862 3859
3863 3864 3865
3866 3867 3865
3866 3865 3864
3868 3869 3867
3868 3867 3866
3870 3871 3872
3873 3874 3875
3873 3875 3876
3877 3878 3879
3880 3881 3882
3880 3882 3883
3884 3885 3886
3884 3886 3887
3888 3889 3884
3888 3884 3887
3882 3890 3891
3882 3891 3883
3892 3893 3894
3892 3894 3895
3896 3897 3898
3896 3898 3899
3900 3901 3902
3900 3902 3903
3904 3905 3906
3904 3906 3907
3908 3909 3910
3908 3910 3911
3912 3913 3909
3912 3909 3908
3914 3915 3916
3917 3918 3919
3917 3919 3920
3903 3896 3921
3922 3900 3923
3904 3924 3905
3925 3926 3927
3928 3929 3930
3928 3930 3931
3932 3911 3910
3932 3910 3933
3934 3935 3936
3934 3936 3937
3938 3939 3940
3938 3940 3941
3942 3943 3944
3942 3944 3945
3946 3947 3948
3946 3948 3949
3950 3951 3952
3953 3954 3955
3956 3954 3953
3956 3953 3957
3925 3927 3929
3925 3929 3928
3958 3959 3960
3958 3960 3961
3957 3962 3963
3964 3965 3966
3964 3966 3967
3968 3969 3970
3968 3970 3971
3971 3972 3968
3973 3974 3975
3973 3975 3976
3977 3978 3979
3977 3979 3980
3876 3875 3980
3876 3980 3979
3974 3978 3977
3974 3977 3975
3981 3982 3983
3981 3983 3984
3985 3986 3983
3985 3983 3982
3987 3988 3986
3987 3986 3985
3989 3990 3988
3989 3988 3987
3989 3991 3990
3992 3993 3994
3993 3995 3996
3993 3996 3994
3995 3981 3984
3995 3984 3996
3997 3998 3999
3998 4000 3999
4000 4001 3999
4001 4002 3999
4002 4003 3999
4003 4004 3999
4004 4005 3999
4005 3997 3999
4006 4007 4008
4006 4008 4009
3873 4010 3874
4011 4012 4013
4011 4013 4014
4015 4016 4017
4015 4017 3863
4018 4015 3863
4018 3863 3865
3868 4019 4020
3868 4020 3869
4018 4021 4015
4022 4023 4021
4022 4021 4018
3871 3870 4023
3871 4023 4022
4024 4025 4026
4024 4026 4027
4028 4029 4030
4031 4032 4028
4031 4033 4034
4031 4034 4032
4035 4036 4037
4035 4037 4038
4039 4040 4041
4039 4041 4042
4039 4043 4040
4043 4044 4040
3892 3895 3886
3892 3886 3885
4045 4046 3891
4045 3891 3890
4047 4048 4013
4047 4013 4012
4049 4050 4051
4014 4052 4053
4014 4053 4011
4011 4053 4054
4011 4054 4055
4054 4047 4012
4054 4012 4055
4056 4057 4058
4056 4058 4059
4059 4058 3906
4059 3906 3905
4060 4061 3943
4060 3943 3942
3945 3944 3947
3945 3947 3946
4062 4060 3942
4063 4064 3946
3916 3915 3959
3916 3959 3958
3961 3960 4065
3961 4065 4066
3965 3964 3970
3965 3970 3969
3972 4067 4068
3972 4068 3968
4069 4006 4009
3903 3902 3897
3903 3897 3896
3922 4070 3901
3922 3901 3900
3896 4071 3921
3900 3921 3923
3937 3936 3932
3937 3932 3933
4072 4073 4074
4075 3880 4076
4077 4078 3952
3954 3951 3955
4062 4079 3915
4062 3915 4060
4075 4080 4081
4075 4081 3880
3945 4064 3942
4082 4072 4074
4083 4073 4076
3949 4063 3946
4084 4085 4086
4084 4086 4087
3959 4088 3960
4089 4090 4091
4092 4093 4094
4065 4095 4096
3915 4079 3959
3960 4088 4065
4094 4093 4089
4086 4085 4092
3914 4097 4061
4098 4069 4009
4098 4009 4099
3900 3903 3921
3896 3899 4071
3951 4077 3952
3951 3950 3955
4073 4083 4074
4073 4075 4076
4089 4093 4090
4092 4085 4093
3878 3877 3872
3878 4020 4019
3878 4019 3879
3871 3878 3872
3925 4100 3926
4101 4066 4065
4101 4065 4096
4102 3923 4103
4104 4105 4106
4104 4106 4107
3952 4078 4108
3952 4108 4109
3955 3950 4110
3955 4110 4111
3950 3952 4109
3950 4109 4110
3953 3955 4111
3953 4111 3881
3922 4102 4070
3917 3920 4112
3917 4112 4113
3957 3881 3880
3957 3880 4081
3957 3953 3881
3914 4060 3915
3914 4061 4060
4065 4088 4095
3959 4079 4088
4064 3945 3946
4064 4062 3942
4114 4115 4116
4114 4116 4010
3976 4117 4118
3976 4118 3973
4118 4117 4119
4119 4117 4120
4119 4010 4121
3923 4122 4103
3873 4114 4010
4010 4120 3874
4102 3922 3923
4119 4120 4010
4123 4124 4125
4123 4125 4126
4127 4128 4129
4127 4129 4130
4123 4131 4124
4132 4133 4131
4132 4131 4123
4127 4130 4126
4127 4126 4125
4134 4135 4136
4134 4136 4137
4137 4138 4139
4137 4139 4134
4135 4140 4141
4135 4141 4136
4142 4143 4141
4142 4141 4140
4142 4144 4143
4144 4145 4146
4145 4147 4148
4147 4149 4148
4150 4151 4152
4150 4152 4153
4154 4153 4155
4132 4155 4133
4100 4156 3926
4013 4157 4158
4013 4158 4014
4159 4051 4158
4160 4008 4007
4160 4007 4161
4051 4014 4158
4157 4013 4048
4052 4014 4051
4050 4052 4051
4144 4146 4143
4132 4154 4155
3957 3963 3956
4145 4148 4146
4154 4150 4153
4028 4032 4029
4043 4162 4044
4163 4164 4165
4163 4165 4166
4166 4165 4167
4166 4167 4168
4169 4170 4171
4169 4171 4172
4173 4174 4175
4173 4175 4176
4177 4178 4172
4177 4172 4171
4179 4180 4181
4182 4183 4184
4185 4180 4179
4186 4187 4174
4186 4174 4173
4187 4186 4188
4187 4188 4189
4180 4190 4182
4180 4182 4191
4192 4193 4194
4192 4194 4195
4189 4188 4170
4189 4170 4169
4180 4191 4181
4196 4197 4198
4196 4198 4199
4200 4201 4202
4200 4202 4203
4200 4204 4205
4200 4205 4201
4206 4207 4208
4206 4208 4209
4206 4209 4205
4206 4205 4204
4210 4211 4212
4210 4212 4213
4202 4214 4215
4202 4215 4203
4216 4217 4218
4216 4218 4219
4220 4221 4222
4223 4224 4225
4223 4225 4226
4216 4227 4217
4210 4213 4208
4210 4208 4207
4228 4229 4219
4228 4219 4218
4225 4221 4220
4230 4223 4226
4230 4226 4231
4232 4215 4214
4232 4214 4233
4234 4235 4236
4234 4236 4237
4238 4239 4240
4235 4234 4212
4235 4212 4211
4238 4227 4216
4225 4224 4241
4194 4242 4243
4192 4244 4245
4192 4245 4193
4194 4243 4195
4192 4246 4244
4242 4247 4243
4183 4248 4184
4182 4190 4183
4238 4216 4239
4225 4241 4221
4249 4250 4251
4249 4251 4252
4253 4254 4255
4253 4255 4256
4257 4256 4258
4257 4258 4259
4260 4253 4256
4260 4256 4257
4261 4262 4253
4261 4253 4260
4263 4264 4262
4263 4262 4261
4265 4266 4264
4265 4264 4263
4265 4267 4268
4265 4268 4266
4269 4254 4268
4269 4268 4267
4270 4255 4254
4270 4254 4269
4271 4272 4255
4271 4255 4270
4271 4273 4250
4271 4250 4272
4274 4251 4250
4274 4250 4273
4275 4252 4251
4275 4251 4274
4275 4276 4249
4275 4249 4252
4259 4258 4249
4259 4249 4276
4262 4268 4254
4262 4254 4253
4264 4266 4268
4264 4268 4262
4256 4255 4272
4256 4272 4258
4258 4272 4250
4258 4250 4249
4277 4278 4279
4277 4279 4280
4281 4282 4278
4281 4283 4284
4281 4284 4285
4286 4287 4283
4286 4288 4289
4286 4289 4290
4291 4292 4288
4291 4293 4294
4291 4294 4295
4296 4297 4298
4296 4298 4299
4299 4298 4300
4299 4300 4301
4302 4303 4304
4302 4304 4305
4305 4304 4306
4305 4306 4307
4307 4306 4308
4307 4308 4309
4309 4308 4310
4309 4310 4311
4311 4310 4312
4311 4312 4313
4313 4312 4297
4313 4297 4296
4314 4315 4316
4314 4317 4315
4314 4318 4317
4314 4319 4318
4314 4320 4319
4314 4321 4320
4314 4322 4321
4314 4316 4322
4323 4324 4325
4323 4325 4326
4323 4326 4327
4323 4327 4328
4323 4328 4329
4323 4329 4330
4323 4330 4331
4323 4331 4324
4332 4296 4299
4332 4299 4333
4333 4299 4301
4333 4301 4334
4335 4302 4305
4335 4305 4336
4336 4305 4307
4336 4307 4337
4337 4307 4309
4337 4309 4338
4338 4309 4311
4338 4311 4339
4339 4311 4313
4339 4313 4340
4340 4313 4296
4340 4296 4332
4341 4342 4343
4341 4343 4344
4345 4346 4277
4347 4346 4345
4345 4277 4280
4279 4278 4282
4282 4281 4285
4284 4283 4287
4287 4286 4290
4289 4288 4292
4292 4291 4295
4344 4348 4349
4344 4349 4341
4350 4351 4341
4350 4341 4349
4352 4353 4348
4352 4348 4344
4354 4355 4349
4354 4349 4348
4356 4357 4358
4356 4358 4359
4360 4361 4357
4360 4357 4356
4362 4363 4361
4362 4361 4360
4364 4365 4363
4364 4363 4362
4366 4367 4365
4366 4365 4364
4368 4369 4367
4368 4367 4366
4370 4371 4369
4370 4369 4368
4359 4358 4372
4359 4372 4373
4374 4375 4376
4375 4377 4376
4377 4378 4376
4378 4379 4376
4379 4380 4376
4380 4381 4376
4381 4382 4376
4382 4374 4376
4383 4384 4385
4384 4386 4385
4386 4387 4385
4387 4388 4385
4388 4389 4385
4389 4390 4385
4390 4391 4385
4391 4383 4385
4392 4393 4394
4392 4394 4395
4396 4397 4393
4396 4393 4392
4398 4399 4397
4398 4397 4396
4400 4401 4399
4400 4399 4398
4402 4403 4401
4402 4401 4400
4404 4405 4403
4404 4403 4402
4406 4407 4408
4406 4408 4409
4395 4394 4407
4395 4407 4406
4410 4411 4412
4410 4412 4413
4413 4412 4414
4413 4414 4415
4415 4414 4416
4415 4416 4417
4417 4416 4418
4417 4418 4419
4419 4418 4420
4419 4420 4421
4421 4420 4422
4421 4422 4423
4423 4422 4424
4423 4424 4425
4425 4424 4411
4425 4411 4410
4426 4427 4428
4426 4428 4429
4430 4429 4428
4430 4428 4431
4432 4430 4431
4432 4431 4433
4434 4432 4433
4434 4433 4435
4436 4434 4435
4436 4435 4437
4438 4436 4437
4438 4437 4439
4440 4441 4442
4440 4442 4443
4426 4440 4443
4426 4443 4427
4393 4444 4445
4393 4445 4394
4397 4446 4444
4397 4444 4393
4399 4447 4446
4399 4446 4397
4401 4448 4447
4401 4447 4399
4403 4449 4448
4403 4448 4401
4405 4450 4449
4405 4449 4403
4407 4451 4452
4407 4452 4408
4394 4445 4451
4394 4451 4407
4444 4453 4454
4444 4454 4445
4446 4455 4453
4446 4453 4444
4447 4456 4455
4447 4455 4446
4448 4457 4456
4448 4456 4447
4449 4458 4457
4449 4457 4448
4450 4459 4458
4450 4458 4449
4451 4460 4461
4451 4461 4452
4445 4454 4460
4445 4460 4451
4462 4463 4464
4463 4465 4464
4465 4466 4464
4466 4467 4464
4467 4468 4464
4468 4469 4464
4469 4470 4464
4470 4462 4464
4471 4472 4473
4471 4473 4474
4471 4474 4475
4475 4476 4477
4477 4476 4478
4477 4478 4479
4480 4481 4479
4480 4479 4478
4482 4483 4484
4482 4484 4485
4486 4487 4483
4486 4483 4482
4488 4489 4490
4488 4490 4491
4489 4492 4490
4493 4492 4494
4493 4494 4495
4495 4496 4497
4498 4499 4500
4498 4500 4501
4488 4498 4502
4503 4504 4505
4506 4507 4508
4509 4510 4511
4509 4511 4507
4512 4513 4514
4512 4514 4515
4514 4504 4516
4514 4516 4515
4517 4518 4519
4517 4519 4520
4521 4522 4523
4521 4523 4524
4525 4522 4526
4527 4528 4529
4527 4529 4530
4531 4532 4533
4531 4533 4534
4504 4532 4535
4536 4537 4538
4536 4538 4539
4538 4540 4541
4538 4541 4539
4537 4542 4543
4544 4545 4546
4544 4546 4547
4548 4549 4550
4551 4549 4552
4551 4552 4553
4553 4552 4554
4553 4554 4555
4556 4557 4558
4559 4560 4561
4559 4561 4562
4563 4564 4560
4563 4560 4559
4563 4565 4566
4563 4566 4567
4567 4566 4568
4567 4568 4569
4517 4570 4571
4517 4571 4572
4573 4574 4555
4573 4555 4554
4575 4557 4576
4575 4576 4577
4578 4579 4540
4580 4542 4581
4580 4581 4582
4583 4584 4585
4583 4585 4586
4587 4588 4589
4587 4589 4590
4588 4583 4586
4588 4586 4589
4585 4584 4591
4592 4593 4594
4592 4594 4595
4596 4597 4598
4596 4598 4599
4600 4601 4599
4600 4599 4598
4602 4579 4603
4602 4603 4604
4605 4606 4604
4605 4604 4603
4607 4608 4606
4607 4606 4605
4601 4600 4579
4601 4579 4578
4609 4505 4610
4609 4610 4508
4609 4508 4611
4612 4509 4613
4543 4542 4614
4543 4614 4615
4529 4497 4530
4616 4490 4617
4616 4617 4535
4618 4473 4472
4619 4620 4621
4622 4623 4624
4622 4624 4625
4626 4627 4625
4626 4625 4624
4548 4628 4629
4630 4631 4632
4630 4632 4633
4634 4635 4631
4634 4631 4630
4518 4636 4637
4518 4637 4519
4623 4622 4525
4623 4525 4526
4638 4488 4502
4638 4502 4639
4639 4522 4640
4639 4640 4638
4524 4486 4472
4641 4642 4643
4641 4643 4644
4472 4643 4642
4472 4642 4618
4547 4546 4619
4547 4619 4621
4645 4561 4545
4645 4545 4544
4633 4632 4646
4633 4646 4647
4648 4649 4593
4648 4593 4592
4650 4651 4647
4650 4647 4646
4652 4653 4654
4652 4654 4655
4656 4657 4653
4656 4653 4652
4658 4659 4660
4658 4660 4661
4662 4663 4664
4662 4664 4665
4666 4667 4668
4666 4668 4669
4670 4671 4666
4670 4666 4669
4662 4665 4672
4662 4672 4673
4674 4659 4658
4674 4658 4675
4676 4677 4661
4676 4661 4660
4678 4679 4641
4678 4641 4644
4680 4681 4682
4680 4682 4683
4684 4680 4683
4684 4683 4685
4685 4637 4686
4685 4686 4684
4687 4562 4636
4628 4577 4576
4688 4689 4690
4691 4692 4693
4692 4694 4693
4695 4696 4690
4697 4698 4690
4696 4699 4690
4699 4697 4690
4694 4700 4693
4698 4688 4690
4689 4701 4690
4702 4703 4693
4700 4702 4693
4704 4705 4693
4705 4691 4693
4706 4707 4708
4709 4706 4708
4710 4711 4712
4713 4714 4708
4715 4716 4708
4717 4718 4712
4711 4717 4712
4718 4719 4712
4719 4720 4712
4714 4709 4708
4721 4722 4723
4724 4721 4723
4725 4724 4723
4726 4725 4723
4727 4726 4723
4728 4729 4730
4731 4728 4730
4732 4731 4730
4733 4732 4730
4707 4715 4708
4734 4735 4730
4735 4733 4730
4736 4737 4738
4739 4736 4738
4740 4741 4742
4741 4743 4742
4743 4744 4742
4745 4746 4742
4746 4747 4742
4748 4749 4738
4750 4748 4738
4751 4752 4738
4753 4751 4738
4754 4753 4738
4749 4754 4738
4752 4739 4738
4755 4756 4742
4744 4755 4742
4747 4757 4742
4757 4740 4742
4758 4759 4760
4761 4758 4760
4762 4761 4760
4763 4764 4760
4764 4765 4760
4765 4766 4760
4766 4767 4760
4767 4768 4760
4768 4762 4760
4769 4770 4771
4772 4769 4771
4773 4772 4771
4774 4773 4771
4775 4774 4771
4776 4775 4771
4777 4776 4771
4778 4779 4771
4779 4777 4771
4780 4781 4782
4783 4780 4782
4784 4783 4782
4781 4785 4782
4786 4787 4788
4789 4786 4788
4790 4789 4788
4791 4790 4788
4792 4793 4794
4795 4792 4794
4796 4797 4798
4799 4800 4794
4793 4799 4794
4801 4802 4803
4804 4805 4803
4805 4806 4803
4806 4807 4803
4808 4809 4798
4809 4796 4798
4810 4811 4812
4813 4810 4812
4807 4801 4803
4814 4815 4812
4815 4813 4812
4797 4816 4798
4816 4817 4798
4818 4819 4820
4819 4821 4820
4821 4822 4820
4822 4823 4820
4824 4825 4826
4827 4828 4826
4825 4827 4826
4829 4830 4826
4828 4829 4826
4830 4831 4826
4823 4832 4820
4833 4818 4820
4834 4835 4836
4837 4838 4839
4840 4841 4836
4841 4834 4836
4842 4840 4836
4843 4844 4839
4845 4846 4839
4835 4847 4836
4838 4848 4839
4844 4837 4839
4849 4842 4836
4848 4845 4839
4850 4851 4852
4850 4852 4853
4854 4855 4856
4857 4858 4859
4857 4859 4860
4861 4862 4863
4861 4863 4864
4865 4866 4867
4865 4867 4868
4867 4866 4862
4867 4862 4861
4864 4863 4869
4864 4869 4870
4594 4593 4855
4857 4871 4872
4857 4872 4858
4873 4874 4875
4873 4875 4876
4877 4873 4876
4877 4876 4878
4868 4877 4878
4868 4878 4865
4879 4880 4881
4882 4879 4881
4883 4884 4885
4884 4886 4885
4887 4883 4885
4888 4887 4885
4880 4889 4881
4889 4890 4881
4891 4892 4893
4891 4893 4894
4895 4893 4892
4895 4892 4896
4897 4895 4896
4897 4896 4898
4898 4899 4900
4898 4900 4897
4899 4901 4902
4899 4902 4900
4903 4904 4905
4903 4905 4906
4907 4908 4632
4907 4632 4631
4904 4909 4910
4904 4910 4905
4911 4907 4631
4911 4631 4635
4901 4850 4853
4901 4853 4902
4851 4912 4913
4851 4913 4852
4908 4914 4646
4908 4646 4632
4903 4906 4915
4903 4915 4916
4917 4918 4872
4917 4872 4871
4919 4855 4593
4919 4593 4649
4920 4650 4921
4920 4921 4922
4923 4916 4915
4923 4915 4924
4925 4926 4927
4925 4927 4928
4929 4930 4654
4929 4654 4653
4931 4932 4933
4931 4933 4934
4935 4929 4653
4935 4653 4657
4936 4658 4661
4936 4661 4937
4938 4939 4940
4938 4940 4941
4942 4665 4664
4942 4664 4943
4944 4945 4946
4944 4946 4947
4948 4949 4669
4948 4669 4668
4950 4951 4952
4950 4952 4953
4954 4955 4670
4954 4670 4956
4953 4952 4957
4953 4957 4958
4668 4672 4959
4668 4959 4948
4960 4944 4947
4960 4947 4961
4943 4664 4675
4943 4675 4962
4963 4938 4941
4963 4941 4964
4927 4965 4966
4927 4966 4928
4937 4661 4677
4937 4677 4967
4968 4969 4855
4968 4855 4919
4868 4867 4970
4867 4861 4970
4971 4874 4970
4874 4873 4970
4873 4877 4970
4877 4868 4970
4971 4970 4972
4855 4969 4973
4857 4860 4973
4595 4974 4975
4595 4975 4592
4976 4648 4592
4976 4592 4975
4977 4978 4595
4871 4969 4968
4871 4968 4917
4973 4969 4871
4973 4871 4857
4855 4973 4856
4870 4972 4864
4971 4972 4979
4977 4594 4854
4602 4980 4981
4602 4981 4541
4586 4585 4982
4586 4982 4983
4590 4589 4984
4590 4984 4985
4589 4586 4983
4589 4983 4984
4585 4591 4986
4585 4986 4982
4980 4602 4604
4980 4604 4987
4987 4604 4606
4987 4606 4988
4988 4606 4608
4988 4608 4989
4874 4971 4990
4874 4990 4875
4541 4981 4539
4974 4595 4978
4991 4974 4978
4992 4993 4584
4977 4595 4594
4861 4864 4972
4870 4979 4972
4970 4861 4972
4854 4594 4855
4994 4648 4976
4994 4976 4995
4996 4918 4917
4996 4917 4997
4998 4999 4919
4998 4919 4649
5000 4968 4919
5000 4919 4999
4994 4998 4649
4994 4649 4648
5000 4997 4917
5000 4917 4968
5001 5002 4994
5001 4994 4995
5003 4996 4997
5003 4997 5004
5005 5006 4999
5005 4999 4998
5007 5000 4999
5007 4999 5006
5002 5005 4998
5002 4998 4994
5004 4997 5000
5004 5000 5007
5008 5009 5002
5008 5002 5001
5003 5004 5010
5003 5010 5011
5012 5006 5005
5012 5005 5013
5014 5007 5006
5014 5006 5012
5009 5013 5005
5009 5005 5002
5014 5010 5004
5014 5004 5007
4851 4850 5015
4896 4892 5015
4898 4896 5015
4899 4898 5015
4901 4899 5015
4850 4901 5015
4912 4851 5015
4956 4949 4953
4956 4953 4958
4948 4950 4953
4948 4953 4949
4942 4944 4960
4942 4960 4959
4942 4943 4945
4942 4945 4944
4936 4938 4963
4936 4963 4962
4936 4937 4939
4936 4939 4938
4967 4930 4928
4967 4928 4966
4930 4929 4925
4930 4925 4928
4935 4922 4931
4935 4931 4934
4921 4914 4916
4921 4916 4923
4914 4908 4903
4914 4903 4916
4908 4907 4904
4908 4904 4903
4907 4911 4909
4907 4909 4904
4892 4891 4912
4892 4912 5015
5016 5017 5018
5016 5018 4955
5019 4954 5020
5019 5020 5021
5019 5016 4955
5019 4955 4954
5020 5022 5023
5020 5023 5021
4671 4670 4955
4671 4955 5018
4949 4956 4670
4949 4670 4669
4958 4957 5022
4958 5022 5020
4954 4956 4958
4954 4958 5020
4651 4650 4920
4651 4920 5024
4914 4921 4650
4914 4650 4646
4931 4923 4924
4931 4924 4932
4922 4921 4923
4922 4923 4931
4657 4656 5024
4657 5024 4920
4934 4933 4926
4934 4926 4925
4657 4920 4922
4657 4922 4935
4929 4935 4934
4929 4934 4925
4677 4676 4655
4677 4655 4654
4939 4966 4965
4939 4965 4940
4967 4677 4654
4967 4654 4930
4937 4967 4966
4937 4966 4939
4667 4673 4672
4667 4672 4668
4959 4672 4665
4959 4665 4942
4961 4951 4950
4961 4950 4960
4959 4960 4950
4959 4950 4948
4663 4674 4675
4663 4675 4664
4962 4675 4658
4962 4658 4936
4945 4963 4964
4945 4964 4946
4962 4963 4945
4962 4945 4943
4561 4645 4637
4687 4628 4550
4557 4575 4558
4518 4517 4572
4518 4572 4577
5025 4559 4562
5025 4562 4550
4565 4563 4559
4565 4559 5025
4564 4563 4567
4564 4567 5026
5026 4567 4569
5026 4569 5027
4570 4517 4520
4570 4520 5028
4636 4518 4577
4636 4577 4687
4562 4561 4636
4561 4637 4636
4687 4550 4562
4645 4686 4637
4619 5029 4620
4620 5030 4621
4549 4551 4550
4524 4523 4487
4524 4487 4486
4471 4524 4472
4503 4516 4504
4504 4535 5031
4506 4497 4507
4537 4536 4542
4536 4581 4542
4579 4541 4540
4579 4602 4541
4522 4521 4526
4525 4640 4522
4488 4499 4498
4488 4491 4499
4531 4616 4535
4532 4531 4535
4493 4617 4490
4492 4493 4490
4576 4629 4628
4576 5032 4629
4529 4507 4497
4497 4496 4530
4628 4687 4577
4548 4550 4628
4612 5033 4510
4612 4510 4509
4584 4993 4591
4495 4494 4496
4475 4474 4476
4504 5031 4505
4609 4503 4505
4505 5031 5034
4505 5034 4610
4610 5034 4506
4610 4506 4508
4507 4511 4508
4511 4611 4508
5035 5036 5037
5035 5037 5038
5039 5037 5036
5039 5036 5040
5041 5039 5040
5041 5040 5042
5043 5035 5038
5043 5038 5044
5045 5043 5044
5045 5044 5046
5047 5045 5046
5047 5046 5048
1371 1373 1394
1377 1376 1393
1387 1389 620
1387 620 1395
1389 1391 621
1389 621 620
1385 1387 1395
1362 1391 1390
1362 1390 1363
1370 1373 1371
1334 1392 1335
1392 1351 1335
1358 1392 1334
1392 867 1351
4011 4055 4012
