byte offset: 0
first index: 0
index count: 2370
topology: trianglelist
format: DXGI_FORMAT_R16_UINT

0 1 2
2 1 3
2 3 4
5 4 3
5 3 6
5 6 7
8 6 3
9 3 1
8 3 9
9 1 10
9 11 8
9 10 12
9 13 11
9 12 13
14 11 13
14 13 12
14 12 15
14 16 11
14 15 17
16 14 18
14 17 18
16 18 19
20 18 17
21 20 17
20 22 18
23 18 22
23 19 18
23 24 19
25 26 27
25 28 26
29 28 25
29 30 28
30 29 31
30 31 32
33 32 31
33 31 34
34 35 33
34 36 35
36 37 35
36 38 37
39 40 41
39 42 40
42 43 40
42 44 43
43 44 45
43 45 46
47 46 45
47 45 48
49 47 48
49 50 47
51 50 49
51 52 50
53 54 55
56 54 53
56 53 57
58 56 57
59 54 56
60 56 58
60 58 61
60 62 56
59 56 62
59 62 63
60 64 62
64 63 62
59 63 65
64 66 63
67 63 66
68 65 63
67 69 63
68 63 69
70 69 67
68 69 71
70 71 69
68 71 72
70 73 71
70 74 73
73 75 71
71 75 76
71 76 72
76 77 72
78 79 80
78 80 81
81 80 82
81 82 83
83 82 84
83 84 85
85 84 86
86 84 87
88 89 90
88 91 89
91 92 89
91 93 92
93 94 92
93 95 94
95 96 94
94 96 97
98 99 100
98 100 101
102 101 100
103 101 102
101 104 98
101 103 105
101 106 104
101 105 106
106 107 104
105 108 106
106 108 107
105 109 108
108 110 107
109 111 108
108 111 110
109 112 111
111 113 110
114 111 112
111 115 113
115 111 114
115 114 116
117 115 116
115 118 113
119 115 117
115 119 118
119 117 120
119 120 121
122 118 119
119 121 122
122 121 123
122 124 118
122 123 125
126 124 122
122 125 126
126 125 127
126 128 124
129 126 127
130 128 126
129 130 126
130 131 128
132 130 129
133 131 130
132 133 130
133 134 131
135 133 132
135 134 133
135 132 136
136 137 135
135 138 134
137 139 135
138 135 139
138 139 140
141 142 143
141 144 142
145 142 144
146 144 141
145 144 147
146 148 144
147 144 148
149 148 146
147 148 150
149 151 148
150 148 151
152 151 149
150 151 153
152 154 151
153 151 154
155 154 152
153 154 156
155 157 154
156 154 157
158 157 155
156 157 159
158 160 157
159 157 160
161 160 158
159 160 162
161 163 160
162 160 163
162 163 164
165 163 161
164 163 166
165 166 163
164 166 167
165 168 166
167 166 168
167 168 169
165 170 168
171 169 168
170 172 168
171 168 172
170 173 172
174 171 172
173 175 172
174 172 175
173 176 175
177 174 175
176 178 175
177 175 178
176 179 178
180 178 179
181 177 178
180 181 178
181 182 177
183 181 180
184 182 181
183 184 181
184 185 182
184 183 186
187 185 184
184 186 187
187 188 185
187 186 189
190 188 187
187 189 190
191 190 189
190 192 188
192 190 191
191 189 193
192 191 194
191 195 194
196 191 193
191 197 195
196 197 191
198 195 197
196 199 197
198 197 199
196 200 199
201 198 199
200 202 199
201 199 202
200 203 202
204 201 202
203 205 202
204 202 205
203 206 205
207 204 205
206 208 205
207 205 208
206 209 208
210 207 208
209 211 208
210 208 211
212 210 211
209 213 211
212 211 214
213 214 211
213 215 214
216 217 218
216 219 217
220 219 216
220 221 219
222 221 220
222 220 223
223 224 222
223 225 224
226 224 225
226 225 227
226 227 228
226 228 229
230 229 228
230 228 231
230 231 232
230 232 233
234 233 232
234 235 233
235 234 236
235 236 237
236 238 237
236 239 238
239 240 238
239 241 240
242 243 244
242 245 243
246 243 245
246 247 243
248 247 246
248 246 249
249 250 248
249 251 250
250 251 252
250 252 253
252 254 253
252 255 254
255 256 254
255 257 256
258 256 257
258 257 259
259 260 258
259 261 260
262 260 261
262 263 260
264 263 262
264 262 265
264 265 266
264 266 267
268 267 266
268 269 267
270 269 268
270 271 269
272 271 270
272 273 271
274 273 272
274 272 275
276 274 275
276 277 274
277 276 278
277 278 279
278 280 279
278 281 280
282 280 281
282 283 280
284 285 286
284 287 285
288 287 284
288 289 287
290 289 288
290 291 289
292 291 290
292 293 291
294 293 292
294 295 293
296 295 294
296 297 295
298 299 300
298 300 301
301 300 302
301 302 303
303 302 304
303 304 305
305 304 306
305 306 307
307 306 308
307 308 309
309 308 310
309 310 311
312 313 314
314 313 315
315 313 316
315 316 317
317 316 318
317 318 319
318 320 319
318 321 320
320 321 322
322 321 323
323 321 324
324 321 325
321 326 325
327 326 321
327 321 328
328 321 329
329 321 330
330 321 331
331 321 332
333 321 318
333 318 334
318 335 334
336 335 318
336 337 335
336 338 337
337 338 339
339 338 340
333 341 321
321 341 342
321 342 343
344 321 343
344 345 321
321 345 346
321 346 347
321 347 348
349 321 348
321 349 350
321 350 351
332 321 351
352 332 351
353 332 352
353 354 332
353 355 354
354 355 356
356 355 357
356 357 358
358 357 359
358 359 360
360 359 361
361 359 362
363 364 365
366 365 364
363 365 367
363 367 368
363 368 369
370 369 368
366 371 365
365 372 367
371 372 365
366 373 371
373 372 371
366 374 373
375 373 374
367 376 368
367 372 376
372 377 376
370 368 378
378 368 376
373 379 372
379 377 372
375 380 373
380 379 373
375 381 380
381 379 380
375 382 381
383 381 382
370 378 384
370 384 385
386 385 384
378 376 387
384 378 387
387 376 377
388 379 381
383 388 381
386 384 389
389 384 387
386 389 390
390 389 387
386 390 391
392 391 390
388 393 379
377 379 393
377 393 394
383 395 388
395 393 388
383 396 395
397 395 396
398 387 377
390 387 398
392 390 399
399 390 398
392 399 400
400 399 398
392 400 401
402 401 400
403 393 395
397 403 395
404 393 403
397 404 403
397 405 404
404 394 393
405 406 404
406 394 404
405 407 406
408 406 407
409 400 398
402 400 409
408 410 406
410 394 406
408 411 410
410 411 394
408 412 411
413 411 412
413 414 411
411 414 394
415 414 413
409 398 416
414 416 394
377 416 398
377 394 416
402 409 417
417 409 416
402 417 418
415 418 417
415 419 414
414 419 416
415 417 419
419 417 416
420 421 422
420 422 423
423 422 424
422 425 424
422 421 425
421 426 425
421 427 426
425 426 428
429 426 427
428 426 430
430 426 429
429 431 430
432 431 429
430 431 433
432 434 431
431 434 433
435 436 437
438 437 436
435 437 439
435 439 440
439 441 440
435 440 442
440 443 442
440 444 443
441 444 440
445 443 444
437 446 439
439 446 441
438 447 437
447 446 437
445 444 448
449 445 448
438 450 447
438 451 450
452 450 451
448 444 453
453 444 441
449 448 454
454 448 453
455 449 454
450 456 447
447 456 446
452 457 450
457 456 450
452 458 457
452 459 458
460 458 459
458 461 457
457 461 456
460 462 458
462 461 458
460 463 462
464 463 460
462 465 461
465 462 463
465 463 466
467 463 464
467 464 468
469 467 468
470 467 469
470 469 471
472 470 471
461 465 473
465 466 473
474 456 461
461 473 474
475 463 467
466 463 475
476 470 472
476 472 477
478 476 477
474 479 456
479 446 456
480 467 470
475 467 480
481 476 478
481 478 482
483 481 482
479 484 446
484 441 446
485 481 483
485 483 486
487 485 486
488 485 487
488 487 489
481 485 490
490 485 488
476 481 491
481 490 491
476 491 492
470 476 492
493 491 490
493 492 491
470 492 494
493 494 492
480 470 494
493 480 494
493 475 480
493 490 495
493 495 475
490 488 495
475 495 496
488 496 495
466 475 496
497 488 489
497 489 498
499 497 498
488 500 496
497 500 488
466 496 500
499 501 497
497 501 500
466 500 502
501 502 500
499 503 501
499 504 503
505 503 504
503 506 501
501 506 502
507 466 502
507 473 466
505 508 503
508 506 503
505 509 508
505 510 509
511 509 510
509 512 508
508 512 506
513 502 506
513 507 502
511 514 509
514 512 509
511 515 514
511 516 515
517 515 516
515 518 514
514 518 512
517 519 515
519 518 515
520 519 517
506 512 521
506 521 513
520 522 519
523 522 520
522 524 519
519 524 518
523 525 522
525 524 522
526 525 523
512 518 527
512 527 521
528 518 524
528 527 518
526 529 525
529 526 530
525 531 524
524 531 528
529 531 525
529 530 532
529 533 531
533 529 532
533 532 534
532 535 534
530 535 532
530 536 535
537 535 536
537 538 535
535 538 534
537 539 538
534 538 539
537 540 539
541 539 540
541 542 539
534 539 542
543 542 541
534 542 543
543 541 544
545 543 544
545 534 543
545 544 546
547 545 546
548 534 545
548 545 547
533 534 548
533 548 547
533 547 549
531 533 549
531 549 550
528 531 550
551 549 547
552 550 549
552 549 551
553 528 550
554 550 552
554 553 550
553 555 528
555 527 528
555 556 527
556 521 527
557 555 553
557 556 555
557 553 558
554 558 553
556 557 559
556 559 521
557 560 559
560 521 559
560 513 521
513 560 561
557 561 560
513 561 507
507 561 562
557 562 561
507 562 473
473 562 563
557 563 562
473 563 474
474 563 564
557 564 563
474 564 479
479 564 565
557 565 564
479 565 484
557 566 565
484 565 566
557 558 566
484 566 567
567 566 558
484 567 441
567 558 554
554 441 567
554 453 441
554 552 453
454 453 552
568 454 552
455 454 568
568 552 551
568 569 455
568 551 569
455 569 570
569 551 571
572 569 571
570 569 572
570 572 573
574 573 572
574 572 575
572 571 575
574 575 576
575 571 576
574 576 577
578 577 576
578 576 579
571 579 576
580 578 579
571 580 579
580 581 578
582 581 580
571 582 580
582 583 581
582 547 583
584 582 571
584 547 582
571 551 584
551 547 584
585 586 587
587 586 588
589 588 586
589 586 590
589 590 591
592 591 590
592 590 593
592 593 594
594 593 595
594 595 596
596 595 597
597 595 598
598 595 599
599 595 600
593 590 601
590 586 601
595 593 601
586 602 601
603 595 601
600 595 603
604 603 601
600 603 605
605 603 606
606 603 607
607 603 604
607 604 608
608 604 609
609 604 610
585 602 586
610 604 611
585 612 602
602 612 601
585 613 612
614 612 613
611 604 615
615 604 601
611 615 616
616 615 617
617 615 618
618 615 619
619 615 601
618 619 620
620 619 621
621 619 622
622 619 623
623 619 624
614 625 612
612 625 601
614 626 625
627 625 626
628 619 601
624 619 628
625 628 601
627 628 625
624 628 629
627 629 628
