byte offset: 0
first index: 0
index count: 7068
topology: trianglelist
format: DXGI_FORMAT_R16_UINT

0 1 2
0 2 3
4 5 6
4 6 7
3 2 8
3 8 9
10 5 4
10 4 11
12 13 14
12 14 15
12 15 16
12 16 17
18 12 17
18 17 19
20 21 1
20 1 0
12 18 22
12 22 13
5 18 19
5 19 6
22 18 5
22 5 10
21 20 15
23 24 25
23 25 26
27 28 29
27 29 30
31 32 33
31 33 34
35 36 37
35 37 38
39 40 41
39 41 42
43 44 45
46 47 48
46 48 49
50 51 52
50 52 53
54 55 56
54 56 57
26 25 58
26 58 59
35 38 60
35 60 61
62 63 32
62 32 31
39 42 64
39 64 65
66 67 50
66 50 53
68 69 28
68 28 27
70 71 43
72 73 74
72 74 75
76 77 78
76 78 79
80 81 82
80 82 83
84 85 86
84 86 87
84 88 89
84 89 85
79 90 91
79 91 76
80 83 92
80 92 93
94 95 88
94 88 84
96 97 74
96 74 73
40 98 99
40 99 41
34 33 100
34 100 101
102 103 37
102 37 36
104 105 24
104 24 23
84 87 106
84 106 94
43 71 44
53 52 95
53 95 94
57 56 97
57 97 96
90 44 71
90 71 91
93 92 47
93 47 46
106 66 53
106 53 94
102 86 85
81 101 100
81 100 82
77 99 98
77 98 78
105 104 72
105 72 75
21 15 14
15 20 16
102 85 103
103 85 89
107 108 109
108 110 111
112 113 114
112 115 116
117 118 115
115 114 119
109 120 121
116 122 123
111 124 108
120 108 125
118 126 116
118 117 127
119 128 117
129 128 130
129 127 117
129 130 131
118 132 133
130 128 134
135 134 136
137 134 128
137 136 134
138 137 139
138 140 136
139 119 141
139 142 138
140 138 143
141 144 142
141 114 145
145 146 144
147 107 148
148 149 150
148 150 147
149 151 152
148 109 121
153 154 155
143 138 156
157 143 156
158 157 156
142 158 156
144 159 158
159 160 158
159 161 160
162 163 150
162 150 149
152 164 162
152 162 149
137 128 119
153 165 166
167 168 166
167 166 165
129 117 128
169 170 166
166 168 171
166 171 169
172 173 166
172 166 170
131 174 132
174 175 133
135 131 130
136 140 176
176 177 136
154 166 173
174 135 177
135 174 131
178 171 168
178 179 180
178 180 181
179 168 167
138 136 137
176 140 143
166 154 153
135 136 177
130 134 135
127 129 131
132 118 127
132 127 131
174 177 175
174 133 132
182 118 133
144 158 142
142 156 138
160 157 158
118 116 115
123 112 116
149 148 151
107 109 148
114 113 145
119 114 141
137 119 139
107 110 108
109 108 120
112 114 115
115 119 117
124 125 108
120 125 183
116 126 122
118 182 126
145 144 141
141 142 139
175 182 133
159 144 146
159 146 161
179 178 168
184 185 186
186 187 188
188 189 184
188 190 191
192 191 193
191 194 189
185 195 196
190 187 197
187 186 197
196 198 186
193 190 199
193 200 192
194 192 201
202 203 201
202 192 200
202 204 203
193 205 206
203 207 201
208 209 207
210 201 207
210 207 209
211 212 210
211 209 213
212 214 194
212 211 215
213 216 211
214 215 217
214 218 189
218 217 219
218 220 184
220 218 219
220 219 221
221 222 223
220 223 195
224 216 225
216 226 211
224 226 216
227 226 224
215 226 227
217 227 228
228 227 229
228 229 230
231 221 219
231 219 230
222 221 231
222 231 232
210 194 201
233 234 235
236 235 234
236 234 237
202 201 192
238 234 239
234 238 240
234 240 237
241 234 242
241 239 234
204 206 243
243 205 244
208 203 204
209 225 213
225 209 245
246 242 234
243 245 208
208 204 243
247 237 240
247 248 249
247 249 250
250 236 237
211 210 209
225 216 213
234 233 246
208 245 209
203 208 207
200 204 202
206 200 193
206 204 200
243 244 245
243 206 205
251 205 193
217 215 227
215 211 226
229 227 224
193 191 190
187 190 188
221 223 220
184 220 185
189 218 184
194 214 189
210 212 194
184 186 188
185 196 186
188 191 189
191 192 194
197 186 198
196 252 198
190 197 199
193 199 251
218 214 217
214 212 215
244 205 251
228 219 217
228 230 219
250 237 247
148 121 151
220 195 185
253 254 255
256 257 258
259 260 261
262 263 264
253 265 266
253 266 267
268 269 270
268 270 271
272 273 274
272 274 275
268 271 276
275 263 272
277 266 265
278 279 280
278 280 281
282 283 270
258 274 273
284 285 286
284 286 287
288 289 290
278 288 259
278 259 279
256 258 291
258 273 292
293 292 273
293 273 272
286 285 293
286 293 272
294 256 295
296 265 297
265 253 297
297 253 298
253 255 299
287 300 284
271 301 302
271 303 304
270 303 271
283 305 270
286 262 287
306 287 262
259 290 260
259 288 290
275 264 263
300 307 284
262 308 306
306 300 287
298 253 299
253 267 254
271 302 276
271 304 301
256 309 257
295 256 291
294 310 256
310 309 256
291 258 292
258 257 274
311 277 265
296 311 265
282 270 269
305 303 270
272 263 286
263 262 286
312 313 314
312 314 315
316 314 313
316 313 317
318 316 317
318 317 319
318 320 321
321 320 322
322 323 321
324 323 325
324 326 321
326 327 318
328 329 314
315 314 329
315 329 330
316 328 314
331 332 327
333 332 331
316 332 333
316 318 332
327 332 318
334 324 325
326 324 334
326 334 335
327 326 335
336 337 338
336 338 339
338 337 340
341 337 336
337 341 342
337 342 340
343 342 341
336 344 343
336 343 341
340 345 325
340 325 338
338 325 323
338 323 339
323 346 339
346 336 339
344 347 348
344 348 343
348 349 343
350 351 352
351 353 352
351 354 353
355 356 357
355 357 354
355 351 358
355 358 359
356 355 359
356 359 360
361 347 358
361 358 351
348 347 361
350 348 361
362 344 336
363 364 365
363 365 366
360 366 365
360 365 356
367 357 356
368 367 365
368 365 364
315 330 369
315 369 370
315 370 312
371 347 344
358 372 359
347 373 358
371 374 347
372 360 359
360 375 366
363 366 375
363 375 376
330 329 377
330 377 378
330 378 369
377 329 328
377 328 379
333 379 328
380 327 335
380 335 381
381 335 334
382 381 334
382 334 325
325 345 382
383 384 349
383 349 350
352 383 350
353 385 383
353 383 352
354 386 385
354 385 353
354 357 387
354 387 386
357 367 388
357 388 387
331 327 380
379 333 331
379 331 380
389 369 378
389 378 390
390 391 389
369 389 392
369 392 370
389 391 392
392 393 370
394 395 391
394 391 390
396 392 391
396 391 395
397 392 396
333 328 316
326 318 321
321 323 324
322 398 323
319 320 318
349 348 350
362 371 344
361 351 350
351 355 354
372 399 360
399 375 360
367 356 365
312 370 400
370 393 400
397 393 392
349 342 343
398 346 323
346 401 336
401 362 336
347 374 373
358 373 372
368 402 388
368 388 367
403 404 405
403 405 406
407 408 406
407 406 405
409 410 408
409 408 407
409 411 412
411 413 412
413 411 414
415 416 414
415 411 417
417 409 418
419 405 420
404 421 420
404 420 405
407 405 419
422 418 423
424 422 423
407 424 423
407 423 409
418 409 423
425 416 415
417 426 425
417 425 415
418 426 417
427 428 429
427 429 430
429 431 430
432 427 430
430 431 433
430 433 432
434 432 433
427 432 434
427 434 435
431 429 416
431 416 436
429 428 414
429 414 416
414 428 437
437 428 427
435 434 438
435 438 439
438 434 440
441 442 443
443 442 444
443 444 445
446 445 447
446 447 448
446 449 450
446 450 443
448 451 449
448 449 446
452 443 450
452 450 439
438 452 439
441 452 438
453 427 435
454 455 456
454 456 457
451 448 454
451 454 457
458 448 447
459 455 454
459 454 458
404 460 461
404 461 421
404 403 460
462 435 439
450 449 463
439 450 464
462 439 465
463 449 451
451 457 466
456 467 466
456 466 457
421 468 420
421 461 469
421 469 468
468 470 419
468 419 420
424 419 470
471 472 426
471 426 418
472 425 426
473 416 425
473 425 472
416 473 436
474 441 440
474 440 475
442 441 474
444 442 474
444 474 476
445 444 476
445 476 477
445 477 478
445 478 447
447 478 479
447 479 458
422 471 418
470 471 422
470 422 424
480 481 469
480 469 461
481 480 482
461 460 483
461 483 480
480 483 482
483 460 484
485 481 482
485 482 486
487 486 482
487 482 483
488 487 483
424 407 419
417 411 409
411 415 414
413 414 489
410 409 412
440 441 438
453 435 462
452 441 443
443 445 446
463 451 490
490 451 466
458 454 448
403 491 460
460 491 484
488 483 484
440 434 433
489 414 437
437 427 492
492 427 453
439 464 465
450 463 464
459 458 479
459 479 493
494 495 496
494 496 497
498 499 500
498 500 501
502 503 499
502 499 498
504 505 503
504 503 502
506 507 505
506 505 504
508 509 507
508 507 506
510 511 509
510 509 508
512 513 511
512 511 510
514 515 513
514 513 512
497 496 515
497 515 514
516 494 497
516 497 517
518 498 501
518 501 519
520 502 498
520 498 518
521 504 502
521 502 520
522 506 504
522 504 521
523 508 506
523 506 522
524 510 508
524 508 523
525 512 510
525 510 524
526 514 512
526 512 525
517 497 514
517 514 526
527 528 529
527 529 530
531 532 533
531 533 534
535 531 534
535 534 536
529 535 536
529 536 530
537 538 539
537 539 540
541 542 543
541 543 544
545 546 542
545 542 541
547 548 546
547 546 545
549 550 548
549 548 547
551 552 550
551 550 549
553 554 552
553 552 551
555 556 554
555 554 553
557 558 556
557 556 555
540 539 558
540 558 557
559 537 540
559 540 560
561 541 544
561 544 562
563 545 541
563 541 561
564 547 545
564 545 563
565 549 547
565 547 564
566 551 549
566 549 565
567 553 551
567 551 566
568 555 553
568 553 567
569 557 555
569 555 568
560 540 557
560 557 569
570 571 572
570 572 573
574 575 576
574 576 577
578 574 577
578 577 579
572 578 579
572 579 573
580 581 582
580 582 583
584 585 586
584 586 587
588 589 585
588 585 584
590 591 589
590 589 588
592 593 591
592 591 590
594 595 593
594 593 592
596 597 595
596 595 594
598 599 597
598 597 596
600 601 599
600 599 598
583 582 601
583 601 600
602 580 583
602 583 603
604 584 587
604 587 605
606 588 584
606 584 604
607 590 588
607 588 606
608 592 590
608 590 607
609 594 592
609 592 608
610 596 594
610 594 609
611 598 596
611 596 610
612 600 598
612 598 611
603 583 600
603 600 612
613 614 615
613 615 616
617 618 619
617 619 620
621 617 620
621 620 622
615 621 622
615 622 616
623 624 625
623 625 626
627 628 629
627 629 630
631 627 630
631 630 632
633 631 632
633 632 634
635 633 634
635 634 636
637 635 636
637 636 638
639 637 638
639 638 640
641 639 640
641 640 642
643 641 642
643 642 644
624 643 644
624 644 625
645 646 624
645 624 623
647 648 628
647 628 627
649 647 627
649 627 631
650 649 631
650 631 633
651 650 633
651 633 635
652 651 635
652 635 637
653 652 637
653 637 639
654 653 639
654 639 641
655 654 641
655 641 643
646 655 643
646 643 624
656 657 658
656 658 659
660 661 662
660 662 663
664 665 661
664 661 660
658 657 665
658 665 664
666 667 668
666 668 669
670 671 672
670 672 673
674 670 673
674 673 675
676 674 675
676 675 677
678 676 677
678 677 679
680 678 679
680 679 681
682 680 681
682 681 683
684 682 683
684 683 685
686 684 685
686 685 687
667 686 687
667 687 668
688 689 667
688 667 666
690 691 671
690 671 670
692 690 670
692 670 674
693 692 674
693 674 676
694 693 676
694 676 678
695 694 678
695 678 680
696 695 680
696 680 682
697 696 682
697 682 684
698 697 684
698 684 686
689 698 686
689 686 667
699 700 701
699 701 702
703 704 705
703 705 706
707 708 704
707 704 703
701 700 708
701 708 707
709 710 711
709 711 712
713 714 715
713 715 716
717 713 716
717 716 718
719 717 718
719 718 720
721 719 720
721 720 722
723 721 722
723 722 724
725 723 724
725 724 726
727 725 726
727 726 728
729 727 728
729 728 730
710 729 730
710 730 711
731 732 710
731 710 709
733 734 714
733 714 713
735 733 713
735 713 717
736 735 717
736 717 719
737 736 719
737 719 721
738 737 721
738 721 723
739 738 723
739 723 725
740 739 725
740 725 727
741 740 727
741 727 729
732 741 729
732 729 710
742 743 744
742 744 745
746 747 748
746 748 749
750 751 747
750 747 746
744 743 751
744 751 750
752 753 754
752 754 755
756 757 758
756 758 759
760 761 757
760 757 756
762 763 761
762 761 760
764 765 763
764 763 762
766 767 765
766 765 764
768 769 767
768 767 766
770 771 769
770 769 768
772 773 771
772 771 770
755 754 773
755 773 772
774 752 755
774 755 775
776 756 759
776 759 777
778 760 756
778 756 776
779 762 760
779 760 778
780 764 762
780 762 779
781 766 764
781 764 780
782 768 766
782 766 781
783 770 768
783 768 782
784 772 770
784 770 783
775 755 772
775 772 784
785 786 787
785 787 788
789 790 791
785 790 789
785 789 792
790 793 794
790 794 791
786 785 792
795 796 797
795 797 798
799 800 801
799 801 802
803 799 802
803 802 804
805 803 804
805 804 806
807 805 806
807 806 808
809 807 808
809 808 810
811 809 810
811 810 812
813 811 812
813 812 814
815 813 814
815 814 816
796 815 816
796 816 797
817 818 796
817 796 795
819 820 800
819 800 799
821 819 799
821 799 803
822 821 803
822 803 805
823 822 805
823 805 807
824 823 807
824 807 809
825 824 809
825 809 811
826 825 811
826 811 813
827 826 813
827 813 815
818 827 815
818 815 796
828 829 830
828 830 831
832 833 834
828 835 832
828 832 834
834 833 836
834 836 837
831 835 828
838 839 840
838 840 841
842 843 844
842 844 845
845 844 840
845 840 839
846 847 848
846 848 849
849 848 850
849 850 851
852 853 854
853 855 854
856 857 858
853 852 857
859 860 861
859 861 862
862 861 863
862 863 864
864 863 865
864 865 866
867 868 860
867 860 859
869 870 871
869 871 872
873 874 875
873 875 876
877 878 874
877 874 873
872 871 878
872 878 877
879 880 881
879 881 882
883 884 880
883 880 879
885 886 887
885 887 888
882 881 886
882 886 885
889 856 858
856 890 891
852 858 857
861 882 885
861 885 863
860 879 882
860 882 861
868 883 879
868 879 860
865 863 885
865 885 888
892 893 894
892 894 895
896 897 898
896 898 899
899 898 895
899 895 894
851 850 900
851 900 901
901 900 902
901 902 903
867 904 905
867 905 868
868 905 906
868 906 883
906 907 884
906 884 883
869 908 909
869 909 870
910 911 843
910 843 842
889 890 856
896 912 913
896 913 897
855 914 854
892 915 916
892 916 893
917 918 838
917 838 841
919 920 903
919 903 902
921 922 923
921 923 924
925 926 927
925 927 928
926 924 923
926 923 927
929 930 931
929 931 932
930 933 934
930 934 931
935 936 937
937 936 938
939 940 941
937 941 935
942 943 944
942 944 945
943 946 947
943 947 944
946 948 949
946 949 947
950 942 945
950 945 951
952 953 954
952 954 955
956 957 958
956 958 959
960 956 959
960 959 961
953 960 961
953 961 954
962 963 964
962 964 965
966 962 965
966 965 967
968 969 970
968 970 971
963 968 971
963 971 964
972 940 939
939 973 974
935 941 940
944 947 968
944 968 963
945 944 963
945 963 962
951 945 962
951 962 966
949 969 968
949 968 947
975 976 977
975 977 978
979 980 981
979 981 982
980 977 976
980 976 981
933 983 984
933 984 934
983 985 986
983 986 984
950 951 987
950 987 988
951 966 989
951 989 987
989 966 967
989 967 990
952 955 991
952 991 992
993 925 928
993 928 994
974 972 939
979 982 995
979 995 996
938 936 997
975 978 998
975 998 999
1000 922 921
1000 921 1001
1002 986 985
1002 985 1003
1004 1005 1006
1004 1006 1007
1008 1009 1010
1008 1010 1011
1012 1013 1014
1012 1014 1015
1016 1017 1018
1016 1018 1019
1020 1021 1022
1023 1024 1025
1023 1025 1026
1027 1028 1029
1027 1029 1030
1005 1031 1032
1005 1032 1006
1033 1012 1015
1033 1015 1034
1018 1017 1035
1018 1035 1036
1037 1008 1011
1037 1011 1038
1039 1020 1040
1041 1042 1043
1041 1043 1044
1045 1046 1047
1045 1047 1048
1049 1050 1051
1049 1051 1052
1046 1045 1053
1046 1053 1054
1049 1055 1056
1049 1056 1050
1057 1044 1043
1057 1043 1058
1016 1019 1059
1016 1059 1060
1013 1061 1062
1013 1062 1014
1063 1004 1007
1063 1007 1064
1020 1022 1040
1028 1057 1058
1028 1058 1029
1054 1053 1040
1054 1040 1022
1055 1023 1026
1055 1026 1056
1052 1051 1062
1052 1062 1061
1048 1047 1060
1048 1060 1059
1064 1042 1041
1064 1041 1063
1065 1066 1067
1065 1067 1068
1069 1066 1065
1069 1065 1070
1071 1072 1073
1071 1073 1074
1075 1073 1072
1075 1072 1076
1076 1066 1069
1076 1069 1075
1077 1078 1079
1077 1079 1080
1081 1082 1083
1081 1083 1084
1085 1084 1083
1085 1083 1086
1085 1086 1078
1085 1078 1077
1087 1088 1074
1087 1074 1073
1089 1087 1073
1089 1073 1075
1090 1089 1075
1090 1075 1069
1069 1070 1091
1069 1091 1090
1092 1093 1094
1092 1094 1095
1071 1074 1096
1071 1096 1097
1097 1096 1098
1097 1098 1099
1099 1098 1095
1099 1095 1094
1100 1101 1102
1100 1102 1103
1104 1082 1081
1104 1081 1105
1106 1104 1105
1106 1105 1107
1101 1106 1107
1101 1107 1102
1074 1088 1108
1074 1108 1096
1096 1108 1109
1096 1109 1098
1098 1109 1110
1098 1110 1095
1111 1092 1095
1111 1095 1110
1112 1113 1114
1112 1114 1115
1116 1117 1118
1116 1118 1119
1120 1116 1119
1120 1119 1121
1122 1123 1124
1122 1124 1125
1126 1122 1125
1126 1125 1127
1128 1129 1130
1128 1130 1131
1132 1128 1131
1132 1131 1133
1128 1132 1134
1128 1134 1135
1129 1128 1135
1129 1135 1136
1122 1126 1137
1122 1137 1138
1123 1122 1138
1123 1138 1139
1116 1120 1140
1116 1140 1141
1117 1116 1141
1117 1141 1142
1143 1144 1145
1143 1145 1146
1113 1112 1147
1113 1147 1148
1149 1113 1148
1149 1148 1150
1135 1134 1151
1135 1151 1152
1136 1135 1152
1136 1152 1153
1138 1137 1154
1138 1154 1155
1139 1138 1155
1139 1155 1156
1141 1140 1157
1141 1157 1158
1142 1141 1158
1142 1158 1159
1146 1145 1160
1146 1160 1161
1148 1147 1162
1148 1162 1163
1150 1148 1163
1150 1163 1164
1131 1165 1166
1131 1166 1133
1130 1167 1165
1130 1165 1131
1125 1168 1169
1125 1169 1127
1124 1170 1168
1124 1168 1125
1119 1171 1172
1119 1172 1121
1118 1173 1171
1118 1171 1119
1174 1175 1176
1174 1176 1177
1114 1178 1179
1114 1179 1115
1180 1181 1178
1180 1178 1114
1182 1183 1184
1182 1184 1185
1182 1186 1187
1182 1187 1183
1183 1187 1188
1183 1188 1189
1190 1189 1188
1190 1188 1191
1192 1190 1191
1192 1191 1193
1194 1190 1192
1194 1192 1195
1196 1197 1192
1196 1192 1193
1192 1197 1198
1192 1198 1195
1199 1200 1197
1199 1197 1196
1198 1197 1200
1198 1200 1201
1202 1203 1200
1202 1200 1199
1201 1200 1203
1201 1203 1204
1182 1205 1206
1182 1206 1186
1207 1208 1209
1207 1209 1210
1211 1207 1210
1211 1210 1212
1213 1214 1215
1213 1215 1216
1213 1208 1217
1213 1217 1218
1208 1207 1219
1208 1219 1217
1207 1211 1220
1207 1220 1219
1220 1211 1221
1220 1221 1222
1221 1223 1224
1221 1224 1222
1224 1223 1225
1224 1225 1226
1226 1225 1227
1226 1227 1228
1214 1213 1218
1214 1218 1229
1230 1231 1232
1230 1232 1233
1234 1230 1233
1234 1233 1235
1236 1237 1232
1236 1232 1231
1237 1236 1238
1237 1238 1239
1240 1241 1242
1240 1242 1243
1240 1243 1244
1240 1244 1245
1241 1246 1247
1241 1247 1242
1248 1249 1250
1248 1250 1251
1252 1245 1244
1246 1253 1254
1246 1254 1247
1248 1251 1255
1248 1255 1256
1257 1258 1250
1257 1250 1249
1259 1260 1261
1253 1256 1255
1253 1255 1254
1262 1263 1264
1265 1266 1260
1267 1268 1269
1267 1269 1270
1267 1270 1271
1267 1271 1272
1269 1268 1273
1269 1273 1274
1274 1273 1275
1276 1277 1278
1276 1278 1279
1279 1278 1280
1281 1282 1283
1281 1283 1284
1285 1286 1287
1285 1287 1288
1285 1288 1289
1285 1289 1290
1286 1291 1292
1286 1292 1287
1293 1294 1295
1293 1295 1296
1291 1297 1298
1291 1298 1292
1293 1296 1299
1293 1299 1300
1301 1302 1295
1301 1295 1294
1303 1304 1282
1297 1300 1299
1297 1299 1298
1302 1301 1305
1306 1283 1304
1307 1308 1309
1307 1309 1310
1307 1310 1311
1307 1311 1312
1309 1308 1313
1309 1313 1314
1314 1313 1315
1283 1282 1304
1281 1284 1316
1281 1316 1317
1317 1316 1318
1317 1318 1319
1319 1318 1320
1321 1322 1323
1321 1323 1324
1325 1326 1327
1325 1327 1328
1325 1328 1329
1325 1329 1330
1326 1331 1332
1326 1332 1327
1333 1334 1335
1333 1335 1336
1331 1337 1338
1331 1338 1332
1333 1336 1339
1333 1339 1340
1341 1342 1335
1341 1335 1334
1343 1344 1322
1337 1340 1339
1337 1339 1338
1342 1341 1345
1346 1323 1344
1347 1348 1349
1347 1349 1350
1347 1350 1351
1347 1351 1352
1349 1348 1353
1349 1353 1354
1354 1353 1355
1321 1324 1356
1321 1356 1357
1357 1356 1358
1357 1358 1359
1359 1358 1360
1361 1362 1363
1361 1363 1364
1365 1366 1367
1365 1367 1368
1365 1368 1369
1365 1369 1370
1366 1371 1372
1366 1372 1367
1373 1374 1375
1373 1375 1376
1371 1377 1378
1371 1378 1372
1373 1376 1379
1373 1379 1380
1381 1382 1375
1381 1375 1374
1383 1384 1363
1377 1380 1379
1377 1379 1378
1385 1364 1384
1386 1387 1388
1386 1388 1389
1386 1389 1390
1386 1390 1391
1388 1387 1392
1388 1392 1393
1393 1392 1394
1362 1361 1395
1362 1395 1396
1396 1395 1397
1396 1397 1398
1398 1397 1399
1400 1401 1402
1400 1402 1403
1276 1404 1405
1276 1405 1277
1260 1266 1261
1404 1261 1266
1404 1266 1405
1363 1384 1364
1322 1344 1323
1252 1382 1381
1252 1244 1382
1289 1264 1290
1262 1264 1289
1329 1305 1330
1302 1305 1329
1406 1345 1407
1342 1345 1406
1403 1402 1408
1403 1408 1409
1410 1409 1408
1410 1408 1411
1412 1413 1414
1412 1414 1415
1416 1412 1415
1416 1415 1417
1418 1416 1417
1418 1417 1419
1420 1421 1422
1420 1422 1423
1424 1420 1423
1424 1423 1425
1426 1424 1425
1426 1425 1427
1428 1426 1427
1428 1427 1429
1430 1428 1429
1430 1429 1431
1432 1430 1431
1432 1431 1433
1434 1432 1433
1434 1433 1435
1436 1434 1435
1436 1435 1437
1413 1436 1437
1413 1437 1414
1438 1439 1440
1441 1442 1443
1443 1442 1444
1444 1442 1445
1445 1442 1446
1447 1442 1448
1448 1442 1441
1449 1450 1451
1450 1452 1451
1452 1453 1451
1453 1454 1451
1455 1456 1451
1456 1449 1451
1438 1457 1458
1458 1457 1459
1458 1459 1460
1458 1460 1461
1461 1460 1462
1438 1440 1457
1440 1439 1463
1463 1464 1465
1463 1439 1464
1466 1467 1468
1466 1468 1469
1470 1471 1472
1470 1472 1473
1474 1475 1476
1477 1478 1479
1480 1481 1482
1480 1482 1483
1484 1485 1486
1484 1486 1487
1488 1489 1490
1488 1490 1491
1492 1493 1494
1495 1496 1497
1498 1499 1500
1498 1500 1501
1502 1503 1504
1502 1504 1505
1506 1507 1508
1506 1508 1509
1510 1511 1512
1513 1514 1515
1516 1517 1518
1516 1518 1519
1520 1521 1522
1520 1522 1523
1524 1525 1526
1524 1526 1527
1528 1529 1530
1531 1532 1533
1534 1535 1536
1534 1536 1537
1538 1539 1540
1538 1540 1541
1542 1543 1544
1542 1544 1545
1546 1547 1548
1549 1550 1551
1552 1553 1554
1552 1554 1555
1556 1557 1558
1556 1558 1559
1560 1561 1562
1560 1562 1563
1564 1565 1566
1567 1568 1569
1570 1571 1572
1570 1572 1573
1574 1575 1576
1574 1576 1577
1578 1579 1580
1578 1580 1581
1582 1583 1584
1585 1586 1587
1588 1589 1590
1588 1590 1591
1592 1593 1594
1592 1594 1595
1596 1597 1598
1596 1598 1599
1600 1601 1602
1603 1604 1605
1606 1607 1608
1606 1608 1609
1610 1611 1612
1610 1612 1613
1614 1615 1616
1614 1616 1617
1618 1619 1620
1621 1622 1623
1624 1625 1626
1624 1626 1627
1628 1629 1630
1628 1630 1631
1632 1633 1634
1632 1634 1635
1636 1637 1638
1639 1640 1641
1642 1643 1644
1642 1644 1645
1646 1647 1648
1646 1648 1649
1650 1651 1652
1650 1652 1653
1654 1655 1656
1657 1658 1659
1660 1661 1662
1660 1662 1663
1664 1665 1666
1664 1666 1667
1668 1669 1670
1668 1670 1671
1672 1673 1674
1675 1676 1677
1678 1679 1680
1678 1680 1681
1682 1683 1684
1682 1684 1685
1682 1685 1686
1682 1686 1687
1683 1688 1689
1683 1689 1684
1690 1691 1692
1690 1692 1693
1694 1687 1686
1688 1695 1696
1688 1696 1689
1690 1693 1697
1690 1697 1698
1699 1700 1692
1699 1692 1691
1701 1702 1703
1695 1698 1697
1695 1697 1696
1704 1705 1706
1707 1708 1702
1709 1710 1711
1709 1711 1712
1709 1712 1713
1709 1713 1714
1711 1710 1715
1711 1715 1716
1716 1715 1717
1718 1719 1720
1718 1720 1721
1721 1720 1722
1723 1724 1725
1723 1725 1726
1727 1728 1729
1727 1729 1730
1727 1730 1706
1727 1706 1705
1728 1731 1732
1728 1732 1729
1733 1734 1735
1733 1735 1736
1731 1737 1738
1731 1738 1732
1733 1736 1739
1733 1739 1740
1741 1742 1735
1741 1735 1734
1743 1744 1724
1737 1740 1739
1737 1739 1738
1745 1746 1747
1748 1725 1744
1749 1750 1751
1749 1751 1752
1749 1752 1753
1749 1753 1754
1751 1750 1755
1751 1755 1756
1756 1755 1757
1725 1724 1744
1723 1726 1758
1723 1758 1759
1759 1758 1760
1759 1760 1761
1761 1760 1762
1763 1764 1765
1763 1765 1766
1767 1768 1769
1767 1769 1770
1767 1770 1747
1767 1747 1746
1768 1771 1772
1768 1772 1769
1773 1774 1775
1773 1775 1776
1771 1777 1778
1771 1778 1772
1773 1776 1779
1773 1779 1780
1781 1782 1775
1781 1775 1774
1783 1784 1764
1777 1780 1779
1777 1779 1778
1782 1781 1785
1786 1765 1784
1787 1788 1789
1787 1789 1790
1787 1790 1791
1787 1791 1792
1789 1788 1793
1789 1793 1794
1794 1793 1795
1763 1766 1796
1763 1796 1797
1797 1796 1798
1797 1798 1799
1799 1798 1800
1801 1802 1803
1801 1803 1804
1805 1806 1807
1805 1807 1808
1805 1808 1809
1805 1809 1810
1806 1811 1812
1806 1812 1807
1813 1814 1815
1813 1815 1816
1811 1817 1818
1811 1818 1812
1813 1816 1819
1813 1819 1820
1821 1822 1815
1821 1815 1814
1823 1824 1803
1817 1820 1819
1817 1819 1818
1825 1804 1824
1826 1827 1828
1826 1828 1829
1826 1829 1830
1826 1830 1831
1828 1827 1832
1828 1832 1833
1833 1832 1834
1802 1801 1835
1802 1835 1836
1836 1835 1837
1836 1837 1838
1838 1837 1839
1840 1841 1842
1840 1842 1843
1718 1844 1845
1718 1845 1719
1702 1708 1703
1844 1703 1708
1844 1708 1845
1803 1824 1804
1764 1784 1765
1704 1846 1847
1704 1706 1846
1848 1842 1841
1848 1841 1849
1850 1840 1843
1850 1843 1851
1852 1785 1853
1782 1785 1852
1745 1742 1741
1745 1747 1742
1694 1822 1821
1694 1686 1822
1854 1855 1856
1854 1856 1857
1854 1857 1858
1854 1858 1859
1855 1860 1861
1855 1861 1856
1862 1863 1864
1862 1864 1865
1866 1859 1858
1860 1867 1868
1860 1868 1861
1862 1865 1869
1862 1869 1870
1871 1872 1864
1871 1864 1863
1873 1874 1875
1867 1870 1869
1867 1869 1868
1876 1877 1878
1879 1880 1874
1881 1882 1883
1881 1883 1884
1881 1884 1885
1881 1885 1886
1883 1882 1887
1883 1887 1888
1888 1887 1889
1890 1891 1892
1890 1892 1893
1893 1892 1894
1895 1896 1897
1895 1897 1898
1899 1900 1901
1899 1901 1902
1899 1902 1903
1899 1903 1904
1900 1905 1906
1900 1906 1901
1907 1908 1909
1907 1909 1910
1905 1911 1912
1905 1912 1906
1907 1910 1913
1907 1913 1914
1915 1916 1909
1915 1909 1908
1917 1918 1896
1911 1914 1913
1911 1913 1912
1916 1915 1919
1920 1897 1918
1921 1922 1923
1921 1923 1924
1921 1924 1925
1921 1925 1926
1923 1922 1927
1923 1927 1928
1928 1927 1929
1897 1896 1918
1895 1898 1930
1895 1930 1931
1931 1930 1932
1931 1932 1933
1933 1932 1934
1935 1936 1937
1935 1937 1938
1939 1940 1941
1939 1941 1942
1939 1942 1943
1939 1943 1944
1940 1945 1946
1940 1946 1941
1947 1948 1949
1947 1949 1950
1945 1951 1952
1945 1952 1946
1947 1950 1953
1947 1953 1954
1955 1956 1949
1955 1949 1948
1957 1958 1936
1951 1954 1953
1951 1953 1952
1956 1955 1959
1960 1937 1958
1961 1962 1963
1961 1963 1964
1965 1966 1967
1965 1967 1968
1963 1962 1969
1963 1969 1970
1970 1969 1971
1935 1938 1972
1935 1972 1973
1973 1972 1974
1973 1974 1975
1975 1974 1976
1977 1978 1979
1977 1979 1980
1981 1982 1983
1981 1983 1984
1981 1984 1985
1981 1985 1986
1982 1987 1988
1982 1988 1983
1989 1990 1991
1989 1991 1992
1987 1993 1994
1987 1994 1988
1989 1992 1995
1989 1995 1996
1997 1998 1991
1997 1991 1990
1993 1996 1995
1993 1995 1994
1999 2000 2001
1999 2001 2002
1999 2002 2003
1999 2003 2004
2001 2000 2005
2001 2005 2006
2006 2005 2007
1978 1977 2008
1978 2008 2009
2009 2008 2010
2009 2010 2011
2011 2010 2012
2013 2014 2015
2013 2015 2016
1890 2017 2018
1890 2018 1891
1874 1880 1875
2017 1875 1880
2017 1880 2018
1979 2019 2020
1936 1958 1937
1979 2020 1980
1980 2020 2021
2016 2015 2022
2016 2022 2023
2024 2023 2022
2024 2022 2025
2026 1959 2027
1956 1959 2026
1866 1998 1997
1866 1858 1998
1943 1919 1944
1916 1919 1943
1903 1878 1904
1876 1878 1903
2028 2029 2030
2028 2030 2031
2032 2033 2034
2032 2034 2035
2036 2037 2038
2039 2040 2041
2042 2043 2044
2042 2044 2045
2046 2047 2048
2046 2048 2049
2050 2051 2052
2050 2052 2053
2054 2055 2056
2057 2058 2059
2060 2061 2062
2060 2062 2063
2064 2065 2066
2064 2066 2067
2068 2069 2070
2068 2070 2071
2072 2073 2074
2075 2076 2077
2078 2079 2080
2078 2080 2081
2082 2083 2084
2082 2084 2085
2086 2087 2088
2086 2088 2089
2090 2091 2092
2093 2094 2095
2096 2097 2098
2096 2098 2099
1080 2100 2101
1080 2101 1077
2102 2103 2104
2102 2104 2105
1077 2101 2104
1077 2104 1085
2106 2102 1072
2106 1072 1071
2102 2105 1076
2102 1076 1072
2105 1067 1066
2105 1066 1076
2106 2107 2103
2106 2103 2102
2108 2109 2110
2108 2110 2111
1081 2107 2112
1081 2112 1105
2113 2114 2112
2113 2112 2115
2111 2110 2114
2111 2114 2113
1093 2108 2111
1093 2111 1094
1097 2115 2106
1097 2106 1071
1099 2113 2115
1099 2115 1097
1094 2111 2113
1094 2113 1099
1189 2116 1184
1189 1184 1183
1190 1194 2116
1190 2116 1189
1182 1185 2117
1182 2117 1205
1235 1233 1232
1235 1232 2118
1232 1237 1239
1232 1239 2118
1133 1185 1184
1133 1184 1132
1151 1194 1195
1151 1195 2119
2119 1195 1198
2119 1198 2120
2120 1198 1201
2120 1201 2121
1201 1204 2122
1201 2122 2121
1152 1151 2119
1152 2119 2123
2119 2120 2124
2119 2124 2123
2124 2120 2121
2124 2121 2125
2121 2122 2126
2121 2126 2125
2116 1134 1132
2116 1132 1184
1194 1151 1134
1194 1134 2116
1185 1133 1166
1185 1166 2117
1153 1152 2123
1153 2123 2127
2127 2123 2124
2127 2124 2128
2128 2124 2125
2128 2125 2129
2125 2126 2130
2125 2130 2129
2131 1130 1129
2131 1129 2132
2133 1153 2127
2133 2127 2134
2134 2127 2128
2134 2128 2135
2135 2128 2129
2135 2129 2136
2129 2130 2137
2129 2137 2136
1136 2138 2132
1136 2132 1129
1153 2133 2138
1153 2138 1136
1130 2131 2139
1130 2139 1167
1127 2131 2132
1127 2132 1126
1154 2133 2134
1154 2134 2140
2140 2134 2135
2140 2135 2141
2141 2135 2136
2141 2136 2142
2136 2137 2143
2136 2143 2142
1155 1154 2140
1155 2140 2144
2144 2140 2141
2144 2141 2145
2145 2141 2142
2145 2142 2146
2142 2143 2147
2142 2147 2146
2138 1137 1126
2138 1126 2132
2133 1154 1137
2133 1137 2138
2131 1127 1169
2131 1169 2139
1156 1155 2144
1156 2144 2148
2148 2144 2145
2148 2145 2149
2149 2145 2146
2149 2146 2150
2146 2147 2151
2146 2151 2150
2152 1124 1123
2152 1123 2153
2154 1156 2148
2154 2148 2155
2155 2148 2149
2155 2149 2156
2156 2149 2150
2156 2150 2157
2150 2151 2158
2150 2158 2157
1139 2159 2153
1139 2153 1123
1156 2154 2159
1156 2159 1139
1124 2152 2160
1124 2160 1170
1121 2152 2153
1121 2153 1120
1157 2154 2155
1157 2155 2161
2161 2155 2156
2161 2156 2162
2162 2156 2157
2162 2157 2163
2157 2158 2164
2157 2164 2163
1158 1157 2161
1158 2161 2165
2165 2161 2162
2165 2162 2166
2166 2162 2163
2166 2163 2167
2163 2164 2168
2163 2168 2167
2159 1140 1120
2159 1120 2153
2154 1157 1140
2154 1140 2159
2152 1121 1172
2152 1172 2160
1159 1158 2165
1159 2165 2169
2169 2165 2166
2169 2166 2170
2170 2166 2167
2170 2167 2171
2167 2168 2172
2167 2172 2171
2173 1118 1117
2173 1117 2174
2175 1159 2169
2175 2169 2176
2176 2169 2170
2176 2170 2177
2177 2170 2171
2177 2171 2178
2171 2172 2179
2171 2179 2178
1142 2180 2174
1142 2174 1117
1159 2175 2180
1159 2180 1142
1118 2173 2181
1118 2181 1173
1176 2173 2174
1176 2174 1144
1160 2175 2176
1160 2176 2182
2182 2176 2177
2182 2177 2183
2183 2177 2178
2183 2178 2184
2184 2178 2179
2184 2179 2185
2186 1177 1143
2186 1143 2187
2188 1161 2189
2188 2189 2190
2190 2189 2191
2190 2191 2192
2192 2191 2193
2192 2193 2194
2194 2193 2195
2194 2195 2196
1146 2197 2187
1146 2187 1143
1161 2188 2197
1161 2197 1146
2186 2198 1174
2186 1174 1177
1115 2186 2187
1115 2187 1112
1162 2188 2190
1162 2190 2199
2199 2190 2192
2199 2192 2200
2200 2192 2194
2200 2194 2201
2194 2196 2202
2194 2202 2201
1163 1162 2199
1163 2199 2203
2203 2199 2200
2203 2200 2204
2204 2200 2201
2204 2201 2205
2201 2202 2206
2201 2206 2205
2197 1147 1112
2197 1112 2187
2188 1162 1147
2188 1147 2197
2186 1115 1179
2186 1179 2198
1180 1114 1113
1180 1113 1149
1164 1163 2203
1164 2203 2207
2207 2203 2204
2207 2204 2208
2208 2204 2205
2208 2205 2209
2205 2206 2210
2205 2210 2209
1216 1180 1149
1216 1149 1209
1212 1164 2207
1212 2207 2211
2207 2208 2212
2207 2212 2211
2212 2208 2209
2212 2209 2213
2213 2209 2210
2213 2210 2214
1150 1210 1209
1150 1209 1149
1164 1212 1210
1164 1210 1150
1180 1216 1215
1180 1215 1181
1213 1216 1209
1213 1209 1208
1211 1212 2211
1211 2211 1221
2211 2212 1223
2211 1223 1221
1223 2212 2213
1223 2213 1225
1225 2213 2214
1225 2214 1227
1078 1226 1228
1078 1228 1079
1082 1220 1222
1082 1222 1083
1083 1222 1224
1083 1224 1086
1086 1224 1226
1086 1226 1078
1218 1101 1100
1218 1100 1229
1220 1082 1104
1220 1104 1219
1219 1104 1106
1219 1106 1217
1217 1106 1101
1217 1101 1218
2103 1084 1085
2103 1085 2104
2107 1081 1084
2107 1084 2103
2109 1103 1102
2109 1102 2110
2114 1107 1105
2114 1105 2112
2110 1102 1107
2110 1107 2114
2100 1068 1067
2100 1067 2101
2101 1067 2105
2101 2105 2104
2107 2106 2115
2107 2115 2112
2180 1145 1144
2180 1144 2174
2175 1160 1145
2175 1145 2180
2173 1176 1175
2173 1175 2181
1177 1176 1144
1177 1144 1143
1161 1160 2182
1161 2182 2189
2189 2182 2183
2189 2183 2191
2191 2183 2184
2191 2184 2193
2184 2185 2195
2184 2195 2193
