byte offset: 0
first index: 43281
index count: 9453
topology: trianglelist
format: DXGI_FORMAT_R16_UINT

11582 11583 11584
11582 11584 11585
11586 11587 11588
11589 11590 11591
11589 11591 11592
11593 11594 11595
11593 11595 11596
11582 11597 11598
11597 11599 11600
11597 11600 11598
11601 11602 11603
11604 11605 11606
11607 11608 11609
11607 11609 11610
11588 11587 11611
11588 11611 11584
11611 11605 11585
11611 11585 11584
11612 11613 11614
11612 11614 11615
11616 11617 11618
11619 11620 11621
11619 11621 11622
11623 11624 11625
11626 11627 11628
11626 11628 11629
11630 11631 11632
11630 11632 11633
11634 11627 11635
11634 11635 11636
11635 11631 11630
11635 11630 11636
11598 11637 11582
11638 11588 11584
11638 11584 11583
11618 11613 11612
11639 11640 11600
11639 11600 11599
11641 11642 11604
11641 11604 11606
11643 11644 11645
11643 11645 11646
11647 11648 11649
11647 11649 11615
11650 11618 11612
11651 11652 11653
11651 11653 11654
11655 11612 11656
11657 11616 11658
11600 11640 11659
11600 11659 11660
11661 11662 11663
11661 11663 11664
11665 11666 11667
11665 11667 11654
11590 11668 11669
11590 11669 11670
11644 11671 11672
11644 11672 11645
11672 11671 11673
11672 11673 11674
11675 11676 11677
11675 11677 11678
11679 11680 11681
11662 11608 11682
11662 11682 11667
11651 11683 11652
11684 11685 11686
11684 11686 11687
11688 11633 11689
11588 11638 11690
11690 11638 11691
11690 11691 11692
11689 11633 11632
11693 11628 11627
11693 11627 11634
11694 11631 11635
11694 11635 11695
11627 11626 11695
11627 11695 11635
11608 11662 11661
11608 11661 11609
11696 11697 11675
11696 11675 11678
11698 11699 11587
11634 11700 11701
11634 11701 11693
11702 11700 11634
11702 11634 11636
11636 11630 11703
11636 11703 11702
11703 11630 11633
11703 11633 11704
11598 11600 11660
11598 11660 11601
11668 11590 11589
11668 11589 11705
11706 11705 11661
11706 11661 11664
11705 11589 11609
11705 11609 11661
11637 11707 11583
11637 11583 11582
11707 11691 11583
11609 11589 11592
11609 11592 11610
11708 11649 11648
11709 11710 11689
11709 11689 11711
11704 11708 11648
11688 11708 11704
11712 11689 11710
11688 11712 11656
11688 11656 11708
11623 11713 11714
11623 11714 11715
11715 11603 11623
11716 11717 11653
11710 11621 11718
11710 11718 11655
11685 11719 11720
11685 11720 11686
11720 11719 11721
11720 11721 11722
11615 11614 11723
11615 11723 11647
11615 11649 11656
11615 11656 11612
11658 11616 11650
11620 11724 11658
11725 11726 11681
11726 11727 11683
11726 11683 11679
11652 11727 11716
11652 11716 11653
11728 11617 11616
11727 11726 11725
11729 11620 11619
11716 11727 11730
11616 11618 11650
11618 11617 11731
11603 11732 11601
11590 11670 11733
11590 11733 11591
11734 11651 11682
11734 11682 11735
11679 11683 11734
11601 11732 11637
11694 11736 11632
11694 11632 11631
11734 11683 11651
11710 11655 11712
11712 11655 11656
11736 11711 11632
11656 11649 11708
11688 11689 11712
11586 11588 11690
11717 11665 11654
11717 11654 11653
11683 11727 11652
11727 11725 11737
11727 11737 11730
11682 11608 11607
11682 11607 11735
11624 11602 11660
11682 11651 11654
11682 11654 11667
11666 11663 11662
11666 11662 11667
11624 11659 11625
11624 11623 11602
11602 11601 11660
11602 11623 11603
11706 11664 11640
11706 11640 11639
11641 11593 11596
11641 11596 11642
11625 11713 11623
11640 11664 11663
11640 11663 11659
11625 11663 11666
11594 11669 11668
11594 11668 11595
11642 11599 11597
11642 11597 11604
11596 11639 11599
11596 11599 11642
11595 11706 11639
11595 11639 11596
11668 11705 11706
11668 11706 11595
11659 11663 11625
11604 11585 11605
11659 11624 11660
11597 11585 11604
11585 11597 11582
11601 11637 11598
11731 11613 11618
11650 11612 11655
11729 11724 11620
11713 11625 11666
11713 11666 11665
11713 11665 11717
11713 11717 11714
11718 11621 11620
11718 11620 11658
11622 11621 11710
11622 11710 11709
11586 11698 11587
11711 11689 11632
11633 11688 11704
11718 11658 11650
11718 11650 11655
11728 11616 11657
11657 11658 11724
11679 11681 11726
11684 11687 11738
11684 11738 11739
11740 11741 11742
11740 11742 11743
11744 11745 11699
11744 11699 11746
11699 11745 11747
11699 11747 11748
11748 11747 11643
11748 11643 11646
11674 11673 11677
11674 11677 11676
11721 11719 11723
11719 11685 11648
11704 11685 11684
11704 11684 11703
11684 11739 11702
11684 11702 11703
11743 11742 11701
11743 11701 11700
11746 11699 11698
11699 11748 11611
11699 11611 11587
11611 11748 11646
11611 11646 11605
11605 11646 11645
11605 11645 11606
11606 11645 11672
11606 11672 11641
11672 11674 11593
11674 11594 11593
11674 11676 11594
11676 11675 11670
11676 11670 11669
11670 11675 11697
11670 11697 11733
11594 11676 11669
11672 11593 11641
11702 11739 11743
11702 11743 11700
11743 11739 11738
11743 11738 11740
11685 11704 11648
11723 11719 11647
11719 11648 11647
11749 11750 11751
11749 11751 11752
11753 11754 11755
11756 11592 11591
11756 11591 11757
11758 11759 11760
11758 11760 11761
11749 11762 11763
11763 11762 11764
11763 11764 11765
11766 11767 11768
11769 11770 11771
11607 11610 11772
11607 11772 11773
11754 11751 11774
11754 11774 11755
11774 11751 11750
11774 11750 11771
11775 11776 11614
11775 11614 11613
11777 11778 11617
11779 11780 11781
11779 11781 11782
11783 11784 11785
11786 11787 11788
11786 11788 11789
11790 11791 11792
11790 11792 11793
11794 11795 11796
11794 11796 11789
11796 11795 11790
11796 11790 11793
11762 11749 11797
11798 11752 11751
11798 11751 11754
11778 11775 11613
11799 11765 11764
11799 11764 11800
11801 11770 11769
11801 11769 11802
11803 11804 11805
11803 11805 11806
11807 11776 11808
11807 11808 11809
11810 11775 11778
11811 11812 11813
11811 11813 11814
11815 11816 11775
11817 11818 11777
11764 11819 11820
11764 11820 11800
11821 11822 11823
11821 11823 11824
11825 11812 11826
11825 11826 11827
11757 11828 11829
11757 11829 11830
11831 11832 11804
11831 11804 11803
11831 11833 11834
11831 11834 11832
11835 11836 11837
11835 11837 11838
11679 11839 11680
11824 11826 11840
11824 11840 11773
11811 11814 11841
11842 11843 11844
11842 11844 11845
11846 11847 11791
11754 11848 11798
11848 11849 11850
11848 11850 11798
11847 11792 11791
11851 11794 11789
11851 11789 11788
11852 11853 11796
11852 11796 11793
11789 11796 11853
11789 11853 11786
11773 11772 11821
11773 11821 11824
11835 11697 11696
11835 11696 11836
11854 11755 11855
11794 11851 11856
11794 11856 11857
11858 11795 11794
11858 11794 11857
11795 11858 11859
11795 11859 11790
11859 11860 11791
11859 11791 11790
11762 11766 11819
11762 11819 11764
11830 11861 11756
11830 11756 11757
11862 11822 11821
11862 11821 11861
11861 11821 11772
11861 11772 11756
11797 11749 11752
11797 11752 11863
11863 11752 11850
11772 11610 11592
11772 11592 11756
11864 11809 11808
11865 11866 11847
11865 11847 11867
11860 11809 11864
11846 11860 11864
11868 11867 11847
11846 11864 11816
11846 11816 11868
11783 11869 11870
11783 11870 11871
11869 11783 11767
11872 11813 11873
11867 11815 11874
11867 11874 11781
11845 11844 11875
11845 11875 11876
11721 11876 11875
11721 11875 11722
11776 11807 11723
11776 11723 11614
11776 11775 11816
11776 11816 11808
11818 11810 11777
11782 11818 11877
11878 11839 11879
11879 11841 11880
11879 11679 11841
11814 11813 11872
11814 11872 11880
11728 11777 11617
11880 11878 11879
11881 11779 11782
11872 11882 11880
11777 11810 11778
11778 11731 11617
11767 11766 11883
11757 11591 11733
11757 11733 11828
11734 11735 11840
11734 11840 11811
11679 11734 11841
11766 11797 11883
11852 11793 11792
11852 11792 11884
11734 11811 11841
11867 11868 11815
11868 11816 11815
11884 11792 11866
11816 11864 11808
11846 11868 11847
11753 11848 11754
11873 11813 11812
11873 11812 11825
11841 11814 11880
11880 11882 11885
11880 11885 11878
11840 11735 11607
11840 11607 11773
11785 11819 11768
11840 11826 11812
11840 11812 11811
11827 11826 11824
11827 11824 11823
11785 11784 11820
11785 11768 11783
11768 11819 11766
11768 11767 11783
11862 11799 11800
11862 11800 11822
11801 11802 11759
11801 11759 11758
11784 11783 11871
11800 11820 11823
11800 11823 11822
11784 11827 11823
11761 11760 11830
11761 11830 11829
11802 11769 11763
11802 11763 11765
11759 11802 11765
11759 11765 11799
11760 11759 11799
11760 11799 11862
11830 11760 11862
11830 11862 11861
11820 11784 11823
11769 11771 11750
11820 11819 11785
11763 11769 11750
11750 11749 11763
11766 11762 11797
11731 11778 11613
11810 11815 11775
11881 11782 11877
11871 11825 11827
11871 11827 11784
11871 11870 11873
11871 11873 11825
11874 11818 11782
11874 11782 11781
11780 11865 11867
11780 11867 11781
11753 11755 11854
11866 11792 11847
11791 11860 11846
11810 11818 11874
11810 11874 11815
11728 11817 11777
11817 11877 11818
11679 11879 11839
11886 11843 11842
11886 11842 11887
11888 11889 11890
11888 11890 11891
11892 11893 11855
11892 11855 11894
11895 11894 11855
11895 11855 11896
11805 11895 11896
11805 11896 11806
11837 11834 11833
11837 11833 11838
11721 11723 11876
11876 11809 11845
11842 11845 11860
11842 11860 11859
11842 11859 11858
11842 11858 11887
11889 11857 11856
11889 11856 11890
11893 11854 11855
11855 11755 11774
11855 11774 11896
11806 11896 11774
11806 11774 11771
11803 11806 11771
11803 11771 11770
11831 11803 11770
11831 11770 11801
11831 11758 11833
11833 11758 11761
11833 11761 11838
11838 11829 11828
11838 11828 11835
11697 11835 11828
11697 11828 11733
11761 11829 11838
11831 11801 11758
11858 11857 11889
11858 11889 11887
11886 11887 11889
11886 11889 11888
11845 11809 11860
11723 11807 11876
11876 11807 11809
11897 11898 11899
11897 11899 11900
11901 11902 11903
11901 11903 11904
11905 11906 11907
11905 11907 11908
11909 11910 11911
11909 11911 11912
11913 11899 11898
11913 11898 11914
11912 11915 11916
11917 11918 11919
11917 11919 11920
11897 11921 11922
11897 11922 11923
11924 11925 11926
11924 11926 11927
11928 11929 11930
11928 11930 11931
11897 11900 11932
11897 11932 11921
11933 11934 11932
11933 11932 11935
11936 11937 11938
11936 11938 11939
11939 11938 11940
11939 11940 11941
11941 11940 11925
11941 11925 11942
11942 11925 11924
11942 11924 11943
11936 11944 11945
11936 11945 11946
11947 11948 11949
11943 11924 11947
11943 11947 11950
11951 11952 11903
11953 11917 11920
11953 11920 11954
11911 11955 11915
11911 11915 11912
11902 11901 11909
11902 11909 11912
11911 11910 11918
11911 11918 11917
11914 11904 11903
11914 11903 11913
11899 11956 11957
11899 11957 11900
11900 11957 11935
11900 11935 11932
11934 11946 11921
11934 11921 11932
11913 11958 11899
11958 11913 11952
11959 11937 11934
11959 11934 11933
11934 11937 11936
11934 11936 11946
11938 11937 11959
11938 11959 11960
11925 11940 11961
11925 11961 11926
11917 11953 11962
11940 11938 11960
11961 11940 11960
11963 11964 11931
11963 11931 11930
11918 11965 11966
11918 11966 11919
11909 11901 11967
11909 11967 11968
11901 11904 11969
11901 11969 11967
11910 11970 11965
11910 11965 11918
11898 11897 11923
11898 11923 11971
11904 11914 11972
11904 11972 11969
11902 11973 11903
11955 11911 11962
11911 11917 11962
11973 11902 11916
11902 11912 11916
11924 11927 11948
11924 11948 11947
11950 11947 11949
11950 11949 11974
11975 11976 11977
11975 11977 11978
11979 11929 11928
11979 11928 11980
11976 11981 11982
11976 11982 11977
11981 11979 11980
11981 11980 11982
11983 11984 11985
11983 11985 11986
11987 11988 11989
11987 11989 11990
11945 11907 11906
11945 11906 11922
11991 11992 11906
11991 11906 11905
11993 11928 11931
11993 11931 11994
11908 11907 11964
11908 11964 11963
11994 11931 11964
11994 11964 11944
11995 11996 11997
11995 11997 11998
11987 11990 11999
11987 11999 12000
12000 11999 12001
12000 12001 12002
11998 11997 11989
11998 11989 11988
11983 11986 11992
11983 11992 11991
12002 12001 11985
12002 11985 11984
11978 11977 12003
11978 12003 12004
12005 11980 11928
12005 11928 11993
11977 11982 12006
11977 12006 12003
12006 11982 11980
12006 11980 12005
11986 11985 11972
11986 11972 11971
11968 11990 11989
11968 11989 11970
11992 11923 11922
11992 11922 11906
11907 11945 11944
11907 11944 11964
11996 11966 11965
11996 11965 11997
12007 12008 12009
12007 12009 12010
11967 11969 12001
11967 12001 11999
11997 11965 11970
11997 11970 11989
11971 11923 11992
11971 11992 11986
12001 11969 11972
12001 11972 11985
11946 11945 11922
11946 11922 11921
11941 11993 11994
11941 11994 11939
11939 11994 11944
11939 11944 11936
12004 12003 11974
11942 12005 11993
11942 11993 11941
12003 12006 11943
12003 11943 11950
11943 12006 12005
11943 12005 11942
11971 11972 11914
11971 11914 11898
11968 11970 11910
12011 12012 12013
12011 12013 12014
12015 12016 12017
12015 12017 12018
12019 12020 12021
12019 12021 12022
12023 12024 12025
12023 12025 12026
12027 12028 12014
12027 12014 12013
12024 12029 12030
12031 12032 12033
12031 12033 12034
12035 12036 12011
12035 12011 12037
12038 12039 12040
12038 12040 12041
12042 12043 12044
12042 12044 12045
12011 12036 12046
12011 12046 12012
12047 12048 12046
12047 12046 12049
12050 12051 12052
12050 12052 12053
12051 12054 12055
12051 12055 12052
12054 12056 12041
12054 12041 12055
12056 12057 12038
12056 12038 12041
12050 12058 12059
12050 12059 12060
12061 12062 12063
12057 12064 12061
12057 12061 12038
12065 12017 12066
12067 12068 12032
12067 12032 12031
12025 12024 12030
12025 12030 12069
12018 12024 12023
12018 12023 12015
12025 12031 12034
12025 12034 12026
12028 12027 12017
12028 12017 12016
12013 12012 12070
12013 12070 12071
12012 12046 12048
12012 12048 12070
12049 12046 12036
12049 12036 12058
12027 12013 12072
12072 12066 12027
12073 12047 12049
12073 12049 12053
12049 12058 12050
12049 12050 12053
12052 12074 12073
12052 12073 12053
12041 12040 12075
12041 12075 12055
12031 12076 12067
12055 12074 12052
12075 12074 12055
12077 12042 12045
12077 12045 12078
12034 12033 12079
12034 12079 12080
12081 12015 12023
12081 12023 12082
12083 12016 12015
12083 12015 12081
12026 12034 12080
12026 12080 12084
12037 12011 12014
12037 12014 12085
12086 12028 12016
12086 12016 12083
12018 12017 12087
12069 12076 12025
12025 12076 12031
12087 12029 12018
12018 12029 12024
12038 12061 12063
12038 12063 12039
12064 12088 12062
12064 12062 12061
12089 12090 12091
12089 12091 12092
12044 12043 12093
12044 12093 12094
12095 12096 12090
12095 12090 12089
12094 12093 12096
12094 12096 12095
12097 12098 12099
12097 12099 12100
12101 12102 12103
12101 12103 12104
12022 12021 12059
12022 12059 12035
12022 12105 12106
12022 12106 12019
12045 12044 12107
12045 12107 12108
12078 12021 12020
12078 12020 12077
12078 12045 12108
12078 12108 12060
12109 12110 12111
12109 12111 12112
12113 12104 12103
12113 12103 12114
12115 12113 12114
12115 12114 12116
12101 12109 12112
12101 12112 12102
12105 12100 12099
12105 12099 12106
12097 12115 12116
12097 12116 12098
12092 12117 12118
12092 12118 12089
12044 12094 12119
12044 12119 12107
12089 12118 12120
12089 12120 12095
12094 12095 12120
12094 12120 12119
12100 12085 12086
12100 12086 12097
12101 12104 12082
12101 12082 12084
12035 12037 12105
12035 12105 12022
12060 12059 12021
12060 12021 12078
12080 12079 12110
12080 12110 12109
12121 12122 12123
12121 12123 12124
12081 12113 12115
12081 12115 12083
12084 12080 12109
12084 12109 12101
12085 12100 12105
12085 12105 12037
12086 12083 12115
12086 12115 12097
12035 12059 12058
12035 12058 12036
12108 12107 12054
12108 12054 12051
12060 12108 12051
12060 12051 12050
12117 12088 12118
12107 12119 12056
12107 12056 12054
12118 12064 12057
12118 12057 12120
12119 12120 12057
12119 12057 12056
12085 12014 12028
12085 12028 12086
12082 12023 12026
11903 11952 11913
11903 11973 11951
12066 12017 12027
12087 12017 12065
11722 12125 12126
11722 12126 11720
11720 12126 12127
11720 12127 11686
11686 12127 11687
11738 12128 11740
11744 12129 11745
11747 12130 11643
11644 12131 11671
11673 12132 11677
11678 12133 11696
11804 12134 11805
11834 12135 11832
11836 12136 11837
11844 12137 12138
11844 12138 11875
11875 12138 12125
11875 12125 11722
11886 12139 11843
11891 12140 11888
11895 12141 11894
11696 12136 11836
11696 12133 12136
11837 12135 11834
11837 12136 12135
11832 12134 11804
11832 12135 12134
11805 12141 11895
11805 12134 12141
11894 12142 11892
11894 12141 12142
11888 12139 11886
11888 12140 12139
11843 12137 11844
11843 12139 12137
11687 12128 11738
11687 12127 12128
11740 12143 11741
11740 12128 12143
11745 12130 11747
11745 12129 12130
11643 12131 11644
11643 12130 12131
11671 12132 11673
11671 12131 12132
11677 12133 11678
11677 12132 12133
12144 12145 12146
12144 12146 12147
12148 12149 12150
12148 12150 12151
12152 12153 12154
12152 12154 12155
12154 12153 12156
12154 12156 12157
12158 12159 12160
12158 12160 12161
12162 12163 12164
12162 12164 12148
12165 12166 12167
12165 12167 12168
12165 12169 12170
12165 12170 12161
12171 12172 12173
12171 12173 12147
12174 12175 12176
12174 12176 12151
12177 12178 12174
12177 12174 12179
12168 12167 12180
12168 12180 12181
12158 12182 12183
12158 12183 12157
12163 12184 12146
12163 12146 12164
12181 12180 12185
12181 12185 12173
12186 12187 12188
12186 12188 12189
12187 12152 12155
12187 12155 12188
12190 12191 12192
12190 12192 12193
12194 12195 12196
12194 12196 12197
12198 12199 12200
12198 12200 12201
12202 12201 12200
12202 12200 12203
12204 12205 12206
12204 12206 12207
12208 12209 12210
12208 12210 12196
12211 12212 12213
12211 12213 12214
12215 12216 12213
12215 12213 12207
12217 12191 12218
12217 12218 12219
12220 12221 12222
12220 12222 12197
12223 12224 12222
12223 12222 12225
12226 12211 12214
12226 12214 12227
12228 12229 12206
12228 12206 12203
12209 12208 12192
12209 12192 12230
12231 12226 12227
12231 12227 12218
12232 12233 12234
12232 12234 12235
12199 12198 12233
12199 12233 12232
12236 12237 12238
12236 12238 12239
12240 12241 12242
12240 12242 12243
12244 12245 12246
12244 12246 12247
12248 12249 12250
12248 12250 12251
12251 12250 12252
12251 12252 12253
12254 12255 12256
12254 12256 12257
12255 12253 12252
12255 12252 12256
12258 12259 12260
12258 12260 12261
12262 12263 12247
12262 12247 12246
12264 12254 12257
12264 12257 12265
12266 12267 12260
12268 12263 12267
12268 12267 12266
12269 12270 12271
12269 12271 12272
12273 12269 12272
12273 12272 12239
12270 12274 12259
12270 12259 12271
12275 12276 12277
12275 12277 12278
12279 12238 12276
12279 12276 12275
12273 12239 12238
12273 12238 12279
12280 12249 12244
12280 12244 12281
12281 12244 12247
12281 12247 12282
12283 12250 12249
12283 12249 12280
12284 12252 12250
12284 12250 12283
12257 12256 12285
12257 12285 12286
12285 12256 12252
12285 12252 12284
12260 12259 12274
12282 12247 12263
12282 12263 12268
12265 12257 12286
12265 12286 12287
12261 12260 12267
12261 12267 12288
12288 12267 12263
12288 12263 12262
12272 12271 12289
12272 12289 12290
12239 12272 12290
12239 12290 12236
12271 12259 12258
12271 12258 12289
12291 12277 12276
12291 12276 12292
12292 12276 12238
12292 12238 12237
12293 12294 12295
12293 12295 12296
12297 12298 12299
12297 12299 12300
12301 12302 12303
12301 12303 12304
12255 12254 12305
12255 12305 12306
12236 12290 12307
12236 12307 12308
12309 12310 12311
12312 12313 12314
12312 12314 12315
12316 12317 12318
12319 12320 12317
12321 12322 12323
12324 12325 12326
12327 12326 12325
12328 12329 12327
12330 12331 12328
12332 12333 12330
12321 12334 12324
12335 12336 12337
12335 12337 12338
12339 12340 12341
12335 12342 12343
12335 12343 12336
12344 12345 12346
12344 12346 12347
12348 12349 12350
12348 12350 12351
12333 12352 12353
12333 12353 12331
12354 12355 12340
12354 12340 12339
12356 12357 12358
12356 12358 12359
12360 12361 12362
12329 12331 12353
12329 12353 12363
12357 12364 12365
12357 12365 12366
12367 12368 12369
12367 12369 12370
12367 12370 12353
12367 12353 12352
12363 12353 12370
12363 12370 12371
12372 12371 12370
12372 12370 12369
12373 12363 12371
12373 12371 12374
12375 12376 12377
12375 12377 12378
12379 12378 12367
12379 12367 12352
12374 12380 12381
12374 12381 12373
12382 12383 12380
12382 12380 12374
12384 12385 12376
12384 12376 12375
12384 12375 12386
12387 12388 12389
12387 12389 12390
12391 12389 12388
12391 12388 12392
12393 12394 12395
12393 12395 12396
12397 12398 12399
12397 12399 12400
12401 12394 12393
12401 12393 12312
12313 12402 12403
12313 12403 12314
12404 12405 12315
12404 12315 12406
12407 12310 12402
12407 12402 12313
12390 12408 12320
12390 12320 12322
12390 12322 12409
12390 12409 12387
12410 12411 12412
12373 12326 12329
12373 12329 12363
12326 12373 12381
12326 12381 12324
12366 12413 12358
12366 12358 12357
12364 12414 12372
12364 12372 12369
12360 12415 12416
12360 12416 12361
12417 12418 12419
12417 12419 12420
12421 12422 12423
12421 12423 12340
12422 12424 12345
12351 12425 12426
12351 12426 12348
12427 12428 12429
12427 12429 12430
12431 12428 12427
12431 12427 12432
12430 12429 12433
12430 12433 12434
12435 12436 12437
12435 12437 12438
12439 12440 12441
12439 12441 12442
12439 12443 12444
12439 12444 12440
12445 12446 12447
12445 12447 12448
12443 12449 12450
12443 12450 12444
12446 12445 12451
12446 12451 12452
12453 12454 12455
12453 12455 12456
12457 12458 12454
12457 12454 12453
12455 12439 12456
12442 12433 12456
12459 12460 12461
12459 12461 12462
12460 12463 12464
12460 12464 12461
12454 12465 12466
12454 12466 12455
12465 12454 12458
12465 12458 12467
12461 12468 12469
12461 12469 12462
12464 12470 12468
12464 12468 12461
12471 12472 12473
12471 12473 12474
12475 12476 12472
12475 12472 12471
12477 12478 12479
12477 12479 12480
12481 12482 12479
12481 12479 12478
12473 12472 12483
12473 12483 12484
12485 12483 12472
12485 12472 12476
12486 12487 12488
12486 12488 12489
12441 12440 12489
12441 12489 12488
12490 12430 12434
12490 12434 12491
12492 12490 12491
12492 12491 12493
12494 12486 12489
12494 12489 12495
12489 12440 12444
12489 12444 12495
12496 12427 12430
12496 12430 12490
12490 12492 12497
12490 12497 12496
12498 12499 12494
12498 12494 12495
12444 12450 12498
12444 12498 12495
12500 12432 12427
12500 12427 12496
12501 12500 12496
12501 12496 12497
12502 12503 12504
12502 12504 12505
12502 12451 12445
12502 12445 12503
12506 12435 12438
12506 12438 12507
12507 12508 12509
12507 12509 12506
12510 12511 12504
12510 12504 12503
12445 12448 12510
12445 12510 12503
12512 12505 12513
12513 12504 12511
12513 12511 12514
12499 12515 12516
12499 12516 12494
12494 12516 12517
12494 12517 12486
12518 12509 12508
12518 12508 12519
12487 12486 12517
12487 12517 12520
12497 12521 12522
12497 12522 12501
12523 12524 12492
12523 12492 12493
12521 12497 12492
12521 12492 12524
12525 12419 12418
12525 12418 12526
12447 12436 12435
12447 12435 12448
12479 12482 12484
12479 12484 12483
12483 12485 12480
12483 12480 12479
12509 12511 12510
12509 12510 12506
12448 12435 12506
12448 12506 12510
12518 12514 12511
12518 12511 12509
12527 12522 12521
12527 12521 12528
12519 12522 12527
12519 12527 12420
12524 12529 12528
12524 12528 12521
12530 12529 12524
12530 12524 12523
12525 12531 12513
12525 12513 12514
12532 12520 12517
12532 12517 12533
12534 12535 12513
12536 12426 12533
12537 12538 12539
12419 12525 12514
12419 12514 12518
12429 12428 12464
12464 12428 12431
12464 12431 12470
12463 12433 12429
12436 12482 12481
12436 12481 12437
12439 12442 12456
12443 12439 12455
12484 12447 12446
12484 12446 12473
12443 12455 12466
12452 12474 12473
12452 12473 12446
12484 12482 12436
12484 12436 12447
12415 12360 12376
12415 12376 12385
12540 12414 12541
12337 12336 12394
12337 12394 12401
12542 12543 12544
12542 12544 12417
12541 12545 12546
12541 12546 12540
12547 12548 12549
12526 12547 12549
12351 12350 12347
12351 12347 12346
12318 12317 12550
12318 12550 12551
12550 12398 12406
12550 12406 12551
12406 12398 12397
12406 12397 12404
12530 12523 12520
12530 12520 12532
12488 12491 12434
12488 12434 12441
12434 12433 12442
12434 12442 12441
12433 12463 12456
12456 12463 12460
12456 12460 12453
12453 12460 12459
12453 12459 12457
12488 12487 12493
12488 12493 12491
12487 12520 12523
12487 12523 12493
12550 12317 12320
12550 12320 12408
12399 12398 12550
12399 12550 12408
12390 12389 12399
12390 12399 12408
12391 12400 12399
12391 12399 12389
12391 12341 12344
12391 12344 12400
12423 12345 12344
12423 12344 12341
12508 12501 12522
12508 12522 12519
12507 12500 12501
12507 12501 12508
12500 12507 12438
12500 12438 12432
12431 12432 12438
12431 12438 12437
12437 12481 12470
12437 12470 12431
12468 12470 12481
12468 12481 12478
12478 12477 12469
12478 12469 12468
12311 12310 12407
12311 12407 12552
12552 12407 12393
12552 12393 12396
12369 12368 12365
12369 12365 12364
12364 12357 12356
12364 12356 12414
12376 12360 12553
12376 12553 12377
12414 12540 12382
12414 12382 12372
12392 12339 12341
12392 12341 12391
12394 12336 12343
12394 12343 12395
12347 12397 12400
12347 12400 12344
12349 12405 12404
12349 12404 12350
12382 12540 12354
12382 12354 12383
12350 12404 12397
12350 12397 12347
12358 12554 12555
12358 12555 12359
12556 12557 12554
12556 12554 12558
12315 12405 12401
12315 12401 12312
12401 12405 12349
12401 12349 12337
12349 12348 12338
12349 12338 12337
12417 12420 12559
12417 12559 12542
12548 12361 12549
12557 12418 12417
12557 12417 12544
12557 12556 12526
12557 12526 12418
12526 12556 12560
12526 12560 12547
12355 12546 12561
12354 12540 12546
12556 12558 12560
12362 12562 12563
12362 12563 12553
12553 12563 12366
12553 12366 12365
12377 12553 12365
12377 12365 12368
12378 12377 12368
12378 12368 12367
12382 12374 12371
12382 12371 12372
12379 12352 12333
12379 12333 12564
12411 12410 12379
12411 12379 12564
12379 12410 12375
12379 12375 12378
12381 12387 12409
12381 12409 12324
12383 12354 12339
12383 12339 12392
12388 12380 12383
12388 12383 12392
12381 12380 12388
12381 12388 12387
12562 12413 12563
12359 12545 12541
12545 12359 12555
12545 12555 12565
12547 12560 12566
12547 12566 12548
12545 12565 12561
12545 12561 12546
12528 12421 12559
12528 12559 12527
12527 12559 12420
12422 12421 12528
12424 12530 12567
12525 12549 12531
12532 12533 12426
12532 12426 12425
12549 12568 12534
12549 12534 12531
12538 12533 12517
12538 12517 12516
12537 12569 12570
12537 12570 12538
12525 12526 12549
12419 12518 12519
12419 12519 12420
12530 12532 12425
12530 12425 12567
12571 12572 12458
12571 12458 12457
12573 12574 12459
12573 12459 12462
12575 12573 12462
12575 12462 12469
12475 12576 12577
12475 12577 12476
12578 12467 12458
12578 12458 12572
12571 12457 12459
12571 12459 12574
12579 12580 12477
12579 12477 12480
12579 12480 12485
12579 12485 12581
12581 12485 12476
12581 12476 12577
12449 12443 12466
12477 12580 12575
12477 12575 12469
12351 12346 12567
12351 12567 12425
12346 12345 12424
12346 12424 12567
12348 12426 12536
12348 12536 12338
12340 12355 12559
12340 12559 12421
12342 12335 12570
12342 12570 12569
12361 12416 12568
12361 12568 12549
12555 12554 12557
12555 12557 12544
12558 12554 12358
12558 12358 12413
12361 12548 12362
12561 12542 12559
12566 12558 12413
12566 12413 12562
12565 12555 12543
12548 12566 12562
12548 12562 12362
12561 12565 12543
12561 12543 12542
12335 12338 12536
12335 12536 12570
12536 12533 12538
12423 12422 12345
12536 12538 12570
12529 12422 12528
12530 12424 12529
12529 12424 12422
12582 12580 12579
12582 12579 12583
12583 12579 12581
12583 12581 12584
12581 12577 12585
12581 12585 12584
12463 12429 12464
12586 12575 12580
12586 12580 12582
12587 12588 12572
12587 12572 12571
12589 12590 12574
12589 12574 12573
12586 12589 12573
12586 12573 12575
12591 12585 12577
12591 12577 12576
12588 12592 12578
12588 12578 12572
12590 12587 12571
12590 12571 12574
12531 12534 12513
12515 12538 12516
12539 12538 12515
12513 12535 12512
12237 12593 12594
12237 12594 12292
12595 12402 12596
12236 12308 12593
12236 12593 12237
12315 12314 12551
12315 12551 12406
12314 12403 12318
12314 12318 12551
12313 12312 12393
12313 12393 12407
12553 12360 12362
12355 12354 12546
12355 12561 12559
12290 12289 12597
12290 12597 12307
12295 12294 12302
12295 12302 12301
12254 12264 12598
12254 12598 12305
12248 12599 12600
12248 12600 12245
12246 12601 12602
12246 12602 12262
12245 12600 12601
12245 12601 12246
12289 12258 12603
12289 12603 12597
12288 12604 12605
12288 12605 12261
12292 12594 12606
12292 12606 12291
12262 12602 12604
12262 12604 12288
12560 12558 12566
12563 12413 12366
12359 12541 12356
12543 12555 12544
12607 12412 12608
12410 12412 12386
12541 12414 12356
12332 12609 12411
12609 12608 12411
12309 12596 12310
12595 12316 12318
12610 12323 12322
12608 12412 12411
12306 12296 12295
12306 12295 12611
12297 12300 12603
12297 12603 12605
12612 12301 12304
12612 12304 12599
12296 12613 12293
12614 12615 12616
12614 12616 12617
12618 12619 12620
12618 12620 12621
12621 12620 12615
12621 12615 12614
12617 12616 12622
12617 12622 12623
12611 12295 12301
12611 12301 12612
12613 12624 12625
12626 12627 12304
12626 12304 12303
12628 12629 12630
12628 12630 12631
12631 12630 12627
12631 12627 12626
12623 12622 12300
12623 12300 12299
12298 12297 12632
12298 12632 12633
12634 12619 12635
12633 12632 12629
12633 12629 12628
12306 12305 12296
12615 12308 12307
12615 12307 12616
12619 12594 12593
12619 12593 12620
12620 12593 12308
12620 12308 12615
12616 12307 12597
12616 12597 12622
12305 12598 12613
12636 12637 12638
12636 12638 12639
12629 12602 12601
12629 12601 12630
12630 12601 12600
12630 12600 12627
12622 12597 12603
12622 12603 12300
12297 12605 12604
12297 12604 12632
12606 12594 12634
12632 12604 12602
12632 12602 12629
12255 12306 12611
12255 12611 12253
12605 12603 12258
12605 12258 12261
12251 12612 12599
12251 12599 12248
12253 12611 12612
12253 12612 12251
12640 12641 12642
12640 12642 12643
12644 12645 12646
12644 12646 12647
12648 12649 12650
12648 12650 12651
12652 12653 12654
12652 12654 12655
12653 12656 12657
12653 12657 12654
12658 12659 12660
12658 12660 12661
12659 12658 12657
12659 12657 12656
12662 12663 12664
12662 12664 12665
12666 12648 12651
12666 12651 12667
12661 12660 12668
12661 12668 12669
12670 12671 12664
12672 12670 12673
12672 12673 12667
12674 12675 12676
12674 12676 12677
12677 12676 12678
12677 12678 12643
12665 12679 12675
12665 12675 12674
12680 12681 12682
12680 12682 12683
12684 12680 12683
12684 12683 12640
12640 12643 12678
12640 12678 12684
12650 12655 12685
12650 12685 12686
12651 12650 12686
12651 12686 12687
12655 12654 12688
12655 12688 12685
12654 12657 12689
12654 12689 12688
12661 12690 12691
12661 12691 12658
12657 12658 12691
12657 12691 12689
12664 12671 12679
12667 12651 12687
12667 12687 12672
12669 12692 12690
12669 12690 12661
12673 12664 12663
12673 12663 12693
12667 12673 12693
12667 12693 12666
12677 12694 12695
12677 12695 12674
12643 12642 12694
12643 12694 12677
12674 12695 12662
12674 12662 12665
12683 12682 12696
12683 12696 12697
12640 12683 12697
12640 12697 12641
12698 12699 12700
12698 12700 12701
12702 12703 12704
12702 12704 12705
12706 12707 12708
12706 12708 12709
12710 12660 12659
12710 12659 12711
12712 12694 12642
12712 12642 12713
12714 12715 12716
12717 12718 12719
12717 12719 12720
12721 12722 12723
12724 12723 12725
12726 12727 12728
12729 12730 12731
12732 12733 12734
12735 12734 12736
12737 12736 12738
12739 12738 12740
12731 12726 12728
12741 12742 12743
12741 12743 12744
12745 12746 12747
12741 12744 12748
12741 12748 12749
12750 12751 12752
12750 12752 12753
12754 12755 12756
12754 12756 12757
12738 12736 12758
12738 12758 12759
12760 12745 12747
12760 12747 12761
12762 12763 12764
12762 12764 12765
12766 12767 12768
12734 12769 12758
12734 12758 12736
12765 12770 12771
12765 12771 12772
12773 12774 12775
12773 12775 12776
12773 12759 12758
12773 12758 12774
12769 12777 12774
12769 12774 12758
12778 12775 12774
12778 12774 12777
12779 12780 12777
12779 12777 12769
12781 12782 12783
12781 12783 12784
12785 12759 12773
12785 12773 12782
12780 12779 12786
12780 12786 12787
12788 12780 12787
12788 12787 12789
12790 12781 12784
12790 12784 12791
12790 12792 12781
12793 12794 12795
12793 12795 12796
12797 12798 12796
12797 12796 12795
12799 12800 12801
12799 12801 12802
12803 12804 12805
12803 12805 12806
12807 12717 12799
12807 12799 12802
12720 12719 12808
12720 12808 12809
12810 12811 12718
12810 12718 12812
12813 12720 12809
12813 12809 12716
12794 12727 12725
12794 12725 12814
12794 12793 12728
12794 12728 12727
12815 12816 12817
12779 12769 12734
12779 12734 12733
12733 12731 12786
12733 12786 12779
12770 12765 12764
12770 12764 12818
12772 12775 12778
12772 12778 12819
12766 12768 12820
12766 12820 12821
12822 12823 12824
12822 12824 12825
12826 12747 12827
12826 12827 12828
12828 12753 12829
12755 12754 12830
12755 12830 12831
12832 12833 12834
12832 12834 12835
12836 12837 12832
12836 12832 12835
12833 12838 12839
12833 12839 12834
12840 12841 12842
12840 12842 12843
12844 12845 12846
12844 12846 12847
12844 12847 12848
12844 12848 12849
12850 12851 12852
12850 12852 12853
12849 12848 12854
12849 12854 12855
12853 12856 12857
12853 12857 12850
12858 12859 12860
12858 12860 12861
12862 12858 12861
12862 12861 12863
12860 12859 12844
12845 12859 12839
12864 12865 12866
12864 12866 12867
12867 12866 12868
12867 12868 12869
12861 12860 12870
12861 12870 12871
12871 12872 12863
12871 12863 12861
12866 12865 12873
12866 12873 12874
12868 12866 12874
12868 12874 12875
12876 12877 12878
12876 12878 12879
12880 12876 12879
12880 12879 12881
12882 12883 12884
12882 12884 12885
12886 12885 12884
12886 12884 12887
12878 12888 12889
12878 12889 12879
12890 12881 12879
12890 12879 12889
12891 12892 12893
12891 12893 12894
12846 12893 12892
12846 12892 12847
12895 12896 12838
12895 12838 12833
12897 12898 12896
12897 12896 12895
12899 12900 12892
12899 12892 12891
12892 12900 12848
12892 12848 12847
12901 12895 12833
12901 12833 12832
12895 12901 12902
12895 12902 12897
12903 12900 12899
12903 12899 12904
12848 12900 12903
12848 12903 12854
12905 12901 12832
12905 12832 12837
12906 12902 12901
12906 12901 12905
12907 12908 12909
12907 12909 12910
12907 12910 12850
12907 12850 12857
12911 12912 12841
12911 12841 12840
12912 12911 12913
12912 12913 12914
12915 12910 12909
12915 12909 12916
12850 12910 12915
12850 12915 12851
12917 12918 12908
12918 12919 12916
12918 12916 12909
12904 12899 12920
12904 12920 12921
12899 12891 12922
12899 12922 12920
12923 12924 12914
12923 12914 12913
12894 12925 12922
12894 12922 12891
12902 12906 12926
12902 12926 12927
12928 12898 12897
12928 12897 12929
12927 12929 12897
12927 12897 12902
12930 12931 12825
12930 12825 12824
12852 12851 12840
12852 12840 12843
12884 12889 12888
12884 12888 12887
12889 12884 12883
12889 12883 12890
12913 12911 12915
12913 12915 12916
12851 12915 12911
12851 12911 12840
12923 12913 12916
12923 12916 12919
12932 12933 12927
12932 12927 12926
12924 12823 12932
12924 12932 12926
12929 12927 12933
12929 12933 12934
12935 12928 12929
12935 12929 12934
12930 12919 12918
12930 12918 12936
12937 12938 12922
12937 12922 12925
12939 12918 12940
12941 12938 12830
12942 12943 12944
12824 12923 12919
12824 12919 12930
12834 12868 12835
12868 12875 12836
12868 12836 12835
12869 12834 12839
12843 12842 12886
12843 12886 12887
12844 12859 12845
12849 12860 12844
12888 12878 12853
12888 12853 12852
12849 12870 12860
12856 12853 12878
12856 12878 12877
12888 12852 12843
12888 12843 12887
12821 12791 12784
12821 12784 12766
12945 12946 12819
12743 12807 12802
12743 12802 12744
12947 12822 12948
12947 12948 12949
12946 12945 12950
12946 12950 12951
12952 12953 12954
12931 12953 12952
12755 12752 12751
12755 12751 12756
12722 12955 12956
12722 12956 12723
12956 12955 12811
12956 12811 12806
12811 12810 12803
12811 12803 12806
12935 12937 12925
12935 12925 12928
12893 12846 12838
12893 12838 12896
12838 12846 12845
12838 12845 12839
12839 12859 12869
12859 12858 12867
12859 12867 12869
12858 12862 12864
12858 12864 12867
12893 12896 12898
12893 12898 12894
12894 12898 12928
12894 12928 12925
12956 12814 12725
12956 12725 12723
12805 12814 12956
12805 12956 12806
12794 12814 12805
12794 12805 12795
12797 12795 12805
12797 12805 12804
12797 12804 12750
12797 12750 12746
12827 12746 12750
12827 12750 12753
12914 12924 12926
12914 12926 12906
12912 12914 12906
12912 12906 12905
12905 12837 12841
12905 12841 12912
12836 12842 12841
12836 12841 12837
12842 12836 12875
12842 12875 12886
12874 12885 12886
12874 12886 12875
12885 12874 12873
12885 12873 12882
12715 12957 12813
12715 12813 12716
12957 12800 12799
12957 12799 12813
12775 12772 12771
12775 12771 12776
12772 12819 12762
12772 12762 12765
12784 12783 12958
12784 12958 12766
12819 12778 12788
12819 12788 12945
12798 12797 12746
12798 12746 12745
12802 12801 12748
12802 12748 12744
12751 12750 12804
12751 12804 12803
12757 12756 12810
12757 12810 12812
12788 12789 12760
12788 12760 12945
12756 12751 12803
12756 12803 12810
12764 12763 12959
12764 12959 12960
12961 12962 12960
12961 12960 12963
12718 12717 12807
12718 12807 12812
12807 12743 12757
12807 12757 12812
12757 12743 12742
12757 12742 12754
12822 12947 12964
12822 12964 12823
12954 12953 12768
12963 12948 12822
12963 12822 12825
12963 12825 12931
12963 12931 12961
12931 12952 12965
12931 12965 12961
12761 12966 12950
12760 12950 12945
12961 12965 12962
12767 12958 12967
12767 12967 12968
12958 12771 12770
12958 12770 12967
12783 12776 12771
12783 12771 12958
12782 12773 12776
12782 12776 12783
12788 12778 12777
12788 12777 12780
12785 12740 12738
12785 12738 12759
12817 12740 12785
12817 12785 12815
12785 12782 12781
12785 12781 12815
12786 12731 12728
12786 12728 12793
12789 12798 12745
12789 12745 12760
12796 12798 12789
12796 12789 12787
12786 12793 12796
12786 12796 12787
12968 12967 12818
12763 12946 12951
12951 12969 12959
12951 12959 12763
12952 12954 12970
12952 12970 12965
12951 12950 12966
12951 12966 12969
12933 12932 12964
12933 12964 12826
12932 12823 12964
12828 12933 12826
12829 12971 12935
12930 12936 12953
12937 12831 12830
12937 12830 12938
12953 12936 12939
12953 12939 12972
12944 12920 12922
12944 12922 12938
12942 12944 12973
12942 12973 12974
12930 12953 12931
12824 12823 12924
12824 12924 12923
12935 12971 12831
12935 12831 12937
12975 12862 12863
12975 12863 12976
12977 12865 12864
12977 12864 12978
12979 12873 12865
12979 12865 12977
12880 12881 12980
12880 12980 12981
12982 12976 12863
12982 12863 12872
12975 12978 12864
12975 12864 12862
12983 12883 12882
12983 12882 12984
12983 12985 12890
12983 12890 12883
12985 12980 12881
12985 12881 12890
12855 12870 12849
12882 12873 12979
12882 12979 12984
12755 12831 12971
12755 12971 12752
12752 12971 12829
12752 12829 12753
12754 12742 12941
12754 12941 12830
12747 12826 12964
12747 12964 12761
12749 12974 12973
12749 12973 12741
12768 12953 12972
12768 12972 12820
12959 12948 12963
12959 12963 12960
12962 12818 12764
12962 12764 12960
12768 12767 12954
12966 12964 12947
12970 12968 12818
12970 12818 12962
12969 12949 12959
12954 12767 12968
12954 12968 12970
12966 12947 12949
12966 12949 12969
12741 12973 12941
12741 12941 12742
12941 12944 12938
12827 12753 12828
12941 12973 12944
12934 12933 12828
12935 12934 12829
12934 12828 12829
12986 12987 12983
12986 12983 12984
12987 12988 12985
12987 12985 12983
12985 12988 12989
12985 12989 12980
12869 12868 12834
12990 12986 12984
12990 12984 12979
12991 12975 12976
12991 12976 12992
12993 12977 12978
12993 12978 12994
12990 12979 12977
12990 12977 12993
12995 12981 12980
12995 12980 12989
12992 12976 12982
12992 12982 12996
12994 12978 12975
12994 12975 12991
12936 12918 12939
12921 12920 12944
12943 12921 12944
12918 12917 12940
12641 12697 12997
12641 12997 12998
12999 12809 12808
12642 12641 12998
12642 12998 12713
12718 12811 12955
12718 12955 12719
12719 12955 12722
12719 12722 12808
12720 12813 12799
12720 12799 12717
12958 12767 12766
12761 12950 12760
12761 12964 12966
13000 12695 12694
13000 12694 12712
12707 12701 12700
12707 12700 12708
13001 12668 12660
13001 12660 12710
12652 12649 13002
12652 13002 13003
12648 12666 13004
12648 13004 13005
12649 12648 13005
12649 13005 13002
12695 13000 13006
12695 13006 12662
12693 12663 13007
12693 13007 13008
12697 12696 13009
12697 13009 12997
12666 12693 13008
12666 13008 13004
12965 12970 12962
12967 12770 12818
12763 12762 12946
12949 12948 12959
13010 12816 13011
12815 12792 12816
12946 12762 12819
12817 12739 12740
13010 13012 12817
13013 12714 12716
12722 12999 12808
12727 13014 12725
13010 12817 12816
12700 12699 12711
12700 12711 13015
12704 13007 13006
12704 13006 12705
12709 12708 13016
12709 13016 13003
12699 12698 13017
13018 13019 13020
13018 13020 13021
13022 13023 13024
13022 13024 13025
13019 13022 13025
13019 13025 13020
13026 13018 13021
13026 13021 13027
12708 12700 13015
12708 13015 13016
13017 13028 13029
12709 13030 13031
12709 13031 12706
13032 13033 13034
13032 13034 13035
13030 13032 13035
13030 13035 13031
12705 13026 13027
12705 13027 12702
13036 12704 12703
13036 12703 13037
13038 13039 13023
13033 13036 13037
13033 13037 13034
12711 12699 12710
12712 12713 13019
12712 13019 13018
12998 12997 13023
12998 13023 13022
12713 12998 13022
12713 13022 13019
13000 12712 13018
13000 13018 13026
12710 13017 13001
13040 13041 13042
13040 13042 13043
13005 13004 13033
13005 13033 13032
13002 13005 13032
13002 13032 13030
13006 13000 13026
13006 13026 12705
13008 13007 12704
13008 12704 13036
13009 13038 12997
13004 13008 13036
13004 13036 13033
13015 12711 12659
13015 12659 12656
13007 12663 12662
13007 12662 13006
13003 13016 12653
13003 12653 12652
13016 13015 12656
13016 12656 12653
13044 13045 13046
13044 13046 13047
13048 13044 13047
13048 13047 13049
13050 13051 13052
13050 13052 13053
13047 13046 13054
13047 13054 13055
13049 13047 13055
13049 13055 13051
13056 13057 13058
13056 13058 13059
13055 13054 13060
13055 13060 13061
13051 13055 13061
13051 13061 13052
13056 13059 13053
13056 13053 13052
13061 13060 13062
13061 13062 13063
13064 13065 13066
13064 13066 13067
13052 13061 13063
13052 13063 13056
13063 13062 13068
13063 13068 13069
13056 13063 13069
13056 13069 13057
13070 13071 13072
13070 13072 13073
13074 13075 13076
13074 13076 13077
13073 13074 13077
13073 13077 13058
13078 13079 13080
13078 13080 13081
13070 13078 13081
13070 13081 13071
13081 13080 13082
13081 13082 13083
13071 13081 13083
13071 13083 13084
13072 13071 13084
13072 13084 13085
13083 13082 13086
13083 13086 13087
13084 13083 13087
13084 13087 13088
13078 13069 13068
13078 13068 13079
13087 13086 13089
13087 13089 13090
13088 13087 13090
13088 13090 13085
13090 13089 13091
13090 13091 13092
13085 13090 13092
13085 13092 13072
13085 13084 13088
13092 13091 13075
13092 13075 13074
13072 13092 13074
13072 13074 13073
13057 13069 13078
13057 13078 13070
13057 13070 13073
13057 13073 13058
13077 13076 13065
13077 13065 13064
13058 13077 13064
13058 13064 13059
13059 13064 13067
13059 13067 13053
13049 13051 13050
13049 13050 13093
13067 13066 13094
13067 13094 13095
13053 13067 13095
13053 13095 13050
13095 13094 13096
13095 13096 13097
13050 13095 13097
13050 13097 13093
13097 13096 13098
13097 13098 13099
13093 13097 13099
13093 13099 13100
13100 13048 13049
13100 13049 13093
13101 13102 13103
13101 13103 13104
13105 13106 13102
13105 13102 13101
13107 13108 13109
13107 13109 13110
13102 13111 13112
13102 13112 13103
13106 13110 13111
13106 13111 13102
13113 13114 13115
13113 13115 13116
13111 13117 13118
13111 13118 13112
13110 13109 13117
13110 13117 13111
13113 13109 13108
13113 13108 13114
13117 13119 13120
13117 13120 13118
13121 13122 13123
13121 13123 13124
13109 13113 13119
13109 13119 13117
13119 13125 13126
13119 13126 13120
13113 13116 13125
13113 13125 13119
13127 13128 13129
13127 13129 13130
13131 13132 13133
13131 13133 13134
13128 13115 13132
13128 13132 13131
13135 13136 13137
13135 13137 13138
13127 13130 13136
13127 13136 13135
13136 13139 13140
13136 13140 13137
13130 13141 13139
13130 13139 13136
13129 13142 13141
13129 13141 13130
13139 13143 13144
13139 13144 13140
13141 13145 13143
13141 13143 13139
13135 13138 13126
13135 13126 13125
13143 13146 13147
13143 13147 13144
13145 13142 13146
13145 13146 13143
13146 13148 13149
13146 13149 13147
13142 13129 13148
13142 13148 13146
13142 13145 13141
13148 13131 13134
13148 13134 13149
13129 13128 13131
13129 13131 13148
13116 13127 13135
13116 13135 13125
13116 13115 13128
13116 13128 13127
13132 13121 13124
13132 13124 13133
13115 13114 13121
13115 13121 13132
13114 13108 13122
13114 13122 13121
13106 13150 13107
13106 13107 13110
13122 13151 13152
13122 13152 13123
13108 13107 13151
13108 13151 13122
13151 13153 13154
13151 13154 13152
13107 13150 13153
13107 13153 13151
13153 13155 13156
13153 13156 13154
13150 13157 13155
13150 13155 13153
13157 13150 13106
13157 13106 13105
13158 13159 13160
13158 13160 13161
13162 13163 13164
13162 13164 13165
13166 13167 13168
13166 13168 13169
13170 13164 13163
13170 13163 13171
13172 13173 13174
13172 13174 13175
13176 13177 13178
13176 13178 13179
13180 13181 13182
13183 13184 13185
13183 13185 13186
13187 13188 13189
13190 13191 13192
13193 13194 13195
13193 13195 13196
13197 13198 13199
13197 13199 13200
13201 13176 13202
13203 13204 13205
13203 13205 13206
13205 13159 13158
13205 13158 13207
13208 13209 13195
13208 13195 13210
13165 13164 13173
13165 13173 13211
13212 13213 13214
13212 13214 13215
13216 13191 13217
13218 13219 13220
13218 13220 13221
13222 13160 13223
13224 13183 13225
13224 13225 13226
13227 13177 13228
13189 13229 13230
13229 13189 13177
13229 13177 13227
13192 13191 13231
13192 13231 13232
13178 13177 13189
13178 13189 13233
13234 13235 13199
13234 13199 13236
13237 13238 13239
13223 13159 13240
13231 13209 13208
13231 13208 13232
13241 13242 13243
13241 13243 13244
13237 13245 13246
13171 13163 13238
13171 13238 13247
13173 13172 13248
13173 13248 13211
13249 13225 13183
13249 13183 13186
13246 13245 13250
13181 13225 13249
13181 13249 13251
13252 13194 13184
13252 13184 13253
13242 13241 13254
13242 13254 13255
13256 13257 13258
13259 13167 13166
13259 13166 13260
13261 13262 13263
13261 13263 13264
13265 13238 13266
13267 13167 13259
13267 13259 13268
13254 13241 13218
13254 13218 13221
13237 13246 13269
13237 13269 13270
13203 13206 13198
13203 13198 13197
13271 13261 13272
13271 13272 13273
13262 13257 13256
13195 13194 13252
13195 13252 13210
13274 13168 13275
13240 13159 13205
13240 13205 13204
13276 13219 13277
13278 13184 13194
13278 13194 13279
13247 13238 13237
13247 13237 13270
13205 13207 13280
13205 13280 13206
13272 13242 13255
13272 13255 13273
13281 13272 13261
13281 13261 13264
13188 13222 13282
13199 13198 13283
13199 13283 13236
13253 13184 13183
13253 13183 13224
13284 13218 13241
13284 13241 13244
13285 13286 13181
13285 13181 13251
13287 13213 13259
13287 13259 13260
13283 13198 13206
13283 13206 13280
13239 13238 13265
13262 13261 13271
13262 13271 13288
13200 13199 13235
13200 13235 13289
13290 13291 13246
13290 13246 13250
13292 13291 13290
13259 13213 13212
13259 13212 13268
13215 13214 13257
13215 13257 13293
13214 13213 13287
13214 13287 13294
13279 13194 13193
13295 13231 13191
13295 13191 13296
13226 13225 13181
13226 13181 13180
13189 13230 13187
13174 13173 13297
13298 13164 13170
13173 13164 13298
13173 13298 13297
13248 13172 13176
13248 13176 13179
13299 13219 13218
13299 13218 13284
13266 13238 13163
13168 13167 13267
13168 13267 13275
13161 13160 13188
13161 13188 13300
13185 13184 13278
13301 13209 13231
13301 13231 13295
13228 13177 13176
13228 13176 13201
13302 13172 13175
13289 13235 13219
13289 13219 13299
13291 13286 13285
13291 13285 13303
13304 13188 13282
13258 13257 13214
13258 13214 13294
13305 13286 13291
13305 13291 13292
13182 13286 13305
13243 13242 13272
13243 13272 13281
13160 13159 13223
13301 13306 13195
13301 13195 13209
13293 13257 13262
13293 13262 13288
13163 13162 13266
13263 13262 13256
13181 13286 13182
13202 13176 13172
13202 13172 13302
13246 13291 13303
13246 13303 13269
13196 13195 13306
13245 13237 13239
13217 13191 13190
13296 13191 13216
13169 13168 13274
13304 13233 13189
13304 13189 13188
13160 13222 13188
13300 13188 13187
13219 13235 13234
13219 13234 13277
13219 13276 13220
13307 13308 13309
13307 13309 13310
13311 13312 13313
13311 13313 13314
13315 13316 13317
13315 13317 13318
13319 13320 13314
13319 13314 13313
13321 13322 13323
13321 13323 13324
13325 13326 13327
13325 13327 13328
13329 13330 13331
13332 13333 13334
13332 13334 13335
13336 13337 13338
13339 13340 13341
13342 13343 13344
13342 13344 13345
13346 13347 13348
13346 13348 13349
13350 13351 13325
13352 13353 13354
13352 13354 13355
13354 13356 13307
13354 13307 13310
13357 13358 13344
13357 13344 13359
13312 13360 13324
13312 13324 13313
13361 13362 13363
13361 13363 13364
13365 13366 13341
13367 13368 13369
13367 13369 13370
13371 13372 13309
13373 13374 13375
13373 13375 13332
13376 13377 13328
13337 13378 13379
13379 13376 13328
13379 13328 13337
13340 13380 13381
13340 13381 13341
13327 13382 13337
13327 13337 13328
13383 13384 13348
13383 13348 13385
13386 13387 13388
13372 13389 13310
13381 13380 13357
13381 13357 13359
13390 13391 13392
13390 13392 13393
13386 13394 13395
13320 13396 13388
13320 13388 13314
13324 13360 13397
13324 13397 13321
13398 13333 13332
13398 13332 13375
13394 13399 13395
13331 13400 13398
13331 13398 13375
13401 13402 13335
13401 13335 13345
13393 13403 13404
13393 13404 13390
13405 13406 13407
13408 13409 13315
13408 13315 13318
13410 13411 13412
13410 13412 13413
13414 13415 13388
13416 13417 13408
13416 13408 13318
13404 13368 13367
13404 13367 13390
13386 13418 13419
13386 13419 13394
13352 13346 13349
13352 13349 13353
13420 13421 13422
13420 13422 13410
13413 13405 13407
13344 13358 13401
13344 13401 13345
13423 13424 13317
13389 13355 13354
13389 13354 13310
13425 13426 13370
13427 13428 13345
13427 13345 13335
13396 13418 13386
13396 13386 13388
13354 13353 13429
13354 13429 13356
13422 13421 13403
13422 13403 13393
13430 13411 13410
13430 13410 13422
13338 13431 13371
13348 13384 13432
13348 13432 13349
13402 13373 13332
13402 13332 13335
13433 13391 13390
13433 13390 13367
13434 13400 13331
13434 13331 13435
13436 13409 13408
13436 13408 13364
13432 13429 13353
13432 13353 13349
13387 13414 13388
13413 13437 13420
13413 13420 13410
13347 13438 13385
13347 13385 13348
13439 13399 13394
13439 13394 13440
13441 13439 13440
13408 13417 13361
13408 13361 13364
13362 13442 13407
13362 13407 13363
13363 13443 13436
13363 13436 13364
13428 13342 13345
13444 13445 13341
13444 13341 13381
13374 13329 13331
13374 13331 13375
13337 13336 13378
13323 13446 13324
13447 13319 13313
13324 13446 13447
13324 13447 13313
13397 13326 13325
13397 13325 13321
13448 13433 13367
13448 13367 13370
13415 13314 13388
13317 13424 13416
13317 13416 13318
13308 13449 13338
13308 13338 13309
13334 13427 13335
13450 13444 13381
13450 13381 13359
13377 13350 13325
13377 13325 13328
13451 13322 13321
13438 13448 13370
13438 13370 13385
13440 13452 13434
13440 13434 13435
13453 13431 13338
13406 13443 13363
13406 13363 13407
13454 13441 13440
13454 13440 13435
13330 13454 13435
13392 13430 13422
13392 13422 13393
13309 13372 13310
13450 13359 13344
13450 13344 13455
13442 13437 13413
13442 13413 13407
13314 13415 13311
13412 13405 13413
13331 13330 13435
13351 13451 13321
13351 13321 13325
13394 13419 13452
13394 13452 13440
13343 13455 13344
13395 13387 13386
13366 13339 13341
13445 13365 13341
13316 13423 13317
13453 13338 13337
13453 13337 13382
13309 13338 13371
13449 13336 13338
13370 13426 13383
13370 13383 13385
13370 13369 13425
13456 13457 13458
13456 13458 13459
13460 13461 13462
13460 13462 13463
13464 13465 13466
13464 13466 13467
13468 13469 13470
13468 13470 13471
13472 13473 13474
13472 13474 13475
13476 13472 13475
13476 13475 13477
13478 13479 13480
13478 13480 13481
13482 13483 13484
13482 13484 13485
13469 13464 13467
13469 13467 13470
13486 13476 13477
13486 13477 13487
13473 13460 13463
13473 13463 13474
13465 13488 13489
13465 13489 13466
13490 13491 13492
13490 13492 13493
13457 13456 13494
13457 13494 13495
13495 13494 13496
13495 13496 13497
13497 13496 13483
13497 13483 13482
13498 13468 13471
13498 13471 13499
13500 13501 13502
13500 13502 13503
13504 13505 13506
13504 13506 13507
13508 13509 13510
13508 13510 13511
13512 13513 13514
13512 13514 13515
13516 13517 13518
13516 13518 13519
13520 13521 13517
13520 13517 13516
13522 13523 13524
13522 13524 13525
13526 13527 13528
13526 13528 13529
13515 13514 13509
13515 13509 13508
13530 13531 13521
13530 13521 13520
13519 13518 13505
13519 13505 13504
13511 13510 13532
13511 13532 13533
13534 13535 13536
13534 13536 13537
13503 13538 13539
13503 13539 13500
13538 13540 13541
13538 13541 13539
13540 13526 13529
13540 13529 13541
13542 13543 13513
13542 13513 13512
13544 13545 13546
13544 13546 13547
13548 13549 13550
13548 13550 13551
13552 13553 13554
13552 13554 13555
13556 13557 13558
13556 13558 13559
13560 13561 13562
13560 13562 13563
13564 13565 13566
13564 13566 13567
13568 13569 13570
13568 13570 13571
13572 13573 13574
13572 13574 13575
13576 13577 13578
13576 13578 13579
13580 13581 13582
13580 13582 13583
13584 13585 13586
13584 13586 13587
13588 13589 13590
13588 13590 13591
13592 13593 13594
13592 13594 13595
13596 13597 13598
13596 13598 13599
13600 13601 13602
13600 13602 13603
13604 13605 13606
13604 13606 13607
13608 13609 13610
13608 13610 13611
13612 13613 13614
13612 13614 13615
13012 12739 12817
12564 12332 12411
12332 12564 12333
12737 12738 12739
13616 12309 12311
12596 12402 12310
12595 12403 12402
12403 12595 12318
12319 12317 12316
12610 12320 12319
12320 12610 12322
12321 12409 12322
12409 12321 12324
12334 12325 12324
12327 12329 12326
12328 12331 12329
12330 12333 12331
12732 12734 12735
12735 12736 12737
12729 12733 12732
12733 12729 12731
12730 12726 12731
13617 12727 12726
13013 12809 12999
12809 13013 12716
13618 12715 12714
12721 12999 12722
12724 12721 12723
13014 12724 12725
13617 13014 12727
12230 12192 12191
12230 12191 12217
12197 12196 12210
12197 12210 12220
13619 12200 12199
13619 12199 13620
12203 12200 13619
12203 13619 12228
12207 12206 12229
12207 12229 12215
13621 12208 12196
13621 12196 12195
12214 12213 12216
12214 12216 13622
12207 12213 12212
12207 12212 12204
12231 12218 12191
12231 12191 12190
12197 12222 12224
12197 12224 12194
12225 12222 12221
12225 12221 13623
12227 12214 13622
12227 13622 13624
12203 12206 12205
12203 12205 12202
12193 12192 12208
12193 12208 13621
12218 12227 13624
12218 13624 12219
13625 12232 12235
13625 12235 13626
13620 12199 12232
13620 12232 13625
12147 12146 12184
12147 12184 12171
12162 12148 12151
12162 12151 12176
12155 12154 13627
12155 13627 13628
13627 12154 12157
13627 12157 12183
12182 12158 12161
12182 12161 12170
12149 12148 12164
12149 12164 13629
12169 12165 12168
12169 12168 13630
12166 12165 12161
12166 12161 12160
12147 12173 12185
12147 12185 12144
12179 12174 12151
12179 12151 12150
12175 12174 12178
12175 12178 13631
13630 12168 12181
13630 12181 13632
12159 12158 12157
12159 12157 12156
12164 12146 12145
12164 12145 13629
13632 12181 12173
13632 12173 12172
12189 12188 13633
12189 13633 13634
12188 12155 13628
12188 13628 13633
11899 11958 11956
12072 12013 12071
12082 12026 12084
11968 11910 11909
12321 12323 12298
12321 12298 12633
12327 12325 12631
12327 12631 12626
12328 12327 12626
12328 12626 12303
12330 12328 12303
12330 12303 12302
12332 12330 12302
12332 12302 12294
12628 12334 12321
12628 12321 12633
12595 12596 12621
12595 12621 12614
13635 12607 12608
13635 12608 12625
12293 12609 12332
12293 12332 12294
12608 12609 12625
12596 12309 12618
12596 12618 12621
12617 12316 12595
12617 12595 12614
12298 12323 12610
12298 12610 12299
13034 12730 12729
13034 12729 13035
13010 13011 13636
13010 13636 13028
13012 13010 13028
13024 12714 13013
13024 13013 13025
12739 13012 12698
12739 12698 12701
12707 12737 12739
12707 12739 12701
12309 13616 12635
12309 12635 12618
12623 12319 12316
12623 12316 12617
12299 12610 12319
12299 12319 12623
12325 12334 12628
12325 12628 12631
13031 12732 12735
13031 12735 12706
12706 12735 12737
12706 12737 12707
13035 12729 12732
13035 12732 13031
12726 12730 13034
12726 13034 13037
12703 13617 12726
12703 12726 13037
13025 13013 12999
13025 12999 13020
13039 13618 12714
13039 12714 13024
12999 12721 13021
12999 13021 13020
12721 12724 13027
12721 13027 13021
12724 13014 12702
12724 12702 13027
13014 13617 12703
13014 12703 12702
12266 12260 13637
12670 12664 12673
11583 11691 11638
11850 11752 11798
12781 12792 12815
12386 12375 12410
12513 12505 12504
12908 12918 12909
12747 12746 12827
12341 12340 12423
13029 13028 13636
12625 12624 13635
12613 12598 12624
12118 12088 12064
11974 12003 11950
11949 11948 13638
12063 12062 13639
13012 13028 12698
12625 12609 12293
12293 12613 12625
13023 13039 13024
12997 13038 13023
12710 12699 13017
12296 12305 12613
13017 12698 13028
13001 13017 13029
12634 12594 12619
12635 12619 12618
12664 12679 12665
12260 12274 13637
