byte offset: 0
first index: 0
index count: 20631
topology: trianglelist
format: DXGI_FORMAT_R16_UINT

0 1 2
3 4 5
3 5 6
7 8 5
7 5 4
9 6 10
11 3 6
12 13 14
15 16 17
18 19 20
21 22 23
21 23 24
25 26 27
25 27 28
29 30 31
21 24 32
21 32 33
34 35 36
34 36 37
35 22 21
35 21 36
37 38 39
37 39 34
40 41 42
40 42 43
44 27 26
45 46 47
37 36 48
36 21 33
36 33 48
46 49 47
50 51 52
50 52 53
54 47 55
54 55 56
57 58 59
40 43 60
40 60 61
47 49 62
47 62 55
56 63 64
56 64 54
65 66 67
65 67 68
69 70 71
69 71 72
73 74 75
73 75 76
77 78 79
77 79 80
73 81 74
76 75 80
76 80 79
82 83 84
82 84 85
86 87 88
89 90 91
89 91 92
93 94 95
93 95 96
97 87 98
97 98 99
100 101 102
103 102 82
103 82 85
104 101 100
105 93 96
105 96 88
82 106 107
82 107 83
105 88 87
105 87 97
92 108 104
100 103 109
100 109 110
103 85 111
103 111 109
92 100 110
92 110 89
112 87 86
113 104 108
113 108 114
112 98 87
115 106 82
115 82 102
101 104 116
86 88 96
86 96 117
118 119 120
118 120 121
118 122 119
123 124 125
123 125 126
127 128 129
127 129 130
131 26 25
132 133 134
16 19 135
20 136 18
137 138 139
137 139 140
141 142 143
141 143 144
145 146 142
145 142 141
145 147 148
145 148 146
147 149 148
138 150 151
138 151 139
152 153 154
136 155 18
13 156 20
156 152 136
152 154 136
136 154 155
157 158 159
157 160 161
162 163 164
162 164 165
166 167 168
169 170 171
169 171 172
173 168 174
175 176 170
168 177 174
178 162 165
178 165 179
170 180 181
170 181 171
170 176 182
183 184 185
183 185 186
187 188 189
177 190 191
192 193 194
188 195 196
188 196 189
197 198 199
197 199 200
201 202 203
201 203 204
203 205 206
203 206 204
207 208 209
207 209 210
211 212 213
211 213 214
215 216 217
215 217 218
219 220 221
219 221 222
223 224 225
223 225 226
227 228 229
227 229 230
222 221 231
222 231 232
233 234 235
236 232 231
236 231 237
238 221 220
238 220 239
221 238 240
221 240 231
237 231 240
237 240 241
242 243 224
242 224 223
244 245 246
244 246 247
230 229 248
230 248 249
238 250 251
238 251 240
240 251 252
240 252 241
253 254 255
253 255 256
257 258 259
257 259 260
260 259 261
260 261 262
263 264 265
263 265 266
264 267 268
264 268 265
267 269 270
267 270 268
271 272 273
271 273 274
272 275 276
272 276 273
275 277 276
278 279 280
278 280 281
282 283 284
282 284 285
286 287 288
286 288 289
270 269 271
270 271 274
285 284 287
285 287 286
290 291 292
290 292 293
291 290 294
291 294 295
296 295 294
296 294 297
298 299 300
298 300 301
301 300 283
301 283 282
302 303 304
302 304 305
306 307 308
306 308 309
310 311 307
310 307 306
312 313 311
312 311 310
314 315 313
314 313 312
316 317 318
316 318 319
319 318 315
319 315 314
320 86 117
320 117 321
322 323 27
322 27 44
323 324 28
323 28 27
50 325 326
50 326 51
69 327 328
69 328 70
329 330 167
329 167 166
330 331 332
330 332 167
333 334 335
336 337 338
336 338 332
339 340 341
339 341 342
341 343 344
341 344 342
345 346 347
345 347 348
167 332 177
332 338 190
332 190 177
226 339 342
226 342 223
342 344 242
342 242 223
349 345 348
349 348 350
117 96 95
117 95 351
351 352 321
351 321 117
353 354 323
353 323 322
354 355 324
354 324 323
356 357 358
356 358 359
327 360 361
327 361 328
362 363 330
362 330 329
363 364 331
363 331 330
333 365 366
333 366 334
367 368 369
370 371 337
370 337 336
340 372 373
340 373 341
373 374 343
373 343 341
95 84 83
95 83 351
351 83 107
351 107 352
353 32 24
353 24 354
24 23 355
24 355 354
359 358 42
359 42 41
360 67 66
360 66 361
163 162 363
163 363 362
162 178 364
162 364 363
365 184 183
365 183 366
199 198 368
199 368 367
208 207 371
208 371 370
372 233 245
372 245 373
245 244 374
245 374 373
280 279 375
280 375 376
247 246 241
247 241 252
237 241 246
246 235 237
377 210 209
377 209 378
379 197 200
379 200 380
186 185 194
186 194 381
179 165 382
179 382 383
165 164 384
165 384 382
77 65 68
77 68 78
385 386 387
388 389 12
389 390 156
389 156 13
390 391 152
390 152 156
391 392 153
391 153 152
393 394 121
393 121 120
84 95 94
84 94 395
396 140 389
140 139 391
140 391 390
139 151 392
139 392 391
124 123 394
124 394 393
395 111 85
395 85 84
61 60 64
115 102 101
126 125 128
126 128 127
138 137 160
397 150 138
397 138 157
379 380 398
379 398 399
377 378 400
377 400 401
384 402 403
384 403 382
382 403 404
382 404 383
401 400 212
401 212 211
399 398 202
399 202 201
193 192 405
181 404 403
181 403 171
402 172 171
402 171 403
350 406 407
350 407 349
346 408 409
346 409 347
262 261 263
262 263 266
298 296 297
298 297 299
309 308 304
309 304 303
410 411 376
410 376 375
278 281 409
278 409 408
412 413 414
412 414 415
416 417 317
416 317 316
418 419 420
302 305 421
302 421 422
423 424 425
423 425 426
427 428 99
429 428 427
98 427 99
236 237 235
236 235 234
430 431 432
432 431 357
432 357 356
433 434 435
433 435 436
60 437 64
437 438 54
439 440 441
442 443 444
442 444 445
445 446 447
445 447 442
434 447 446
434 446 435
433 436 448
433 448 449
449 448 326
449 326 325
71 450 72
57 59 451
57 451 452
52 453 53
452 451 454
452 454 455
454 456 457
454 457 455
457 456 458
457 458 459
459 458 460
459 460 461
460 462 463
460 463 461
462 464 465
462 465 463
464 466 467
464 467 465
468 469 470
468 470 471
472 38 37
473 474 411
473 411 410
289 288 475
289 475 476
473 477 474
475 478 476
61 64 63
479 480 481
479 481 482
483 484 485
483 485 486
487 485 488
489 490 491
489 491 492
493 494 495
493 495 496
497 498 499
497 499 500
497 500 501
497 501 502
502 501 503
502 503 504
492 491 499
492 499 498
505 506 507
505 507 508
509 510 511
509 511 512
513 514 515
513 515 516
517 518 519
517 519 520
514 520 519
514 519 515
521 522 518
521 518 517
523 524 525
523 525 526
507 506 527
507 527 528
528 527 522
528 522 521
526 525 529
481 480 530
531 532 533
531 533 534
482 534 533
482 533 479
535 536 537
535 537 538
539 538 537
539 537 540
535 541 536
542 543 544
542 544 545
546 547 548
546 548 549
550 551 552
550 552 553
554 555 556
554 556 557
558 559 560
558 560 561
561 560 562
561 562 563
558 543 542
558 542 559
548 564 565
548 565 549
566 567 568
569 570 571
572 573 574
572 574 575
576 556 555
576 555 577
576 577 550
576 550 553
578 579 580
578 580 581
582 581 580
582 580 583
552 551 584
552 584 585
578 586 579
587 514 513
587 513 588
589 590 591
592 508 507
592 507 593
594 595 521
594 521 517
594 517 520
594 520 596
597 523 526
597 526 598
593 507 528
593 528 599
599 528 521
599 521 595
598 526 529
600 601 602
509 512 603
509 603 604
596 520 514
596 514 587
591 590 605
591 605 606
607 608 609
607 609 610
611 612 613
611 613 614
615 616 617
615 617 618
619 620 621
619 621 622
623 619 622
623 622 624
625 626 627
625 627 628
629 615 618
629 618 630
620 629 630
620 630 621
586 626 625
631 632 633
609 608 634
609 634 635
628 627 636
628 636 637
561 608 607
561 607 558
612 638 639
612 639 613
585 616 615
585 615 552
576 620 619
576 619 556
556 619 623
556 623 557
581 627 626
581 626 578
552 615 629
552 629 553
553 629 620
553 620 576
578 626 586
547 632 631
547 631 548
638 612 634
638 634 563
640 641 642
640 642 643
610 644 645
610 645 607
646 647 645
646 645 644
648 649 650
648 650 651
652 653 654
652 654 655
607 645 543
607 543 558
645 647 544
645 544 543
654 653 573
654 573 572
656 657 494
656 494 493
658 659 510
658 510 509
660 661 572
660 572 575
662 658 509
662 509 604
655 654 663
655 663 664
654 572 661
654 661 663
665 569 571
532 531 484
532 484 483
545 544 547
545 547 546
666 632 667
632 547 544
632 544 647
668 488 657
565 564 661
565 661 660
664 663 669
664 669 670
663 661 564
663 564 669
496 495 490
496 490 489
512 511 505
512 505 508
584 574 573
584 573 585
603 512 508
603 508 592
653 616 585
653 585 573
652 617 616
652 616 653
671 568 567
665 649 569
672 673 639
672 639 638
674 566 568
530 671 675
563 562 672
563 672 638
635 634 612
635 612 611
563 634 608
563 608 561
614 613 649
614 649 648
613 639 569
613 569 649
639 673 570
639 570 569
671 567 675
600 602 676
530 480 671
650 649 665
503 677 678
503 678 504
523 679 680
523 680 524
681 539 540
681 540 682
557 641 683
557 683 554
640 582 583
640 583 684
685 679 523
685 523 597
686 642 623
686 623 624
637 636 643
637 643 687
623 642 641
623 641 557
581 582 636
581 636 627
679 513 516
679 516 680
588 513 679
588 679 685
582 640 643
582 643 636
677 681 682
677 682 678
641 640 684
641 684 683
687 643 642
687 642 686
245 235 246
233 235 245
206 205 688
689 196 690
689 690 691
182 176 692
176 175 693
176 693 692
694 62 49
694 49 695
46 696 695
46 695 49
213 217 216
213 216 214
219 227 230
219 230 220
220 230 249
220 249 239
415 414 697
415 697 698
699 114 700
114 108 701
92 91 701
92 701 108
388 396 389
385 387 16
702 14 20
12 389 13
396 137 140
45 47 54
175 170 169
170 182 180
112 86 320
437 54 64
54 438 45
467 466 468
467 468 471
441 444 443
441 443 439
39 38 31
38 29 31
38 472 29
37 48 472
225 224 703
224 243 703
256 255 258
256 258 257
293 292 704
407 406 705
422 421 706
422 706 707
173 174 708
174 709 708
174 191 709
177 191 174
167 177 168
20 156 136
19 710 9
11 6 710
600 606 605
600 605 601
676 711 712
676 602 711
157 161 713
157 713 158
157 159 714
159 158 715
157 714 397
397 714 716
114 701 700
717 718 719
564 548 631
564 631 669
669 631 720
669 720 670
485 487 486
668 487 488
249 248 412
249 412 415
239 249 415
239 415 698
238 239 698
238 698 250
721 405 722
722 189 196
722 196 689
723 690 196
723 196 195
193 405 721
405 192 187
416 724 417
419 418 725
138 160 157
389 140 390
194 193 381
166 168 173
726 727 728
726 728 729
730 731 732
726 731 730
726 730 727
733 734 735
733 735 736
737 733 736
737 736 738
739 737 738
739 738 740
741 739 740
741 740 742
743 744 745
744 741 742
744 742 745
746 747 748
746 748 749
750 751 752
750 752 753
752 751 754
755 750 753
755 753 756
757 755 756
757 756 758
758 748 747
758 747 757
759 760 761
762 763 735
762 735 734
764 765 766
764 766 767
768 769 770
768 770 771
769 772 773
769 773 770
772 774 775
772 775 773
774 776 777
774 777 775
776 764 767
776 767 777
778 779 780
778 780 781
781 782 778
779 783 784
779 784 780
783 785 786
783 786 784
785 787 788
785 788 786
789 790 791
789 791 792
793 791 790
794 789 792
794 792 795
796 794 795
796 795 797
798 796 797
798 797 799
800 801 802
800 802 803
804 805 800
804 800 803
806 807 808
806 808 809
809 810 811
809 811 806
812 813 814
812 814 815
816 817 811
816 811 818
818 811 810
818 810 819
818 819 820
821 822 820
821 820 823
823 824 821
825 826 827
828 826 825
826 829 827
830 831 832
833 834 835
836 837 832
827 829 838
839 840 841
842 843 844
845 846 847
845 847 848
849 825 850
849 850 851
835 852 844
835 844 833
853 854 845
853 845 855
856 857 858
859 860 861
859 861 862
863 864 865
828 866 867
828 867 868
869 826 828
869 828 868
870 871 872
870 872 873
815 874 812
815 814 875
815 875 876
877 878 879
815 877 874
876 878 877
877 880 874
878 881 879
880 882 883
881 884 879
885 886 887
885 887 888
889 890 891
885 888 892
893 894 895
893 895 896
897 898 891
897 891 899
900 901 902
900 902 903
879 889 880
889 891 904
905 906 907
905 907 908
909 910 911
912 913 914
912 914 915
916 917 918
916 918 919
920 921 922
920 922 923
924 925 926
924 926 927
928 929 930
928 930 931
932 933 864
934 935 861
934 861 936
937 861 935
938 939 940
938 940 941
942 943 944
942 944 945
946 947 948
949 950 951
824 952 953
824 953 954
943 955 956
943 956 944
957 898 897
957 897 958
959 960 961
962 963 964
962 964 965
966 967 968
966 968 969
967 970 971
967 971 968
972 973 974
975 976 977
975 977 978
979 973 972
980 981 982
980 982 983
984 985 986
987 988 989
987 989 990
874 883 991
874 880 883
992 993 994
992 994 995
996 997 998
970 974 973
970 973 971
954 893 896
954 896 824
999 1000 1001
999 1001 1002
1003 1004 1005
1003 1005 1006
1007 1008 934
1007 934 936
1009 1010 1011
1009 1011 1012
1013 1014 1015
1013 1015 1016
989 1017 1018
989 1018 990
999 1019 847
999 847 846
1020 1021 865
1020 865 933
1022 923 922
1022 922 1023
914 913 1024
914 1024 1025
1026 1027 894
1026 894 893
828 825 849
828 849 866
845 854 1028
845 1028 846
1029 1026 893
1029 893 954
1029 1030 867
1029 867 866
926 925 1031
926 1031 1032
919 1033 1034
919 1034 916
1035 1036 921
1035 921 920
1037 918 917
1037 917 1038
901 912 915
901 915 902
993 837 994
852 853 855
852 855 844
848 842 855
869 829 826
1012 1011 1039
1040 1041 1042
1043 1044 949
1043 949 951
946 948 1045
946 1045 1046
942 945 959
942 959 961
1045 938 941
1045 941 1046
873 872 1047
873 1047 1048
992 995 1049
992 1049 1050
1051 816 822
816 818 822
1052 904 988
1052 988 987
1053 1054 1055
1053 1055 1056
1043 1056 1055
1043 1055 1044
1057 1058 1059
1057 1059 1060
821 896 895
821 895 1061
857 856 1062
821 1061 1051
821 1051 822
979 805 804
1063 1064 1065
1064 1066 1067
1068 1069 1070
1071 1069 1072
1071 1072 1073
1069 1074 1072
1074 1075 1072
1075 1076 1077
1075 1077 1078
1079 1080 1081
1082 1083 1084
1085 1086 1087
1088 1080 1089
1090 1091 1092
1090 1092 1093
1094 1095 1091
1094 1091 1090
1096 1097 1098
1096 1098 1099
1100 1101 1102
1100 1102 1103
1093 1092 1104
1093 1104 1105
1075 1106 1076
1107 1074 1069
1108 1109 1110
1108 1110 1111
1078 1077 1112
1062 856 1113
1114 816 1115
817 1114 1116
817 1116 806
1063 1117 1118
1063 1118 1119
1119 1064 1063
1067 1120 1065
1114 817 816
806 1116 1121
806 1121 807
1067 1122 1123
1106 1104 1076
1101 1124 1125
1101 1125 1102
1126 1098 1111
1095 1112 1077
1095 1077 1091
1091 1077 1076
1091 1076 1092
1127 1075 1074
1070 1128 1123
1068 1070 1122
1129 1068 1122
1113 1130 1131
1113 1131 1062
1120 1123 1132
1123 1128 1132
1071 1133 1128
1112 1134 1078
1078 1134 1073
812 874 991
876 877 815
1064 1067 1065
1066 1122 1067
1067 1123 1120
1070 1071 1128
877 879 880
979 972 805
838 829 840
844 843 833
837 836 994
832 831 836
855 842 844
845 848 855
869 1135 829
1075 1127 1106
1136 1137 1124
1073 1072 1075
1073 1075 1078
1138 1139 1140
1141 887 886
880 889 882
818 820 822
1040 1042 976
1040 976 975
890 899 891
962 965 957
962 957 958
982 981 1041
982 1041 1142
1041 1040 1142
1143 1144 1145
1144 1146 1145
1147 884 1148
884 1149 1148
884 881 1149
1150 978 977
879 890 889
1068 1107 1069
1114 1066 1064
806 811 817
1151 1115 816
1151 816 1051
1152 1153 1154
1064 1119 1116
1064 1116 1114
1121 1116 1119
1121 1119 1118
1076 1104 1092
858 1155 856
1156 1155 858
1156 858 1157
1158 1156 1157
1158 1157 1159
1160 1161 1158
1160 1158 1159
1133 1071 1073
1133 1073 1162
1073 1134 1162
1163 1164 1165
1163 1165 1166
1167 1168 1169
1170 1159 1157
1170 1157 1171
1170 1172 1160
1170 1160 1159
1163 1166 1173
1163 1173 1174
1175 1170 1171
1175 1171 1176
1177 1172 1170
1177 1170 1175
1178 1174 1173
1178 1173 1179
1180 1181 1182
1180 1182 1183
1180 1184 1185
1180 1185 1181
1186 1187 1188
1186 1188 1189
1190 1168 1167
1191 1192 1193
1194 1195 1196
1194 1196 1197
1198 1199 1200
1198 1200 1201
1202 1198 1201
1202 1201 1203
825 827 850
888 1204 892
1205 1206 892
1205 892 1204
823 952 824
1207 1208 1209
1208 1210 1211
1208 1211 1209
1212 1211 1210
1212 1210 1213
1213 1214 1212
1209 998 1207
1215 1216 1217
1218 1217 1216
1218 1216 887
887 1141 1218
1217 1219 1215
1220 1215 1219
1220 1219 1221
1222 1223 997
1222 997 996
1224 1225 1226
1227 1228 1226
1227 1226 1225
1229 1230 1231
1229 1231 1232
1233 1234 1235
1233 1235 1236
1237 1238 1239
1237 1239 1240
1241 1242 1243
1244 1245 1057
1244 1057 1060
1246 1245 1244
1246 1244 1247
1248 1249 1250
1248 1250 1251
1252 1253 1254
889 904 882
882 904 1052
1248 1255 1249
1256 1257 1258
1259 1260 1261
1262 1263 1255
1255 1263 1249
1254 1264 1252
1265 1266 1267
1265 1267 1268
1269 1270 1271
1269 1271 1272
1273 1274 1275
1273 1275 1276
1276 1275 1270
1276 1270 1269
1272 1271 1266
1272 1266 1265
1277 1278 1252
1277 1252 1264
1279 1280 1281
1279 1281 1282
1283 1282 1281
1284 1285 1286
1284 1286 1287
1288 1223 1222
1288 1222 1289
1290 1291 1292
1290 1292 1293
1287 1294 1295
1287 1295 1284
1296 1297 1298
1296 1298 1299
1300 1301 1297
1300 1297 1296
1293 1292 1301
1293 1301 1300
1302 1303 1304
1302 1304 1305
1306 1302 1305
1306 1305 1307
1308 1306 1307
1308 1307 1309
1308 1309 1310
1308 1310 1311
1312 1220 1221
1312 1221 1313
1314 1315 1316
1317 1318 1319
1317 1319 1320
1031 1321 1322
1031 1322 1032
1323 1324 1325
1324 1326 1325
1324 1327 1326
1327 1328 1326
1329 1330 1331
1329 1331 1332
1333 1334 1330
1333 1330 1329
1335 1336 1334
1335 1334 1333
1145 1337 1009
1145 1009 1143
1338 966 969
1338 969 1339
1010 1009 1340
1010 1340 1341
1342 1009 1337
1342 1343 1340
1344 1345 1343
1344 1343 1346
1347 1344 1346
1347 1346 1348
1348 1349 1347
1350 1351 1338
1350 1338 1339
1352 1353 1351
1352 1351 1350
1354 1355 1353
1354 1353 1352
1356 1357 1358
1356 1358 1359
1359 1358 1360
1359 1360 1361
1361 1360 1362
1361 1362 1363
1363 1362 1364
1363 1364 1365
1365 1364 1366
1365 1366 1367
1366 1368 1367
1369 1370 1371
1369 1371 1372
1373 1374 1370
1373 1370 1369
1375 1376 1377
1375 1377 1378
1378 1377 1379
1378 1379 1380
1380 1379 1381
1380 1381 1382
1382 1381 1374
1382 1374 1373
1354 1383 1355
1371 1384 1372
1157 858 1171
1171 1385 1176
1386 1183 1182
1386 1182 1387
1388 1389 1385
1388 1385 1390
1391 1386 1387
1391 1387 1392
1393 1394 1395
1393 1395 1396
821 824 896
1397 1398 1399
1397 1399 1400
1398 1397 1401
1400 1399 1402
1400 1402 1403
1404 1405 1406
1404 1406 1407
1408 1409 1410
1411 1412 1413
1410 1409 1414
1414 1415 1416
1414 1416 1410
1413 1417 1418
1413 1418 1411
1410 1416 1419
1410 1419 1408
1420 1421 1422
1423 1424 1425
1423 1425 1426
1421 1419 1422
1417 1423 1426
1417 1426 1418
1427 1416 1415
1407 1428 1404
1420 1429 1421
1422 1419 1416
1430 1406 1405
1430 1405 1431
1432 1425 1424
1432 1424 1433
1434 1429 1420
1434 1420 1435
1436 1430 1431
1436 1431 1437
1438 1432 1433
1438 1433 1439
1402 1436 1437
1402 1437 1403
1440 1438 1439
1440 1439 1441
1441 1442 1440
1443 1444 1445
1443 1445 1446
1444 1447 1448
1444 1448 1445
1447 1449 1450
1447 1450 1448
1449 1451 1452
1449 1452 1450
1453 1452 1451
1454 1455 1456
1454 1456 1457
1458 1459 1455
1458 1455 1454
1457 1456 1460
1457 1460 1461
1461 1460 1443
1461 1443 1446
1462 1463 1464
1462 1464 1465
1462 1465 1466
1462 1466 1467
1468 1469 1470
1468 1470 1471
1470 1464 1463
1470 1463 1471
1472 1469 1468
1472 1468 1473
1474 1472 1473
1474 1473 1475
1476 1474 1475
1476 1475 1477
1477 1478 1476
1479 1480 1481
1479 1481 1482
1483 1484 1481
1483 1481 1480
1485 1486 1487
1485 1487 1488
1489 1490 1486
1489 1486 1485
1491 1492 1490
1491 1490 1489
1492 1491 1493
1494 1479 1482
1494 1482 1495
1488 1487 1484
1488 1484 1483
1496 1497 1498
1496 1498 1499
1497 1500 1501
1497 1501 1498
1500 1502 1503
1500 1503 1501
1502 1504 1505
1502 1505 1503
1506 1505 1504
1507 1508 1509
1507 1509 1510
1511 1512 1509
1511 1509 1508
1507 1510 1513
1507 1513 1514
1514 1513 1496
1514 1496 1499
1515 1516 1517
1515 1517 1518
1519 1520 1521
1519 1521 1522
1523 1524 1525
1523 1525 1526
1527 1528 1529
1527 1529 1530
1531 1532 1533
1531 1533 1534
1532 1535 1536
1532 1536 1533
1535 1522 1521
1535 1521 1536
1537 1538 1539
1540 1541 1542
1540 1542 1543
1540 1543 1544
1540 1544 1545
1545 1544 1546
1545 1546 1547
1547 1546 1548
1547 1548 1549
1550 1551 1552
1550 1552 1553
1554 1555 1556
1557 1558 1559
1557 1559 1560
1561 1557 1560
1561 1560 1562
1563 1561 1562
1563 1562 1564
1565 1563 1564
1565 1564 1566
1567 1568 1569
1567 1569 1570
1571 1572 1573
1571 1573 1574
1109 1571 1574
1109 1574 1110
1575 1126 1111
1575 1111 1110
1111 1576 1108
1111 1098 1097
1195 1577 1578
1195 1578 1579
1199 1580 1581
1199 1581 1194
1202 1582 1583
1202 1583 1198
1579 1584 1585
1578 1584 1579
1586 1587 1588
1587 1530 1529
1589 1530 1587
1587 1529 1588
787 1590 788
1591 1573 1572
1591 1572 1592
1593 1591 1592
1593 1592 1594
1594 1595 1593
1596 1597 1598
1596 1598 1599
1600 1601 1602
1600 1602 1603
1604 1605 1606
1604 1606 1607
1608 1609 1610
1608 1610 1611
1612 1609 1608
1612 1608 1613
1609 1612 1614
1609 1614 1615
1616 1617 1618
1619 1620 1621
1619 1621 1622
1623 1624 1601
1623 1601 1600
1597 1603 1602
1597 1602 1625
1625 1626 1598
1625 1598 1597
1605 1627 1628
1605 1628 1606
1618 1619 1622
1618 1622 1616
1629 1630 1631
1629 1631 1632
1633 1604 1607
1633 1607 1634
1635 1636 1598
1635 1598 1626
1621 1620 1633
1621 1633 1634
1636 1635 1613
1636 1613 1608
1614 1637 1615
1611 1638 1636
1611 1636 1608
1639 1610 1609
1639 1609 1615
1615 1637 1639
1599 1598 1636
1599 1636 1638
1640 1641 1623
1640 1623 1600
1642 1640 1600
1642 1600 1603
1596 1642 1603
1596 1603 1597
1628 1627 1632
1628 1632 1631
1643 1644 1630
1643 1630 1629
1645 1646 1644
1645 1644 1643
1647 1648 1646
1647 1646 1645
1649 1582 1202
1649 1202 1650
1650 1202 1203
1650 1203 1651
1652 1137 1136
1652 1136 1653
1654 1655 1656
1654 1656 1657
1176 1385 1389
1658 1650 1651
1658 1651 1659
1641 1660 1623
1661 1624 1623
1661 1623 1662
1002 1663 1664
1002 1664 1665
1666 1664 1663
1666 1663 1667
1668 1666 1667
1171 858 1385
1669 1654 1657
1669 1657 1670
1670 1671 1669
1672 1376 1375
1672 1375 1673
1674 1672 1673
1674 1673 1675
1392 1676 1391
1677 1658 1659
1677 1659 1678
1555 1679 1556
1282 1283 1680
1681 1682 1683
1681 1683 1684
1685 1682 1681
1685 1681 1686
1686 1687 1685
1688 1689 1690
1688 1690 1691
1689 1692 1693
1689 1693 1690
1694 1688 1691
1695 1696 1693
1695 1693 1692
1697 1698 1699
1700 1701 1702
1702 1703 1704
1702 1704 1700
1699 1705 1706
1699 1706 1697
1707 1708 1709
1710 1711 1712
1710 1712 1713
1704 1703 1709
1704 1709 1708
1710 1713 1714
1714 1713 1706
1684 1683 1715
1716 1684 1715
1709 1717 1707
1718 1696 1695
1718 1695 1719
1720 1707 1717
1720 1717 1721
1722 1712 1711
1722 1711 1723
1724 1716 1715
1724 1715 1725
1726 1718 1719
1726 1719 1727
1728 1720 1721
1728 1721 1729
1730 1722 1723
1730 1723 1731
1732 1724 1725
1732 1725 1733
1734 1726 1727
1734 1727 1735
1736 1728 1729
1736 1729 1737
1738 1730 1731
1738 1731 1739
1740 1732 1733
1740 1733 1741
1742 1734 1735
1742 1735 1743
1744 1740 1741
1744 1741 1745
1746 1742 1743
1746 1743 1747
1748 1749 1750
998 997 1207
1751 1752 1753
1751 1753 1754
1755 1756 1757
1755 1757 1758
1759 1755 1758
1286 1285 1760
1759 1761 1755
1760 1285 1762
1763 1764 1765
1763 1765 1766
838 840 839
840 829 1135
840 1135 1767
1767 841 840
1768 1769 1770
1768 1770 1771
1674 1675 1772
1674 1772 1773
1774 1775 1776
1772 1777 1773
1458 1778 1459
1511 1154 1512
1070 1123 1122
1466 1779 1467
768 771 1780
1781 1494 1495
1782 1783 1784
864 1785 1783
864 1783 932
933 865 864
864 863 1784
1786 1787 1434
1786 1434 1435
1788 1789 1790
1009 1342 1340
1345 1341 1340
1343 1345 1340
1001 862 1791
1792 1388 1390
1124 1137 1125
1653 1793 1652
1794 1795 1658
1794 1658 1677
1658 1649 1650
1649 1658 1795
1796 760 759
765 729 728
765 728 766
746 749 1797
746 1797 1798
1799 1800 1801
1391 1676 1802
937 935 1803
1781 1495 1804
1537 1805 1538
1806 1807 1808
1806 1808 1809
1796 763 762
1796 762 760
1798 1797 1765
1798 1765 1764
1745 1810 1744
1811 1812 1813
1680 1814 1815
1816 1817 1818
1818 802 801
1818 801 1816
1819 1820 1821
1819 1821 1822
1823 808 807
1823 807 1824
1825 1826 814
1825 814 813
814 1826 1820
814 1820 875
1824 1827 1828
1824 1828 1823
1825 1829 1821
1825 1821 1826
1822 1821 1830
1827 1831 1832
1827 1832 1828
807 1121 1833
807 1833 1824
1830 1829 1834
1830 1821 1829
1821 1820 1826
1835 1118 1117
1835 1117 1836
1833 1121 1118
1833 1118 1835
1833 1837 1827
1833 1827 1824
1817 1838 1818
1838 1817 1839
1830 1834 1840
1832 1841 1842
1832 1831 1841
1831 1827 1843
1837 1833 1835
1844 1835 1845
1827 1837 1843
1846 1847 1848
1846 1848 1849
1850 1851 1847
1850 1847 1846
1852 1853 1854
1855 1856 1857
1855 1857 1858
1857 1859 1860
1857 1860 1858
1861 1862 1863
1864 1865 1860
1864 1860 1859
1866 1867 1868
1869 1870 1871
1872 1873 1874
1872 1874 1875
1876 1877 1878
1876 1878 1879
1880 1881 1882
1880 1882 1883
1874 1873 1884
1874 1884 1885
1883 1878 1877
1883 1877 1880
1864 1886 1887
1864 1887 1865
1888 1889 1890
1888 1890 1891
1892 1893 1849
1892 1849 1848
1894 1895 1896
1894 1896 1897
1898 1899 1893
1898 1893 1892
1900 1901 1897
1900 1897 1896
1902 1903 1904
1902 1904 1905
1906 1901 1900
1906 1900 1907
1889 1888 1908
1889 1908 1909
1910 1906 1907
1910 1907 1911
1912 1909 1908
1912 1908 1913
1904 1903 1914
1904 1914 1915
1916 1915 1914
1916 1914 1917
1918 1910 1911
1918 1911 1919
1920 1912 1913
1920 1913 1921
1922 1916 1917
1922 1917 1923
1924 1918 1919
1924 1919 1925
1920 1921 1926
1920 1926 1774
1885 1884 1927
1885 1927 1928
1929 1930 1928
1929 1928 1927
1931 1932 1933
1931 1933 1934
1935 1932 1931
1935 1931 1936
1937 1935 1936
1937 1936 1938
1939 1937 1938
1939 1938 1940
1940 1941 1939
1942 1924 1925
1942 1925 1943
1926 1775 1774
1850 1944 1945
1850 1945 1851
1946 1947 1856
1946 1856 1855
1875 1948 1949
1875 1949 1872
1879 1950 1951
1879 1951 1876
1678 1952 1677
1282 1680 1815
1953 1954 1955
1953 1955 1956
1957 1958 1959
1960 1959 1961
1957 1959 1960
1357 1356 1813
1357 1813 1812
1760 1762 1962
1761 1759 1963
861 937 862
1964 1002 1001
1964 1001 1791
862 937 1791
1965 1390 1385
1965 1385 858
1966 1736 1737
1966 1737 1967
1739 1968 1738
1534 1517 1516
1534 1516 1531
1527 1524 1523
1527 1523 1528
1550 1549 1548
1550 1548 1551
1568 1565 1566
1568 1566 1569
999 846 1028
999 1028 1000
1026 849 851
1026 851 1027
866 849 1026
866 1026 1029
954 953 1030
954 1030 1029
1655 1050 1049
1655 1049 1656
1033 1018 1017
1033 1017 1034
1289 1022 1023
1289 1023 1288
1250 1059 1058
1250 1058 1251
1331 1969 1328
1331 1328 1332
963 940 939
963 939 964
983 956 955
983 955 980
1054 1053 1021
1054 1021 1020
1886 1891 1890
1886 1890 1887
1882 1881 1895
1882 1895 1894
1902 1905 1899
1902 1899 1898
1934 1933 1930
1934 1930 1929
1166 1165 1161
1166 1161 1160
1172 1173 1166
1172 1166 1160
1179 1173 1172
1179 1172 1177
1186 1189 1185
1186 1185 1184
1199 1194 1197
1199 1197 1200
1198 1583 1580
1198 1580 1199
1002 1665 1019
1002 1019 999
1970 1971 1972
1623 1660 1662
1973 1974 1975
1326 1969 1976
1326 1328 1969
931 930 871
931 871 870
927 907 906
927 906 924
1977 1978 1230
1977 1230 1229
1977 1979 1980
1977 1980 1978
1236 1981 1982
1236 1982 1233
1234 1237 1240
1234 1240 1235
1006 1005 860
1006 860 859
1048 1047 1004
1048 1004 1003
1980 1979 1014
1980 1014 1013
1016 1015 1206
1016 1206 1205
1318 1748 1750
1318 1750 1319
1321 1317 1320
1321 1320 1322
1752 1982 1981
1752 1981 1753
1751 1754 1757
1751 1757 1756
908 909 911
908 911 905
1139 1138 929
1139 929 928
1232 1231 1228
1232 1228 1227
1238 1243 1242
1238 1242 1239
1805 1537 1520
1805 1520 1519
1541 1809 1808
1541 1808 1542
1558 1555 1554
1558 1554 1559
1944 1852 1854
1944 1854 1945
1863 1862 1947
1863 1947 1946
1948 1869 1871
1948 1871 1949
1950 1866 1868
1950 1868 1951
1007 1025 1024
1007 1024 1008
1280 1279 1274
1280 1274 1273
1294 1299 1298
1294 1298 1295
1312 1313 1310
1315 1983 1278
1315 1278 1316
1313 1311 1310
1316 1278 1277
1975 1974 1036
1975 1036 1035
1038 1259 1261
1038 1261 1037
1247 1256 1258
1247 1258 1246
984 986 1336
984 1336 1335
1512 1154 1153
1070 1069 1071
1079 1081 1093
1079 1093 1105
1084 1100 1103
1084 1103 1082
1085 1096 1099
1085 1099 1984
1094 1090 1088
1094 1088 1089
1985 1576 1097
1985 1097 1096
1087 1985 1096
1087 1096 1085
1111 1097 1576
1086 1085 1984
1167 1169 1164
1167 1164 1163
1191 1193 1188
1191 1188 1187
1195 1579 1585
1195 1585 1196
1194 1581 1577
1194 1577 1195
1163 1174 1167
1174 1190 1167
1174 1178 1986
1168 1190 1986
1190 1174 1986
1987 1988 1989
1987 1989 1990
1991 1992 1993
1987 1990 1991
1987 1991 1993
1994 1995 1996
1994 1996 1997
1998 1999 1995
1998 1995 1994
2000 2001 1999
2000 1999 1998
2002 2003 2001
2002 2001 2000
2004 2005 2006
2006 2005 2003
2006 2003 2002
2007 2008 2009
2007 2009 2010
2011 2012 2013
2011 2013 2014
2013 2015 2014
2016 2017 2012
2016 2012 2011
2018 2019 2017
2018 2017 2016
2019 2018 2010
2019 2010 2009
2020 2021 2022
2023 1997 1996
2023 1996 2024
2025 2026 2027
2025 2027 2028
2029 2030 2031
2029 2031 2032
2032 2031 2033
2032 2033 2034
2034 2033 2035
2034 2035 2036
2036 2035 2037
2036 2037 2038
2038 2037 2026
2038 2026 2025
2039 2040 2041
2039 2041 2042
2040 2039 2043
2042 2041 2044
2042 2044 2045
2045 2044 2046
2045 2046 2047
2047 2046 2048
2047 2048 2049
2050 2051 2052
2050 2052 2053
2054 2053 2052
2055 2056 2051
2055 2051 2050
2057 2058 2056
2057 2056 2055
2059 2060 2058
2059 2058 2057
2061 2062 2063
2061 2063 2064
2065 2062 2061
2065 2061 2066
2067 2068 2069
2067 2069 2070
2068 2067 2071
2068 2071 2072
2073 2074 2075
2073 2075 2076
2077 2078 2071
2077 2071 2079
2078 2080 2072
2078 2072 2071
2078 2081 2080
2082 2083 2081
2082 2081 2084
2083 2082 2085
2086 2087 2088
2089 2086 2088
2088 2087 2090
2091 2092 2093
2094 2095 2096
2097 2092 2098
2087 2099 2090
2100 2101 2102
2103 2104 2105
2106 2107 2108
2106 2108 2109
2110 2111 2112
2110 2112 2086
2095 2094 2104
2095 2104 2113
2114 2115 2106
2114 2106 2116
2117 2118 2119
2120 2121 2122
2120 2122 2123
2124 2125 2126
2089 2127 2128
2089 2128 2129
2130 2127 2089
2130 2089 2088
2131 2132 2133
2131 2133 2134
2074 2073 2135
2074 2136 2137
2074 2137 2075
2138 2139 2140
2074 2135 2138
2136 2138 2140
2138 2135 2141
2140 2139 2142
2141 2143 2144
2142 2139 2145
2146 2147 2148
2146 2148 2149
2150 2151 2152
2146 2153 2147
2154 2155 2156
2154 2156 2157
2158 2159 2151
2158 2151 2160
2161 2162 2163
2161 2163 2164
2139 2141 2150
2150 2165 2151
2166 2167 2168
2166 2168 2169
2170 2171 2172
2173 2174 2175
2173 2175 2176
2177 2178 2179
2177 2179 2180
2181 2182 2183
2181 2183 2184
2185 2186 2187
2185 2187 2188
2189 2190 2191
2189 2191 2192
2193 2126 2194
2195 2196 2122
2195 2122 2197
2198 2197 2122
2199 2200 2201
2199 2201 2202
2203 2204 2205
2203 2205 2206
2207 2208 2209
2210 2211 2212
2085 2213 2214
2085 2214 2215
2206 2205 2216
2206 2216 2217
2218 2219 2158
2218 2158 2160
2220 2221 2222
2223 2224 2225
2223 2225 2226
2227 2228 2229
2227 2229 2230
2230 2229 2231
2230 2231 2232
2233 2234 2235
2236 2237 2238
2236 2238 2239
2240 2233 2235
2241 2242 2243
2241 2243 2244
2245 2246 2247
2248 2249 2250
2248 2250 2251
2135 2252 2143
2135 2143 2141
2253 2254 2255
2253 2255 2256
2257 2258 2259
2232 2231 2235
2232 2235 2234
2213 2085 2155
2213 2155 2154
2260 2261 2262
2260 2262 2263
2264 2265 2266
2264 2266 2267
2268 2196 2195
2268 2195 2269
2270 2271 2272
2270 2272 2273
2274 2275 2276
2274 2276 2277
2250 2249 2278
2250 2278 2279
2260 2109 2108
2260 2108 2280
2281 2194 2125
2281 2125 2282
2283 2284 2183
2283 2183 2182
2175 2285 2286
2175 2286 2176
2287 2154 2157
2287 2157 2288
2089 2129 2110
2089 2110 2086
2106 2109 2289
2106 2289 2116
2290 2213 2154
2290 2154 2287
2290 2129 2128
2290 2128 2291
2187 2292 2293
2187 2293 2188
2178 2177 2294
2178 2294 2295
2296 2181 2184
2296 2184 2297
2298 2299 2180
2298 2180 2179
2164 2163 2174
2164 2174 2173
2256 2255 2098
2113 2104 2115
2113 2115 2114
2107 2115 2103
2130 2088 2090
2271 2300 2272
2301 2302 2303
2304 2211 2210
2304 2210 2305
2207 2306 2307
2207 2307 2208
2203 2221 2220
2203 2220 2204
2307 2306 2200
2307 2200 2199
2132 2308 2309
2132 2309 2133
2253 2310 2311
2253 2311 2254
2312 2084 2077
2077 2084 2078
2313 2248 2251
2313 2251 2165
2314 2315 2316
2314 2316 2317
2304 2305 2316
2304 2316 2315
2318 2319 2320
2318 2320 2321
2082 2322 2156
2082 2156 2155
2119 2323 2117
2082 2084 2312
2082 2312 2322
2240 2065 2066
2324 2325 2326
2326 2327 2328
2329 2330 2331
2331 2332 2333
2331 2333 2334
2331 2334 2335
2335 2334 2336
2337 2338 2339
2337 2339 2336
2340 2341 2342
2343 2344 2345
2346 2347 2348
2342 2349 2340
2350 2351 2352
2350 2352 2353
2354 2351 2350
2354 2350 2355
2356 2357 2358
2356 2358 2359
2360 2361 2362
2360 2362 2363
2336 2339 2364
2365 2331 2335
2366 2367 2368
2366 2368 2369
2337 2370 2338
2323 2371 2117
2372 2373 2077
2079 2067 2374
2079 2374 2372
2324 2375 2376
2324 2376 2377
2375 2324 2326
2327 2325 2378
2372 2077 2079
2067 2070 2379
2067 2379 2374
2327 2380 2381
2364 2339 2382
2363 2362 2383
2363 2383 2384
2385 2367 2358
2355 2350 2338
2355 2338 2370
2339 2338 2350
2339 2350 2353
2386 2335 2336
2330 2380 2387
2329 2381 2330
2388 2381 2329
2371 2323 2389
2371 2389 2390
2378 2391 2380
2380 2391 2387
2332 2387 2392
2370 2337 2393
2337 2333 2393
2073 2252 2135
2136 2074 2138
2326 2325 2327
2328 2327 2381
2327 2378 2380
2330 2387 2332
2138 2141 2139
2240 2066 2233
2099 2102 2090
2104 2094 2105
2098 2255 2097
2092 2097 2093
2115 2104 2103
2106 2115 2107
2130 2090 2394
2336 2364 2386
2395 2384 2396
2333 2337 2336
2333 2336 2334
2397 2398 2399
2400 2149 2148
2141 2144 2150
2078 2084 2081
2301 2236 2239
2301 2239 2302
2152 2151 2159
2223 2219 2218
2223 2218 2224
2243 2401 2303
2243 2303 2244
2303 2401 2301
2402 2403 2404
2404 2403 2405
2406 2407 2145
2145 2407 2408
2145 2408 2142
2409 2238 2237
2139 2150 2152
2329 2331 2365
2372 2326 2328
2067 2079 2071
2410 2312 2077
2410 2077 2373
2411 2412 2413
2326 2372 2374
2326 2374 2375
2379 2376 2375
2379 2375 2374
2118 2117 2414
2415 2416 2118
2415 2118 2414
2417 2418 2416
2417 2416 2415
2419 2418 2417
2419 2417 2420
2392 2421 2333
2392 2333 2332
2333 2421 2393
2422 2423 2424
2422 2424 2425
2426 2427 2428
2429 2430 2416
2429 2416 2418
2429 2418 2419
2429 2419 2431
2422 2432 2433
2422 2433 2423
2434 2435 2430
2434 2430 2429
2436 2434 2429
2436 2429 2431
2437 2438 2433
2437 2433 2432
2439 2440 2441
2439 2441 2442
2439 2442 2443
2439 2443 2444
2445 2446 2447
2445 2447 2448
2449 2426 2428
2450 2451 2452
2453 2454 2455
2453 2455 2456
2457 2458 2459
2457 2459 2460
2461 2462 2458
2461 2458 2457
2086 2112 2087
2147 2153 2463
2464 2463 2153
2464 2153 2465
2083 2085 2215
2466 2467 2468
2468 2467 2469
2468 2469 2470
2471 2472 2470
2471 2470 2469
2472 2471 2473
2467 2466 2258
2474 2475 2476
2477 2148 2476
2477 2476 2475
2148 2477 2400
2475 2474 2478
2479 2480 2478
2479 2478 2474
2481 2257 2259
2481 2259 2482
2483 2484 2485
2486 2485 2484
2486 2484 2487
2488 2489 2490
2488 2490 2491
2492 2493 2494
2492 2494 2495
2496 2497 2498
2496 2498 2499
2500 2501 2502
2503 2319 2318
2503 2318 2504
2505 2506 2503
2505 2503 2504
2507 2508 2509
2507 2509 2510
2511 2512 2513
2150 2144 2165
2144 2313 2165
2507 2510 2514
2515 2516 2517
2518 2519 2520
2521 2514 2522
2514 2510 2522
2512 2511 2523
2524 2525 2526
2524 2526 2527
2528 2529 2530
2528 2530 2531
2532 2533 2534
2532 2534 2535
2533 2528 2531
2533 2531 2534
2529 2524 2527
2529 2527 2530
2536 2523 2511
2536 2511 2537
2538 2539 2540
2538 2540 2541
2542 2540 2539
2543 2544 2545
2543 2545 2546
2547 2548 2481
2547 2481 2482
2549 2550 2551
2549 2551 2552
2544 2543 2553
2544 2553 2554
2555 2556 2557
2555 2557 2558
2559 2555 2558
2559 2558 2560
2550 2559 2560
2550 2560 2551
2561 2562 2563
2561 2563 2564
2565 2566 2562
2565 2562 2561
2567 2568 2566
2567 2566 2565
2567 2569 2570
2567 2570 2568
2571 2572 2480
2571 2480 2479
2573 2574 2575
2576 2577 2578
2576 2578 2579
2293 2292 2580
2293 2580 2581
2582 2583 2584
2584 2583 2585
2584 2585 2586
2586 2585 2587
2588 2589 2590
2588 2590 2591
2592 2588 2591
2592 2591 2593
2594 2592 2593
2594 2593 2595
2403 2402 2270
2403 2270 2596
2597 2598 2228
2597 2228 2227
2273 2599 2600
2273 2600 2270
2601 2596 2270
2601 2600 2602
2603 2604 2602
2603 2602 2605
2606 2607 2604
2606 2604 2603
2607 2606 2608
2609 2598 2597
2609 2597 2610
2611 2609 2610
2611 2610 2612
2613 2611 2612
2613 2612 2614
2615 2616 2617
2615 2617 2618
2616 2619 2620
2616 2620 2617
2619 2621 2622
2619 2622 2620
2621 2623 2624
2621 2624 2622
2623 2625 2626
2623 2626 2624
2626 2625 2627
2628 2629 2630
2628 2630 2631
2632 2628 2631
2632 2631 2633
2634 2635 2636
2634 2636 2637
2635 2638 2639
2635 2639 2636
2638 2640 2641
2638 2641 2639
2640 2632 2633
2640 2633 2641
2613 2614 2642
2630 2629 2643
2416 2430 2118
2430 2435 2644
2645 2646 2441
2645 2441 2440
2647 2648 2644
2647 2644 2649
2650 2651 2646
2650 2646 2645
2652 2653 2654
2652 2654 2655
2082 2155 2085
2656 2657 2658
2656 2658 2659
2659 2660 2656
2657 2661 2662
2657 2662 2658
2663 2664 2665
2663 2665 2666
2667 2668 2669
2670 2671 2672
2668 2673 2669
2673 2668 2674
2673 2674 2675
2671 2670 2676
2671 2676 2677
2668 2667 2678
2668 2678 2674
2665 2664 2679
2680 2681 2682
2680 2682 2683
2679 2664 2678
2677 2676 2681
2677 2681 2680
2663 2675 2674
2664 2663 2674
2665 2679 2684
2664 2674 2678
2685 2686 2666
2685 2666 2665
2687 2688 2683
2687 2683 2682
2689 2685 2665
2689 2665 2684
2690 2691 2686
2690 2686 2685
2692 2693 2688
2692 2688 2687
2662 2661 2691
2662 2691 2690
2694 2695 2693
2694 2693 2692
2695 2694 2696
2697 2698 2699
2697 2699 2700
2700 2699 2701
2700 2701 2702
2702 2701 2703
2702 2703 2704
2704 2703 2705
2704 2705 2706
2707 2706 2705
2708 2709 2710
2708 2710 2711
2712 2708 2711
2712 2711 2713
2709 2714 2715
2709 2715 2710
2714 2698 2697
2714 2697 2715
2716 2717 2718
2716 2718 2719
2716 2720 2721
2716 2721 2717
2722 2723 2724
2722 2724 2725
2724 2723 2719
2724 2719 2718
2726 2727 2722
2726 2722 2725
2728 2729 2727
2728 2727 2726
2730 2731 2729
2730 2729 2728
2731 2730 2732
2733 2734 2735
2733 2735 2736
2737 2736 2735
2737 2735 2738
2739 2740 2741
2739 2741 2742
2743 2739 2742
2743 2742 2744
2745 2743 2744
2745 2744 2746
2746 2747 2745
2748 2749 2734
2748 2734 2733
2740 2737 2738
2740 2738 2741
2750 2751 2752
2750 2752 2753
2753 2752 2754
2753 2754 2755
2755 2754 2756
2755 2756 2757
2757 2756 2758
2757 2758 2759
2760 2759 2758
2761 2762 2763
2761 2763 2764
2765 2764 2763
2765 2763 2766
2761 2767 2768
2761 2768 2762
2767 2751 2750
2767 2750 2768
2769 2770 2771
2769 2771 2772
2773 2774 2775
2773 2775 2776
2777 2778 2779
2777 2779 2780
2781 2782 2783
2781 2783 2784
2785 2786 2787
2785 2787 2788
2788 2787 2789
2788 2789 2790
2790 2789 2775
2790 2775 2774
2791 2792 2793
2794 2795 2796
2794 2796 2797
2794 2798 2799
2794 2799 2795
2798 2800 2801
2798 2801 2799
2800 2802 2803
2800 2803 2801
2804 2805 2806
2804 2806 2807
2808 2809 2810
2811 2812 2813
2811 2813 2814
2815 2816 2812
2815 2812 2811
2817 2818 2816
2817 2816 2815
2819 2820 2818
2819 2818 2817
2821 2822 2823
2821 2823 2824
2825 2826 2827
2825 2827 2828
2369 2368 2826
2369 2826 2825
2829 2368 2367
2829 2367 2385
2367 2366 2830
2367 2359 2358
2456 2831 2832
2456 2832 2833
2460 2453 2834
2460 2834 2835
2461 2457 2836
2461 2836 2837
2831 2838 2839
2832 2831 2839
2840 2841 2842
2842 2783 2782
2843 2842 2782
2842 2841 2783
2049 2048 2844
2845 2846 2828
2845 2828 2827
2847 2848 2846
2847 2846 2845
2848 2847 2849
2850 2851 2852
2850 2852 2853
2854 2855 2856
2854 2856 2857
2858 2859 2860
2858 2860 2861
2862 2863 2864
2862 2864 2865
2866 2867 2862
2866 2862 2865
2865 2868 2869
2865 2869 2866
2870 2871 2872
2873 2874 2875
2873 2875 2876
2877 2854 2857
2877 2857 2878
2853 2879 2856
2853 2856 2855
2879 2853 2852
2879 2852 2880
2861 2860 2881
2861 2881 2882
2871 2870 2874
2871 2874 2873
2883 2884 2885
2883 2885 2886
2887 2888 2859
2887 2859 2858
2889 2880 2852
2889 2852 2890
2875 2888 2887
2875 2887 2876
2890 2862 2867
2890 2867 2889
2869 2868 2891
2863 2862 2890
2863 2890 2892
2893 2868 2865
2893 2865 2864
2868 2893 2891
2851 2892 2890
2851 2890 2852
2894 2854 2877
2894 2877 2895
2896 2855 2854
2896 2854 2894
2850 2853 2855
2850 2855 2896
2881 2885 2884
2881 2884 2882
2897 2883 2886
2897 2886 2898
2899 2897 2898
2899 2898 2900
2901 2899 2900
2901 2900 2902
2903 2904 2461
2903 2461 2837
2904 2905 2462
2904 2462 2461
2906 2907 2395
2906 2395 2396
2908 2909 2910
2908 2910 2911
2435 2649 2644
2912 2913 2905
2912 2905 2904
2895 2877 2914
2915 2916 2877
2915 2877 2878
2261 2917 2918
2261 2918 2919
2920 2921 2919
2920 2919 2918
2922 2921 2920
2430 2644 2118
2923 2924 2909
2923 2909 2908
2924 2923 2925
2926 2927 2634
2926 2634 2637
2928 2929 2927
2928 2927 2926
2651 2650 2930
2931 2932 2913
2931 2913 2912
2810 2809 2933
2539 2934 2542
2935 2936 2937
2935 2937 2938
2939 2940 2935
2939 2935 2938
2940 2939 2941
2942 2943 2944
2942 2944 2945
2945 2944 2946
2945 2946 2947
2948 2943 2942
2949 2947 2946
2949 2946 2950
2951 2952 2953
2954 2955 2956
2955 2954 2957
2955 2957 2958
2952 2951 2959
2952 2959 2960
2961 2962 2963
2964 2965 2966
2964 2966 2967
2957 2963 2962
2957 2962 2958
2964 2968 2965
2968 2959 2965
2936 2969 2937
2970 2969 2936
2962 2961 2971
2972 2973 2949
2972 2949 2950
2974 2975 2971
2974 2971 2961
2976 2977 2967
2976 2967 2966
2978 2979 2969
2978 2969 2970
2980 2981 2973
2980 2973 2972
2982 2983 2975
2982 2975 2974
2984 2985 2977
2984 2977 2976
2986 2987 2979
2986 2979 2978
2988 2989 2981
2988 2981 2980
2990 2991 2983
2990 2983 2982
2992 2993 2985
2992 2985 2984
2994 2995 2987
2994 2987 2986
2996 2997 2989
2996 2989 2988
2998 2999 2995
2998 2995 2994
3000 3001 2997
3000 2997 2996
3002 3003 3004
2258 2466 2259
3005 3006 3007
3005 3007 3008
3009 3010 3011
3009 3011 3012
3013 3010 3009
2545 3014 2546
3013 3009 3015
3014 3016 2546
3017 3018 3019
3017 3019 3020
2099 2100 2102
2102 3021 2394
2102 2394 2090
3021 2102 2101
3022 3023 3024
3022 3024 3025
2928 3026 3027
2928 3027 2929
3028 3029 3030
3027 3026 3031
2712 2713 3032
2765 2766 2412
2330 2381 2380
2721 2720 3033
2029 3034 2030
3035 2749 2748
3036 3037 3038
2126 2193 3038
2126 3038 3037
2194 2126 2125
2126 3037 2124
2690 2685 2689
2690 2689 3039
3040 3041 3042
2270 2600 2601
2605 2600 2599
2602 2600 2605
2262 3043 2121
3044 2648 2647
2384 2383 2396
2907 2906 3045
3046 2931 2912
3046 2912 3047
2912 2904 2903
2903 3047 2912
3048 2020 2022
2028 2027 1989
2028 1989 1988
2007 3049 3050
2007 3050 2008
3051 3052 3053
2650 3054 2930
2198 3055 2197
3035 3056 2749
2791 2793 3057
3058 3059 3060
3058 3060 3061
3048 2022 2023
3048 2023 2024
3049 3020 3019
3049 3019 3050
2999 2998 3062
3063 3064 3065
2934 3066 3067
3068 3069 3070
3069 3068 2064
3069 2064 2063
3071 3072 3073
3071 3074 3072
3075 3076 2070
3075 2070 2069
3077 2076 2075
3077 2075 3078
2075 2137 3073
2075 3073 3078
3076 3075 3079
2070 3076 3080
2070 3080 2379
3081 3082 2377
3081 2377 2376
3080 3081 2376
3080 2376 2379
3080 3076 3083
3070 3069 3084
3085 3086 3087
3088 3089 3080
3089 3081 3080
3089 3082 3081
3089 3090 3082
3091 3092 3093
3091 3093 3094
3095 3091 3094
3095 3094 3096
3097 3098 3099
3100 3101 3102
3100 3102 3103
3102 3101 3104
3102 3104 3105
3106 3107 3108
3109 3105 3104
3109 3104 3110
3111 3112 3113
3114 3115 3116
3117 3118 3119
3117 3119 3120
3121 3122 3123
3121 3123 3124
3125 3126 3127
3125 3127 3128
3119 3129 3130
3119 3130 3120
3126 3125 3124
3126 3124 3123
3109 3110 3131
3109 3131 3132
3133 3134 3135
3133 3135 3136
3137 3093 3092
3137 3092 3138
3139 3140 3141
3139 3141 3142
3143 3137 3138
3143 3138 3144
3145 3141 3140
3145 3140 3146
3147 3148 3149
3147 3149 3150
3151 3152 3145
3151 3145 3146
3136 3153 3154
3136 3154 3133
3155 3156 3152
3155 3152 3151
3157 3158 3154
3157 3154 3153
3149 3159 3160
3149 3160 3150
3161 3162 3160
3161 3160 3159
3163 3164 3156
3163 3156 3155
3165 3166 3158
3165 3158 3157
3167 3168 3162
3167 3162 3161
3169 3170 3164
3169 3164 3163
3165 3028 3171
3165 3171 3166
3129 3172 3173
3129 3173 3130
3174 3173 3172
3174 3172 3175
3176 3177 3178
3176 3178 3179
3180 3181 3176
3180 3176 3179
3182 3183 3181
3182 3181 3180
3184 3185 3183
3184 3183 3182
3185 3184 3186
3187 3188 3170
3187 3170 3169
3171 3028 3030
3095 3096 3189
3095 3189 3190
3191 3100 3103
3191 3103 3192
3118 3117 3193
3118 3193 3194
3122 3121 3195
3122 3195 3196
2932 2931 3197
2539 3066 2934
3198 3199 3200
3198 3200 3201
3202 3203 3204
3205 3206 3207
3208 3205 3207
2618 3065 3064
2618 3064 2615
3014 3209 3016
3015 3210 3013
2122 2121 2198
3211 3043 2262
3211 2262 2261
2121 3043 2198
3212 2118 2644
3212 2644 2648
3213 3214 2991
3213 2991 2990
2993 2992 3215
2786 2785 2772
2786 2772 2771
2781 2784 2777
2781 2777 2780
2804 2807 2803
2804 2803 2802
2824 2823 2820
2824 2820 2819
2260 2263 2289
2260 2289 2109
2287 2288 2111
2287 2111 2110
2129 2290 2287
2129 2287 2110
2213 2290 2291
2213 2291 2214
2911 2910 2311
2911 2311 2310
2295 2294 2279
2295 2279 2278
2548 2547 2284
2548 2284 2283
2509 2508 2321
2509 2321 2320
2590 2589 2587
2590 2587 3216
2226 2225 2202
2226 2202 2201
2242 2241 2217
2242 2217 2216
2317 2281 2282
2317 2282 2314
3132 3131 3135
3132 3135 3134
3127 3139 3142
3127 3142 3128
3147 3143 3144
3147 3144 3148
3177 3174 3175
3177 3175 3178
2423 2419 2420
2423 2420 2424
2431 2419 2423
2431 2423 2433
2438 2436 2431
2438 2431 2433
2445 2444 2443
2445 2443 2446
2460 2459 2454
2460 2454 2453
2457 2460 2835
2457 2835 2836
2261 2260 2280
2261 2280 2917
3217 3218 2901
3217 2901 2902
2877 2916 2914
3219 3220 3221
2585 3222 3216
2585 3216 2587
2190 2131 2134
2190 2134 2191
2186 2185 2169
2186 2169 2168
3223 2488 2491
3223 2491 3224
3223 3224 3225
3223 3225 3226
2493 2492 3227
2493 3227 3228
2495 2494 2497
2495 2497 2496
2265 2120 2123
2265 2123 2266
2308 2264 2267
2308 2267 2309
3225 2274 2277
3225 2277 3226
2275 2464 2465
2275 2465 2276
2579 2578 3003
2579 3003 3002
2581 2580 2577
2581 2577 2576
3008 3007 3228
3008 3228 3227
3005 3012 3011
3005 3011 3006
2167 2166 2171
2167 2171 2170
2399 2189 2192
2399 2192 2397
2489 2486 2487
2489 2487 2490
2499 2498 2502
2499 2502 2501
3057 2773 2776
3057 2776 2791
2797 2796 3060
2797 3060 3059
2814 2813 2808
2814 2808 2810
3190 3189 3098
3190 3098 3097
3107 3191 3192
3107 3192 3108
3194 3193 3115
3194 3115 3114
3196 3195 3112
3196 3112 3111
2268 2269 2286
2268 2286 2285
2541 2532 2535
2541 2535 2538
2554 2553 2557
2554 2557 2556
2571 2570 2572
2575 2574 2537
2575 2537 3229
2572 2570 2569
2574 2536 2537
3220 2296 2297
3220 2297 3221
2299 2298 2519
2299 2519 2518
2506 2505 2516
2506 2516 2515
2245 2594 2595
2245 2595 2246
2766 2413 2412
2330 2332 2331
2352 2351 2342
2352 2342 2341
2344 2343 2361
2344 2361 2360
2346 3230 2357
2346 2357 2356
2354 2349 2342
2354 2342 2351
3231 2356 2359
3231 2359 2830
2347 2346 2356
2347 2356 3231
2367 2830 2359
2348 3230 2346
2426 2422 2425
2426 2425 2427
2450 2448 2447
2450 2447 2451
2456 2455 2838
2456 2838 2831
2453 2456 2833
2453 2833 2834
2422 2426 2432
2432 2426 2449
2432 3232 2437
2428 3232 2449
2449 3232 2432
1837 1835 1844
1840 1834 3233
3234 3235 3236
1819 1822 3237
3073 3072 3078
3078 3072 3238
3080 3083 3088
3076 3079 3083
3078 3239 3077
3077 3239 3240
3239 3078 3238
1845 1835 1836
3241 3242 3243
3244 3241 3245
3246 3247 3248
3249 3250 3251
3247 3246 3252
3241 3244 3253
3254 3255 3256
3253 3257 3241
3254 3258 3259
3260 3261 3251
3262 3260 3263
3244 3264 3265
3266 3267 3265
3263 3268 3262
3251 3250 3263
3269 3263 3250
3269 3270 3263
3271 3250 3272
3272 3250 3249
3271 3272 3273
3246 3274 3275
3246 3275 3252
3276 3264 3245
3251 3277 3249
3261 3277 3251
3263 3270 3266
3263 3266 3265
3244 3278 3253
3267 3244 3265
3244 3245 3264
3241 3243 3245
3260 3251 3263
3271 3279 3250
3250 3279 3269
3244 3267 3278
3276 3280 3264
3264 3280 3265
3254 3256 3258
3275 3281 3273
3275 3274 3281
3273 3272 3275
3259 3258 3248
3242 3282 3283
3242 3283 3243
3243 3283 3284
3242 3241 3257
3257 3285 3242
3286 3284 3287
3284 3288 3289
3284 3283 3287
3243 3284 3289
3242 3285 3290
3242 3290 3282
3291 3292 3293
3291 3248 3292
3259 3248 3291
3248 3258 3246
722 405 189
187 189 405
668 657 656
3294 658 662
3295 8 7
116 104 113
104 100 92
2339 2353 2382
2382 2353 2352
2382 2352 3296
2352 2341 3297
2352 3297 3296
2341 2340 3297
1090 1093 1081
1090 1081 1088
1081 1080 1088
3265 3268 3263
2 3298 8
6 9 710
2 8 3299
9 10 1
10 5 3298
10 6 5
17 386 12
667 647 646
667 632 647
14 15 12
19 18 710
19 702 20
14 13 20
12 386 388
16 3300 385
633 632 666
3301 3302 3303
631 633 720
3303 3304 3301
9 3304 19
3305 132 3302
3303 3300 16
385 3300 134
3300 3303 3302
3300 3302 134
16 387 17
387 386 17
16 15 19
15 14 702
15 17 12
15 702 19
3304 135 19
16 135 3303
135 3304 3303
3302 3301 3305
3301 9 0
3301 3304 9
0 2 3299
2 1 3298
1 10 3298
9 1 0
0 3299 133
3299 8 133
0 132 3305
3305 3301 0
132 0 133
132 134 3302
8 3298 5
115 101 116
100 102 103
3306 3307 3308
3309 3310 3311
3306 3312 3313
3314 3309 3315
3314 3315 3316
3317 3318 3319
3319 3320 3317
3321 3322 3323
3324 3323 3325
3326 3327 3328
3324 3329 3330
3331 3332 3333
3334 3335 3336
3316 3306 3313
3316 3313 3314
3316 3315 3307
3317 3337 3318
3306 3308 3312
3338 3339 3340
3321 3341 3322
3342 3328 3343
3328 3327 3343
3344 3345 3346
3347 3348 3349
3349 3348 3350
3309 3351 3352
3309 3352 3310
3344 3353 3354
3344 3354 3345
3355 3356 3357
3311 3310 3338
3309 3311 3315
3307 3358 3328
3307 3315 3358
3359 3360 3361
3354 3353 3362
3354 3362 3363
3364 3365 3366
3352 3351 3367
3363 3362 3368
3366 3365 3369
3370 3337 3371
3338 3340 3311
3348 3372 3350
3358 3315 3311
3317 3373 3337
3327 3373 3317
3306 3316 3307
3358 3326 3328
3374 3375 3334
3376 3377 3378
3379 3380 3335
3317 3320 3327
3381 3382 3383
3382 3384 3383
3374 3334 3385
3335 3334 3375
3328 3342 3307
3332 3331 3386
3332 3386 3387
3331 3388 3386
3377 3376 3389
3323 3330 3321
3324 3330 3323
3364 3366 3361
3390 3340 3339
3380 3336 3335
3340 3391 3311
3391 3392 3358
3391 3358 3311
3337 3393 3394
3337 3394 3371
3395 3396 3397
3392 3326 3358
3326 3373 3327
3373 3393 3337
3381 3335 3375
3381 3375 3382
3375 3374 3384
3375 3384 3382
3398 3399 3400
3399 3398 3401
3402 3403 3404
3402 3404 3405
3406 3407 3403
3406 3403 3402
3408 3409 3407
3408 3407 3406
3405 3404 3410
3405 3410 3411
3412 3413 3409
3412 3409 3408
3414 3415 3416
3414 3416 3417
3418 3419 3420
3418 3420 3421
3419 3418 3422
3421 3420 3423
3421 3423 3424
3424 3423 3415
3424 3415 3414
3425 3426 3427
3425 3427 3428
3429 3430 3431
3429 3431 3425
3429 3425 3428
3432 3433 3434
3432 3434 3435
3436 3437 3433
3436 3433 3432
3435 3434 3438
3435 3438 3439
3440 3441 3442
3442 3443 3444
3442 3444 3440
3445 3446 3447
3443 3447 3446
3443 3446 3444
3447 3448 3445
3449 3445 3448
3449 3448 3450
3451 3449 3450
3451 3450 3452
3438 3451 3452
3438 3452 3439
3399 3453 3454
3455 3456 3457
3455 3457 3458
3400 3399 3459
3416 3455 3458
3416 3458 3417
3460 3459 3461
3460 3461 3462
3430 3437 3436
3430 3436 3463
3463 3431 3430
3464 3465 3466
3464 3466 3467
3466 3465 3468
3466 3468 3469
3470 3471 3472
3470 3472 3473
3472 3474 3475
3472 3475 3473
3476 3477 3478
3476 3478 3479
3480 3481 3482
3480 3482 3483
3484 3485 3483
3484 3483 3482
3482 3481 3486
3482 3486 3487
3486 3488 3487
3471 3464 3467
3471 3467 3472
3489 3490 3479
3489 3479 3478
3477 3470 3473
3477 3473 3478
3478 3473 3475
3478 3475 3489
3468 3491 3492
3468 3492 3469
3493 3476 3479
3493 3479 3494
3494 3479 3490
3494 3490 3495
3494 3483 3485
3494 3485 3493
3495 3480 3483
3495 3483 3494
3496 3484 3482
3496 3482 3487
3487 3488 3496
3497 3467 3466
3497 3466 3498
3498 3466 3469
3498 3469 3499
3499 3469 3492
3499 3492 3500
3474 3472 3467
3474 3467 3497
3501 3460 3462
3501 3462 3502
3492 3503 3504
3492 3504 3500
3505 3503 3492
3506 3507 3508
3413 3412 3509
3510 3411 3410
3510 3410 3511
3512 3453 3399
3398 3510 3511
3398 3511 3401
3459 3399 3461
3426 3513 3514
3515 3516 3517
3461 3399 3454
3456 3453 3512
3456 3512 3457
3518 3519 3501
3520 3521 3522
3427 3514 3520
3523 3524 3525
3501 3519 3515
3526 3505 3491
3491 3505 3492
3527 3520 3514
3527 3514 3513
3519 3518 3523
3519 3523 3516
3518 3524 3523
3518 3528 3524
3504 3503 3508
3503 3505 3506
3503 3506 3508
3506 3505 3526
3506 3526 3529
3501 3502 3518
3515 3519 3516
3426 3514 3427
3518 3502 3528
3502 3462 3528
3530 3531 3532
3533 3534 3535
3530 3536 3537
3538 3539 3540
3538 3540 3533
3541 3542 3543
3542 3541 3544
3545 3546 3547
3548 3549 3546
3550 3551 3552
3548 3553 3554
3555 3556 3557
3558 3559 3560
3539 3538 3536
3539 3536 3530
3539 3532 3540
3541 3543 3561
3530 3537 3531
3562 3563 3564
3545 3547 3565
3566 3567 3551
3551 3567 3552
3568 3569 3570
3571 3572 3573
3572 3574 3573
3533 3535 3575
3533 3575 3576
3568 3570 3577
3568 3577 3578
3579 3580 3581
3534 3562 3535
3533 3540 3534
3532 3551 3582
3532 3582 3540
3583 3584 3585
3577 3586 3587
3577 3587 3578
3588 3589 3590
3575 3591 3576
3586 3592 3587
3589 3593 3590
3594 3595 3561
3562 3534 3563
3573 3574 3596
3582 3534 3540
3541 3561 3597
3598 3541 3597
3530 3532 3539
3582 3551 3550
3599 3558 3600
3601 3602 3603
3604 3560 3605
3541 3598 3544
3606 3607 3608
3608 3607 3609
3599 3610 3558
3560 3600 3558
3551 3532 3566
3557 3611 3612
3557 3612 3555
3555 3612 3613
3603 3614 3601
3546 3545 3553
3548 3546 3553
3588 3584 3589
3615 3564 3563
3605 3560 3559
3563 3534 3616
3616 3534 3582
3616 3582 3617
3618 3619 3561
3618 3561 3595
3620 3621 3622
3617 3582 3550
3550 3598 3597
3597 3561 3619
3600 3560 3606
3600 3606 3608
3600 3608 3609
3600 3609 3599
3623 3624 3625
3625 3626 3623
3627 3628 3629
3627 3629 3630
3631 3627 3630
3631 3630 3632
3633 3631 3632
3633 3632 3634
3628 3635 3636
3628 3636 3629
3637 3633 3634
3637 3634 3638
3639 3640 3641
3639 3641 3642
3643 3644 3645
3643 3645 3646
3646 3647 3643
3644 3648 3649
3644 3649 3645
3648 3639 3642
3648 3642 3649
3650 3651 3652
3650 3652 3653
3654 3655 3656
3654 3651 3650
3654 3650 3655
3657 3658 3659
3657 3659 3660
3661 3657 3660
3661 3660 3662
3658 3663 3664
3658 3664 3659
3665 3666 3667
3666 3665 3668
3666 3668 3669
3670 3671 3672
3669 3668 3672
3669 3672 3671
3671 3670 3673
3674 3675 3673
3674 3673 3670
3676 3677 3675
3676 3675 3674
3664 3663 3677
3664 3677 3676
3625 3678 3679
3680 3681 3682
3680 3682 3683
3624 3684 3625
3641 3640 3681
3641 3681 3680
3685 3686 3687
3685 3687 3684
3656 3688 3661
3656 3661 3662
3688 3656 3655
3689 3690 3691
3689 3691 3692
3691 3693 3694
3691 3694 3692
3695 3696 3697
3695 3697 3698
3697 3696 3699
3697 3699 3700
3701 3702 3703
3701 3703 3704
3705 3706 3707
3705 3707 3708
3709 3707 3706
3709 3706 3710
3707 3711 3712
3707 3712 3708
3712 3711 3713
3698 3697 3690
3698 3690 3689
3714 3703 3702
3714 3702 3715
3704 3703 3696
3704 3696 3695
3703 3714 3699
3703 3699 3696
3694 3693 3716
3694 3716 3717
3718 3719 3702
3718 3702 3701
3719 3720 3715
3719 3715 3702
3719 3718 3710
3719 3710 3706
3720 3719 3706
3720 3706 3705
3721 3711 3707
3721 3707 3709
3711 3721 3713
3722 3723 3691
3722 3691 3690
3723 3724 3693
3723 3693 3691
3724 3725 3716
3724 3716 3693
3700 3722 3690
3700 3690 3697
3726 3727 3686
3726 3686 3685
3716 3725 3728
3716 3728 3729
3730 3716 3729
3731 3732 3733
3638 3734 3637
3735 3736 3636
3735 3636 3635
3737 3625 3679
3623 3626 3736
3623 3736 3735
3684 3687 3625
3653 3738 3739
3740 3741 3742
3687 3678 3625
3683 3682 3737
3683 3737 3679
3743 3726 3744
3745 3746 3747
3652 3745 3738
3748 3749 3750
3726 3740 3744
3751 3717 3730
3717 3716 3730
3752 3753 3754
3752 3754 3755
3744 3742 3748
3744 3748 3743
3743 3748 3750
3743 3750 3756
3728 3732 3729
3729 3732 3731
3729 3731 3730
3751 3730 3731
3751 3731 3757
3726 3743 3727
3740 3742 3744
3653 3652 3738
3743 3756 3727
3727 3756 3686
3758 3759 3760
3758 3760 3761
3762 3759 3763
3762 3763 3764
3765 3766 3767
3765 3767 3768
3763 3759 3758
3763 3758 3769
3770 3771 3772
3770 3772 3773
3774 3775 3776
3774 3776 3777
3778 3779 3780
3778 3780 3781
3782 3783 3784
3782 3784 3785
3768 3767 3786
3768 3786 3787
3788 3789 3790
3788 3790 3791
3792 3793 3789
3792 3789 3788
3781 3780 3759
3781 3759 3762
3764 3794 3795
3764 3795 3762
3769 3758 3783
3769 3783 3782
3794 3792 3788
3794 3788 3795
3796 3797 3798
3796 3798 3799
3789 3793 3800
3789 3800 3801
3789 3801 3802
3789 3802 3803
3804 3805 3791
3804 3791 3790
3806 3796 3799
3806 3799 3807
3808 3809 3810
3808 3810 3811
3801 3800 3809
3801 3809 3808
3812 3771 3770
3812 3770 3813
3777 3776 3814
3777 3814 3815
3797 3773 3772
3797 3772 3798
3787 3786 3775
3787 3775 3774
3802 3806 3807
3802 3807 3803
3812 3813 3805
3812 3805 3804
3815 3814 3779
3815 3779 3778
3761 3760 3766
3761 3766 3765
3792 3794 3816
3792 3816 3817
3799 3798 3818
3799 3818 3819
3775 3786 3820
3775 3820 3821
3780 3779 3822
3780 3822 3823
3790 3789 3824
3790 3824 3825
3789 3803 3826
3789 3826 3824
3814 3776 3827
3814 3827 3828
3798 3772 3829
3798 3829 3818
3791 3805 3830
3791 3830 3831
3796 3806 3832
3796 3832 3833
3797 3796 3833
3797 3833 3834
3813 3770 3835
3813 3835 3836
3802 3801 3837
3802 3837 3838
3788 3791 3831
3788 3831 3839
3770 3773 3840
3770 3840 3835
3795 3788 3839
3795 3839 3841
3762 3795 3841
3762 3841 3842
3781 3762 3842
3781 3842 3843
3774 3777 3844
3774 3844 3845
3777 3815 3846
3777 3846 3844
3812 3804 3847
3812 3847 3848
3778 3781 3843
3778 3843 3849
3803 3807 3850
3803 3850 3826
3768 3787 3851
3768 3851 3852
3758 3761 3853
3758 3853 3854
3783 3758 3854
3783 3854 3855
3782 3785 3856
3782 3856 3857
3769 3782 3857
3769 3857 3858
3763 3769 3858
3763 3858 3859
3764 3763 3859
3764 3859 3860
3794 3764 3860
3794 3860 3816
3771 3812 3848
3771 3848 3861
3776 3775 3821
3776 3821 3827
3793 3792 3817
3793 3817 3862
3810 3809 3863
3810 3863 3864
3809 3800 3865
3809 3865 3863
3811 3810 3864
3811 3864 3866
3761 3765 3867
3761 3867 3853
3784 3783 3855
3784 3855 3868
3785 3784 3868
3785 3868 3856
3808 3811 3866
3808 3866 3869
3767 3766 3870
3767 3870 3871
3787 3774 3845
3787 3845 3851
3773 3797 3834
3773 3834 3840
3760 3759 3872
3760 3872 3873
3759 3780 3823
3759 3823 3872
3772 3771 3861
3772 3861 3829
3800 3793 3862
3800 3862 3865
3801 3808 3869
3801 3869 3837
3786 3767 3871
3786 3871 3820
3806 3802 3838
3806 3838 3832
3807 3799 3819
3807 3819 3850
3805 3813 3836
3805 3836 3830
3804 3790 3825
3804 3825 3847
3779 3814 3828
3779 3828 3822
3815 3778 3849
3815 3849 3846
3765 3768 3852
3765 3852 3867
3766 3760 3873
3766 3873 3870
3874 3875 3876
3877 3878 3879
3877 3879 3880
3881 3882 3875
3881 3875 3883
3884 3885 3886
3884 3886 3874
3887 3884 3874
3887 3874 3876
3882 3877 3880
3882 3880 3875
3885 3881 3883
3885 3883 3886
3878 3887 3876
3878 3876 3879
3875 3874 3886
3875 3886 3883
3876 3875 3880
3876 3880 3879
3888 3889 3890
3890 3891 3892
3890 3889 3891
3889 3893 3891
3888 3894 3889
3889 3895 3893
3889 3894 3895
3894 3896 3895
3888 3897 3894
3894 3898 3896
3894 3897 3898
3897 3899 3898
3888 3900 3897
3897 3901 3899
3897 3900 3901
3900 3902 3901
3888 3890 3900
3900 3903 3902
3900 3890 3903
3890 3892 3903
3892 3904 3905
3906 3907 3908
3906 3909 3907
3909 3910 3907
3893 3911 3912
3912 3913 3910
3912 3911 3913
3911 3914 3913
3896 3915 3916
3916 3917 3914
3916 3918 3917
3918 3919 3917
3899 3920 3921
3922 3923 3919
3922 3924 3923
3924 3925 3923
3902 3926 3927
3928 3929 3925
3928 3930 3929
3930 3908 3929
3910 3909 3912
3912 3891 3893
3912 3904 3891
3904 3892 3891
3914 3911 3916
3916 3895 3896
3916 3911 3895
3911 3893 3895
3919 3918 3922
3921 3898 3899
3921 3915 3898
3915 3896 3898
3925 3924 3928
3927 3901 3902
3927 3920 3901
3920 3899 3901
3908 3930 3906
3905 3903 3892
3905 3926 3903
3926 3902 3903
3931 3932 3933
3933 3913 3914
3933 3932 3913
3932 3910 3913
3931 3933 3934
3934 3917 3919
3934 3933 3917
3933 3914 3917
3931 3934 3935
3935 3923 3925
3935 3934 3923
3934 3919 3923
3931 3935 3936
3936 3929 3908
3936 3935 3929
3935 3925 3929
3931 3936 3932
3932 3907 3910
3932 3936 3907
3936 3908 3907
3937 3938 3939
3937 3939 3940
3941 3942 3943
3941 3943 3944
3945 3946 3947
3945 3947 3948
3949 3950 3951
3949 3951 3952
3953 3954 3955
3953 3955 3956
3957 3958 3959
3957 3959 3960
3961 3962 3963
3961 3963 3964
3965 3966 3967
3965 3967 3968
3969 3966 3965
3969 3965 3970
3971 3972 3973
3971 3973 3974
3962 3975 3976
3962 3976 3963
3977 3978 3979
3977 3979 3980
3980 3941 3944
3980 3944 3977
3981 3982 3983
3981 3983 3984
3985 3981 3984
3985 3984 3986
3942 3983 3982
3942 3982 3943
3974 3973 3969
3974 3969 3970
3967 3961 3964
3967 3964 3968
3987 3948 3947
3987 3947 3988
3989 3990 3991
3989 3991 3992
3939 3990 3989
3939 3989 3940
3957 3993 3994
3957 3994 3958
3995 3996 3997
3995 3997 3998
3992 3991 3995
3992 3995 3998
3996 3953 3956
3996 3956 3997
3999 4000 4001
3999 4001 4002
3988 3999 4002
3988 4002 3987
3993 4001 4000
3993 4000 3994
4003 4004 3985
4003 3985 3986
4005 4006 4007
4005 4007 4008
4009 4010 4011
4012 4013 4014
4012 4014 4010
4013 4007 4006
4013 4006 4014
4009 4012 4010
4015 4016 4017
4015 4017 4018
4019 4020 4021
4019 4021 4022
4023 4012 4009
4024 4025 4026
4024 4026 4027
4028 4029 4030
4028 4030 4031
4031 4030 4032
4031 4032 4033
4032 4034 4035
4032 4035 4033
4028 4026 4025
4028 4025 4029
4034 4036 4037
4034 4037 4035
4038 4039 4024
4038 4024 4027
4040 4037 4036
4040 4036 4041
4042 4019 4022
4042 4022 4043
4044 4015 4018
4044 4018 4045
4046 4047 4048
4046 4048 4049
4050 4048 4051
4052 4051 4047
4049 4017 4016
4049 4016 4046
4020 4053 4054
4020 4054 4021
4053 4039 4038
4053 4038 4054
4047 4051 4048
4008 4055 4056
4008 4056 4005
4057 4058 4059
4057 4059 4060
4059 4061 4062
4058 4061 4059
4063 4064 4065
4063 4065 4066
4067 4061 4058
4068 4069 4070
4068 4070 4071
4057 4060 4066
4057 4066 4065
4072 4073 4074
4075 4076 4077
4075 4077 4078
4074 4079 4080
4081 4077 4076
4081 4076 4082
4083 4084 4085
4083 4085 4086
4075 4078 4087
4075 4087 4088
4073 4079 4074
4089 4090 4091
4089 4091 4092
4086 4085 4093
4086 4093 4094
4095 4096 4097
4095 4097 4098
4068 4071 4097
4068 4097 4096
4095 4098 4099
4095 4099 4100
4093 4101 4102
4093 4102 4094
4103 4102 4101
4103 4101 4104
4105 4106 4103
4105 4103 4104
4091 4090 4106
4091 4106 4105
4084 4083 4100
4084 4100 4099
4064 4063 4107
4064 4107 4108
4073 4088 4087
4073 4087 4079
4109 4110 4111
4109 4111 4112
4113 4114 4115
4113 4115 4116
4117 4118 4119
4117 4119 4120
4121 4122 4123
4121 4123 4124
4125 4122 4121
4125 4121 4126
4127 4128 4125
4127 4125 4126
4129 4128 4127
4129 4127 4130
4131 4129 4130
4131 4130 4132
4133 4134 4135
4133 4135 4136
4137 4138 4139
4137 4139 4140
4141 4142 4143
4141 4143 4144
4145 4141 4144
4145 4144 4146
4147 4148 4149
4147 4149 4150
4151 4152 4153
4151 4153 4154
4150 4149 4155
4150 4155 4156
4157 4158 4159
4157 4159 4160
4161 4162 4163
4161 4163 4164
4134 4137 4140
4134 4140 4135
4164 4139 4138
4164 4138 4161
4163 4162 4165
4163 4165 4166
4167 4145 4146
4167 4146 4168
4158 4169 4170
4158 4170 4159
4156 4155 4151
4156 4151 4154
4143 4142 4171
4143 4171 4172
4173 4174 4148
4173 4148 4147
4152 4114 4113
4152 4113 4153
4169 4167 4168
4169 4168 4170
4120 4119 4124
4120 4124 4123
4175 4176 4166
4175 4166 4165
4177 4178 4179
4180 4177 4181
4182 4183 4184
4182 4184 4185
4186 4177 4187
4177 4188 4178
4189 4190 4191
4189 4191 4192
4193 4194 4195
4193 4195 4196
4196 4195 4197
4196 4197 4198
4191 4194 4193
4191 4193 4192
4199 4200 4177
4201 4202 4203
4201 4203 4204
4203 4202 4190
4203 4190 4189
4177 4186 4181
4177 4179 4187
4205 4206 4207
4205 4207 4208
4209 4210 4205
4209 4205 4208
4211 4177 4180
4212 4213 4201
4212 4201 4204
4177 4211 4199
4177 4200 4214
4198 4197 4183
4198 4183 4182
4184 4210 4209
4184 4209 4185
4215 4216 4217
4215 4217 4218
4216 4219 4220
4216 4220 4217
4221 4222 4223
4223 4224 4225
4223 4225 4226
4227 4221 4223
4227 4223 4228
4228 4223 4226
4228 4226 4229
4229 4226 4230
4229 4230 4231
4226 4225 4232
4226 4232 4230
4233 4234 4235
4236 4233 4235
4236 4235 4237
4238 4239 4240
4238 4240 4241
4242 4238 4241
4242 4241 4243
4244 4245 4246
4244 4246 4247
4248 4244 4247
4248 4247 4249
4247 4246 4250
4247 4250 4251
4252 4249 4247
4252 4247 4251
4251 4250 4253
4251 4253 4254
4252 4251 4254
4252 4254 4255
4256 4257 4258
4256 4258 4259
4260 4256 4259
4260 4259 4261
4262 4263 4264
4262 4264 4265
4266 4262 4267
4268 4269 4270
4268 4270 4271
4272 4268 4271
4272 4271 4273
4274 4275 4276
4274 4276 4277
4278 4274 4277
4278 4277 4279
4277 4276 4280
4279 4277 4280
4279 4280 4281
4282 4283 4284
4282 4284 4285
4286 4283 4282
4286 4282 4287
4288 4289 4290
4288 4290 4291
4292 4293 4289
4292 4289 4288
4294 4288 4291
4294 4291 4295
4296 4292 4288
4296 4288 4294
4297 4298 4299
4297 4299 4300
4301 4302 4303
4304 4305 4306
4307 4308 4309
4307 4309 4310
4311 4312 4308
4311 4308 4307
4311 4313 4314
4311 4314 4312
4315 4316 4317
4315 4317 4318
4295 4291 4319
4291 4290 4319
4287 4282 4320
4320 4282 4285
4280 4321 4322
4281 4280 4322
4323 4324 4325
4323 4325 4326
4327 4328 4329
4327 4329 4330
4331 4332 4333
4331 4333 4334
4335 4336 4337
4335 4337 4338
4338 4337 4339
4338 4339 4340
4341 4342 4343
4341 4343 4344
4345 4341 4344
4345 4344 4346
4347 4348 4349
4350 4351 4352
4344 4343 4353
4346 4344 4354
4346 4354 4355
4356 4357 4358
4356 4358 4359
4360 4361 4362
4360 4362 4363
4364 4365 4360
4364 4360 4363
4366 4367 4368
4366 4368 4369
4357 4370 4371
4357 4371 4358
4372 4373 4374
4363 4375 4376
4363 4376 4377
4378 4364 4379
4380 4381 4374
4373 4380 4374
4382 4383 4384
4385 4386 4387
4388 4385 4387
4383 4389 4384
4390 4381 4380
4326 4325 4391
4326 4391 4392
4393 4392 4391
4393 4391 4394
4393 4394 4395
4396 4397 4398
4399 4400 4401
4399 4401 4402
4316 4403 4404
4316 4404 4317
4405 4406 4407
4312 4314 4408
4312 4408 4409
4302 4410 4411
4302 4411 4303
4378 4412 4365
4378 4365 4364
4379 4364 4413
4379 4413 4414
4415 4388 4387
4338 4416 4417
4335 4417 4418
4419 4420 4421
4419 4421 4422
4422 4421 4423
4422 4423 4424
4424 4423 4425
4424 4425 4426
4427 4428 4429
4427 4429 4430
4431 4432 4428
4431 4428 4427
4430 4429 4433
4430 4433 4434
4434 4433 4435
4434 4435 4436
4426 4425 4437
4426 4437 4438
4438 4437 4439
4438 4439 4440
4440 4439 4441
4442 4443 4444
4445 4446 4443
4445 4443 4442
4447 4448 4446
4447 4446 4445
4449 4450 4451
4452 4453 4448
4452 4448 4447
4454 4455 4456
4457 4458 4453
4457 4453 4452
4420 4419 4459
4460 4461 4458
4460 4458 4457
4406 4405 4461
4462 4463 4464
4465 4466 4467
4465 4467 4468
4469 4470 4471
4469 4471 4472
4471 4473 4474
4471 4474 4475
4468 4467 4476
4468 4476 4477
4478 4479 4480
4477 4476 4329
4477 4329 4328
4480 4479 4481
4480 4481 4482
4483 4484 4485
4483 4485 4486
4487 4488 4489
4487 4489 4490
4491 4492 4493
4491 4493 4494
4495 4496 4497
4495 4497 4498
4499 4500 4501
4499 4501 4502
4407 4503 4504
4407 4504 4405
4502 4501 4505
4502 4505 4506
4405 4504 4507
4405 4507 4461
4506 4505 4508
4506 4508 4509
4461 4507 4510
4461 4510 4458
4509 4508 4511
4509 4511 4512
4458 4510 4513
4458 4513 4453
4512 4511 4514
4512 4514 4515
4453 4513 4516
4453 4516 4448
4515 4514 4517
4515 4517 4518
4448 4516 4519
4448 4519 4446
4518 4517 4520
4518 4520 4521
4446 4519 4522
4446 4522 4443
4521 4520 4523
4443 4522 4444
4520 4436 4523
4436 4435 4523
4517 4434 4436
4517 4436 4520
4514 4430 4434
4514 4434 4517
4511 4427 4430
4511 4430 4514
4508 4431 4427
4508 4427 4511
4505 4524 4431
4505 4431 4508
4524 4525 4432
4524 4432 4431
4526 4527 4525
4526 4525 4524
4501 4526 4524
4501 4524 4505
4528 4529 4527
4500 4530 4526
4500 4526 4501
4531 4532 4533
4531 4533 4534
4493 4531 4534
4493 4534 4494
4535 4536 4537
4535 4537 4538
4488 4535 4489
4485 4539 4540
4485 4540 4486
4475 4478 4472
4475 4472 4471
4484 4541 4542
4484 4542 4485
4543 4544 4545
4543 4545 4546
4479 4546 4481
4546 4545 4547
4546 4547 4541
4475 4479 4478
4548 4473 4549
4544 4543 4550
4541 4547 4551
4481 4546 4541
4481 4541 4484
4482 4481 4484
4482 4484 4483
4552 4551 4553
4550 4543 4474
4475 4543 4479
4554 4555 4556
4554 4556 4557
4558 4559 4560
4558 4560 4561
4562 4557 4556
4562 4563 4564
4565 4566 4567
4565 4567 4568
4564 4563 4569
4570 4571 4569
4570 4569 4572
4573 4574 4575
4576 4577 4578
4576 4578 4579
4580 4581 4570
4580 4570 4572
4582 4581 4580
4582 4580 4583
4584 4585 4586
4584 4586 4587
4588 4589 4590
4588 4590 4591
4592 4593 4594
4592 4594 4595
4596 4588 4591
4596 4591 4597
4598 4596 4597
4598 4597 4599
4334 4600 4601
4334 4601 4331
4336 4602 4603
4336 4603 4337
4339 4604 4605
4606 4607 4598
4606 4598 4599
4339 4605 4608
4339 4608 4609
4610 4607 4606
4610 4606 4611
4612 4613 4614
4612 4614 4615
4615 4614 4616
4617 4616 4618
4617 4618 4619
4610 4611 4620
4621 4622 4623
4624 4610 4620
4624 4625 4626
4624 4626 4627
4342 4628 4629
4342 4629 4343
4609 4608 4628
4609 4628 4342
4630 4631 4632
4633 4634 4635
4636 4637 4638
4639 4640 4641
4642 4643 4644
4642 4644 4645
4343 4629 4643
4343 4643 4642
4646 4647 4648
4627 4626 4649
4627 4649 4650
4650 4649 4651
4650 4651 4644
4652 4653 4654
4655 4656 4657
4655 4657 4658
4659 4660 4661
4662 4663 4664
4662 4664 4665
4666 4667 4668
4666 4668 4669
4670 4671 4672
4670 4672 4673
4674 4675 4676
4674 4676 4677
4678 4679 4675
4678 4675 4674
4680 4681 4679
4680 4679 4678
4682 4683 4681
4682 4681 4680
4684 4685 4686
4687 4682 4680
4687 4680 4688
4689 4690 4684
4689 4684 4686
4687 4688 4691
4692 4693 4694
4692 4694 4695
4695 4694 4696
4695 4696 4697
4698 4699 4700
4698 4700 4701
4702 4655 4658
4702 4658 4703
4704 4705 4672
4704 4672 4706
4667 4707 4708
4667 4708 4668
4709 4710 4711
4712 4713 4714
4712 4714 4715
4716 4709 4711
4706 4717 4718
4719 4720 4671
4719 4671 4670
4704 4706 4718
4721 4722 4723
4721 4723 4724
4725 4726 4727
4699 4677 4728
4699 4728 4700
4694 4678 4696
4688 4680 4693
4729 4730 4324
4729 4324 4323
4731 4732 4733
4543 4546 4479
4549 4473 4470
4473 4471 4470
4686 4682 4687
4686 4687 4689
4685 4683 4682
4685 4682 4686
4218 4217 4221
4218 4221 4227
4217 4220 4221
4326 4734 4323
4735 4734 4326
4735 4326 4392
4393 4736 4735
4393 4735 4392
4737 4738 4739
4740 4741 4737
4740 4737 4739
4566 4565 4741
4566 4741 4740
4554 4558 4561
4554 4561 4555
4742 4327 4330
4742 4330 4743
4744 4393 4395
4744 4395 4745
4743 4746 4747
4743 4747 4742
4748 4749 4750
4751 4752 4749
4751 4749 4753
4754 4755 4752
4754 4752 4751
4756 4674 4699
4757 4756 4699
4757 4699 4698
4727 4758 4725
4726 4722 4727
4759 4758 4731
4676 4760 4728
4676 4728 4677
4761 4762 4721
4761 4721 4763
4761 4764 4762
4553 4765 4552
4766 4536 4767
4766 4767 4765
4753 4749 4748
4767 4768 4769
4547 4553 4551
4769 4539 4485
4769 4485 4542
4768 4770 4539
4768 4539 4769
4747 4746 4748
4539 4770 4771
4539 4771 4540
4552 4765 4767
4769 4542 4552
4725 4758 4759
4731 4733 4759
4696 4756 4757
4696 4757 4697
4691 4688 4693
4691 4693 4692
4772 4732 4731
4674 4756 4696
4678 4674 4696
4680 4678 4693
4678 4694 4693
4535 4488 4770
4535 4770 4768
4535 4538 4489
4744 4736 4393
4744 4396 4773
4773 4774 4744
4750 4747 4748
4397 4744 4745
4576 4775 4573
4776 4775 4579
4462 4777 4659
4778 4537 4536
4778 4536 4766
4779 4399 4402
4779 4402 4780
4459 4455 4454
4419 4455 4459
4781 4308 4312
4781 4312 4409
4461 4782 4406
4783 4450 4449
4459 4784 4420
4782 4461 4460
4783 4785 4786
4787 4299 4788
4789 4309 4308
4789 4308 4781
4724 4723 4790
4724 4790 4791
4792 4345 4346
4792 4346 4793
4794 4366 4369
4794 4369 4795
4367 4796 4797
4367 4797 4368
4798 4724 4791
4798 4791 4799
4800 4801 4802
4800 4802 4803
4804 4702 4703
4804 4703 4805
4806 4800 4803
4806 4803 4807
4337 4604 4339
4603 4604 4337
4594 4613 4612
4594 4612 4595
4808 4449 4809
4808 4809 4810
4309 4789 4811
4309 4811 4305
4449 4340 4809
4340 4339 4609
4340 4609 4812
4310 4309 4305
4310 4305 4304
4255 4254 4256
4255 4256 4260
4254 4253 4257
4254 4257 4256
4810 4809 4345
4810 4345 4792
4305 4811 4410
4305 4410 4302
4809 4812 4341
4809 4341 4345
4812 4609 4342
4812 4342 4341
4306 4305 4302
4261 4259 4262
4261 4262 4266
4259 4258 4263
4259 4263 4262
4813 4814 4815
4816 4817 4814
4816 4814 4813
4633 4818 4819
4633 4819 4634
4820 4637 4636
4820 4636 4821
4631 4654 4653
4631 4653 4632
4639 4644 4651
4639 4651 4640
4644 4647 4646
4644 4646 4645
4350 4352 4820
4350 4820 4821
4822 4823 4817
4824 4825 4822
4824 4822 4826
4618 4622 4619
4827 4825 4828
4827 4828 4829
4830 4831 4630
4832 4631 4630
4832 4831 4833
4834 4354 4353
4353 4354 4344
4835 4836 4837
4829 4828 4347
4816 4822 4817
4825 4827 4823
4825 4823 4822
4825 4824 4838
4826 4822 4816
4257 4839 4840
4257 4840 4258
4234 4233 4841
4234 4841 4842
4245 4843 4844
4245 4844 4246
4253 4845 4839
4253 4839 4257
4258 4840 4846
4258 4846 4263
4250 4847 4845
4250 4845 4253
4239 4848 4849
4239 4849 4240
4269 4850 4851
4269 4851 4270
4263 4846 4852
4263 4852 4264
4246 4844 4847
4246 4847 4250
4853 4303 4298
4853 4298 4297
4852 4850 4269
4852 4269 4264
4854 4855 4856
4854 4856 4857
4858 4859 4860
4857 4861 4349
4857 4349 4348
4854 4828 4838
4349 4861 4370
4349 4370 4357
4862 4834 4361
4862 4361 4360
4863 4349 4357
4863 4357 4356
4300 4299 4292
4300 4292 4296
4299 4787 4293
4299 4293 4292
4273 4271 4274
4273 4274 4278
4271 4270 4275
4271 4275 4274
4864 4355 4865
4270 4851 4866
4270 4866 4275
4275 4866 4867
4275 4867 4276
4864 4793 4346
4864 4346 4355
4788 4298 4303
4788 4303 4411
4868 4869 4870
4871 4872 4873
4286 4872 4871
4286 4871 4283
4874 4875 4876
4874 4877 4875
4364 4363 4377
4364 4377 4413
4877 4371 4875
4358 4371 4380
4358 4380 4373
4371 4877 4380
4363 4362 4375
4359 4358 4373
4359 4373 4878
4414 4413 4388
4414 4388 4415
4878 4373 4372
4374 4381 4383
4413 4377 4385
4413 4385 4388
4377 4376 4386
4377 4386 4385
4372 4374 4383
4372 4383 4382
4370 4875 4371
4861 4879 4875
4861 4875 4370
4880 4881 4860
4880 4860 4859
4861 4857 4856
4861 4856 4879
4284 4283 4881
4284 4881 4880
4526 4528 4527
4532 4882 4883
4532 4883 4533
4530 4528 4526
4773 4396 4399
4773 4399 4779
4579 4659 4776
4884 4885 4713
4884 4713 4712
4579 4578 4660
4579 4660 4659
4767 4536 4768
4771 4770 4488
4771 4488 4487
4396 4398 4400
4396 4400 4399
4886 4887 4233
4886 4233 4236
4887 4888 4841
4887 4841 4233
4700 4728 4367
4700 4367 4366
4701 4700 4366
4701 4366 4794
4728 4760 4796
4728 4796 4367
4763 4721 4724
4763 4724 4798
4234 4842 4889
4234 4889 4890
4715 4714 4891
4715 4891 4892
4661 4893 4894
4661 4894 4895
4489 4538 4896
4489 4896 4897
4538 4537 4898
4538 4898 4896
4755 4754 4899
4755 4899 4900
4490 4489 4897
4490 4897 4901
4402 4401 4902
4402 4902 4903
4895 4464 4463
4895 4463 4661
4780 4402 4903
4780 4903 4904
4235 4234 4890
4235 4890 4905
4237 4235 4905
4237 4905 4906
4543 4475 4474
4473 4548 4550
4473 4550 4474
4573 4575 4576
4579 4775 4576
4744 4397 4396
4567 4885 4884
4567 4884 4568
4232 4888 4887
4232 4887 4230
4230 4887 4886
4230 4886 4231
4774 4736 4744
4619 4622 4621
4264 4269 4268
4264 4268 4265
4537 4778 4907
4537 4907 4898
4280 4276 4321
4321 4276 4867
4908 4909 4819
4908 4819 4818
4380 4877 4390
4390 4877 4874
4463 4659 4661
4562 4556 4563
4564 4569 4571
4360 4365 4910
4360 4910 4862
4365 4412 4911
4365 4911 4910
4876 4875 4869
4876 4869 4868
4834 4862 4354
4354 4862 4910
4354 4910 4355
4910 4911 4865
4912 4623 4913
4272 4267 4265
4272 4265 4268
4267 4262 4265
4347 4828 4348
4828 4854 4857
4828 4857 4348
4855 4854 4838
4825 4838 4828
4727 4722 4721
4914 4915 4916
4914 4916 4917
4918 4919 4920
4918 4920 4921
4922 4914 4917
4922 4917 4923
4915 4924 4925
4915 4925 4916
4926 4918 4921
4926 4921 4927
4658 4657 4928
4658 4928 4929
4703 4658 4929
4703 4929 4930
4803 4802 4931
4803 4931 4932
4805 4703 4930
4805 4930 4933
4807 4803 4932
4807 4932 4934
4369 4368 4655
4369 4655 4702
4791 4790 4801
4791 4801 4800
4795 4369 4702
4795 4702 4804
4368 4797 4656
4368 4656 4655
4799 4791 4800
4799 4800 4806
4935 4464 4936
4664 4663 4582
4664 4582 4583
4890 4889 4848
4890 4848 4239
4892 4891 4585
4892 4585 4584
4895 4894 4600
4895 4600 4334
4897 4896 4531
4897 4531 4493
4896 4898 4532
4896 4532 4531
4900 4899 4496
4900 4496 4495
4903 4902 4403
4903 4403 4316
4334 4333 4464
4334 4464 4895
4904 4903 4316
4904 4316 4315
4905 4890 4239
4905 4239 4238
4906 4905 4238
4906 4238 4242
4898 4907 4882
4898 4882 4532
4929 4928 4924
4929 4924 4915
4930 4929 4915
4930 4915 4914
4932 4931 4919
4932 4919 4918
4933 4930 4914
4933 4914 4922
4934 4932 4918
4934 4918 4926
4241 4240 4245
4241 4245 4244
4243 4241 4244
4243 4244 4248
4318 4317 4314
4318 4314 4313
4332 4331 4336
4332 4336 4335
4317 4404 4408
4317 4408 4314
4491 4494 4500
4491 4500 4499
4498 4497 4503
4498 4503 4407
4534 4533 4528
4534 4528 4530
4494 4534 4530
4494 4530 4500
4587 4586 4593
4587 4593 4592
4590 4589 4662
4590 4662 4665
4331 4601 4602
4331 4602 4336
4240 4849 4843
4240 4843 4245
4533 4883 4529
4533 4529 4528
4917 4916 4670
4917 4670 4673
4921 4920 4707
4921 4707 4667
4923 4917 4673
4923 4673 4937
4916 4925 4719
4916 4719 4670
4927 4921 4667
4927 4667 4666
4912 4913 4908
4669 4668 4709
4669 4709 4716
4938 4717 4671
4938 4671 4720
4672 4705 4937
4672 4937 4673
4668 4708 4710
4668 4710 4709
4672 4671 4717
4672 4717 4706
4718 4717 4938
4783 4449 4808
4783 4808 4785
4416 4451 4450
4659 4463 4462
4936 4333 4332
4936 4332 4418
4338 4417 4335
4335 4418 4332
4576 4575 4577
4221 4220 4222
4223 4222 4224
4493 4492 4901
4493 4901 4897
4552 4542 4551
4768 4536 4535
4767 4769 4552
4541 4551 4542
4661 4660 4893
4776 4659 4777
4462 4464 4935
4936 4464 4333
4630 4831 4832
4347 4349 4863
4615 4616 4617
4621 4623 4912
4624 4620 4625
4809 4340 4812
4338 4451 4416
4449 4451 4340
4451 4338 4340
4910 4865 4355
4788 4299 4298
4301 4303 4853
4306 4302 4301
4908 4913 4909
4383 4381 4389
4699 4674 4677
4939 4940 4941
4939 4941 4942
4943 4944 4945
4943 4945 4946
4947 4948 4949
4947 4949 4950
4951 4952 4953
4951 4953 4954
4955 4956 4957
4955 4957 4958
4959 4960 4961
4959 4961 4962
4963 4964 4965
4963 4965 4966
4966 4965 4967
4966 4967 4968
4969 4970 4971
4972 4973 4974
4975 4976 4977
4975 4977 4978
4979 4980 4981
4979 4981 4982
4968 4967 4983
4968 4983 4984
4978 4977 4985
4978 4985 4986
4982 4981 4987
4982 4987 4988
4989 4990 4976
4989 4976 4975
4991 4992 4980
4991 4980 4979
4993 4994 4995
4996 4997 4952
4996 4952 4951
4998 4999 4956
4998 4956 4955
5000 5001 4960
5000 4960 4959
4954 4953 4964
4954 4964 4963
4958 4957 4990
4958 4990 4989
4962 4961 4992
4962 4992 4991
5002 5003 5004
5002 5004 5005
5006 5007 5008
5006 5008 5009
5010 5011 5012
5010 5012 5013
5014 5015 5016
5014 5016 5017
5018 5019 5020
5018 5020 5021
5022 5023 5024
5022 5024 5025
4942 4941 5015
4942 5015 5014
4946 4945 5019
4946 5019 5018
4950 4949 5023
4950 5023 5022
4984 4983 4940
4984 4940 4939
4986 4985 4944
4986 4944 4943
4988 4987 4948
4988 4948 4947
5005 5004 4973
5005 4973 4972
5009 5008 4994
5009 4994 4993
5013 5012 4969
5013 4969 4971
5017 5016 5003
5017 5003 5002
5021 5020 5007
5021 5007 5006
5025 5024 5026
5025 5026 5010
5027 5028 5029
5027 5029 5030
5031 5032 5033
5031 5033 5034
5035 5036 5037
5035 5037 5038
5039 5040 5041
5039 5041 5042
5043 5044 5045
5043 5045 5046
5047 5048 5049
5047 5049 5050
5051 5052 5053
5051 5053 5054
5055 5056 5057
5055 5057 5058
5059 5060 5061
5059 5061 5062
5028 5027 5063
5028 5063 5064
5065 5066 5067
5065 5067 5068
5069 5070 5071
5069 5071 5072
5064 5063 5073
5064 5073 5074
5068 5067 5075
5068 5075 5076
5072 5071 5077
5072 5077 5078
5074 5073 5079
5074 5079 5080
5076 5075 5081
5076 5081 5082
5078 5077 5032
5078 5032 5031
5080 5079 5036
5080 5036 5035
5082 5081 5040
5082 5040 5039
5043 5046 5070
5043 5070 5069
5083 5054 5053
5084 5058 5057
5085 5062 5061
5034 5033 5052
5034 5052 5051
5038 5037 5060
5038 5060 5059
5042 5041 5056
5042 5056 5055
5030 5029 5086
5030 5086 5087
5045 5044 5088
5045 5088 5089
5050 5049 5066
5050 5066 5065
5090 5091 5092
5090 5092 5093
5094 5095 5096
5094 5096 5097
5098 5099 5100
5098 5100 5101
5102 5103 5104
5102 5104 5105
5106 5107 5108
5106 5108 5109
5095 5094 5110
5103 5102 5111
5099 5098 5112
5113 5114 5115
5113 5115 5116
5117 5118 5107
5117 5107 5106
5119 5120 5091
5119 5091 5090
5121 5122 5123
5121 5123 5124
5125 5126 5118
5125 5118 5117
5127 5128 5120
5127 5120 5119
5129 5130 5122
5129 5122 5121
5131 5132 5126
5131 5126 5125
5133 5134 5128
5133 5128 5127
5135 5136 5130
5135 5130 5129
5137 5138 5132
5137 5132 5131
5139 5140 5134
5139 5134 5133
5141 5142 5136
5141 5136 5135
5097 5096 5138
5097 5138 5137
5101 5100 5140
5101 5140 5139
5105 5104 5142
5105 5142 5141
5143 5144 5145
5143 5145 5146
5123 5147 5148
5123 5148 5124
5115 5149 5150
5115 5150 5116
5149 5151 5152
5149 5152 5150
5151 5153 5154
5151 5154 5152
5153 5155 5156
5153 5156 5154
5155 5143 5146
5155 5146 5156
5157 5145 5144
5158 5159 5160
5158 5160 5161
5162 5163 5164
5162 5164 5165
5166 5167 5168
5166 5168 5169
5170 5171 5172
5170 5172 5173
5174 5165 5164
5174 5164 5175
5169 5168 5176
5169 5176 5177
5178 5179 5180
5174 5175 5181
5174 5181 5182
5177 5176 5183
5177 5183 5184
5185 5161 5160
5185 5160 5186
5187 5188 5189
5187 5189 5190
5191 5192 5193
5191 5193 5194
5195 5196 5197
5195 5197 5198
5199 5185 5186
5199 5186 5200
5194 5193 5201
5194 5201 5202
5198 5197 5203
5198 5203 5204
5205 5206 5207
5205 5207 5208
5209 5208 5207
5209 5207 5210
5211 5212 5213
5211 5213 5214
5215 5216 5217
5215 5217 5218
5219 5220 5221
5219 5221 5222
5223 5219 5222
5223 5222 5224
5225 5226 5227
5225 5227 5228
5229 5225 5228
5229 5228 5230
5231 5232 5233
5173 5172 5234
5173 5234 5235
5236 5237 5211
5236 5211 5214
5190 5189 5238
5190 5238 5239
5240 5241 5229
5240 5229 5230
5242 5243 5188
5242 5188 5187
5244 5245 5171
5244 5171 5170
5246 5247 5243
5246 5243 5242
5248 5249 5245
5248 5245 5244
5250 5251 5213
5250 5213 5212
5227 5226 5252
5227 5252 5253
5254 5255 5192
5254 5192 5191
5256 5257 5196
5256 5196 5195
5258 5259 5206
5258 5206 5205
5221 5220 5260
5221 5260 5261
5262 5263 5237
5262 5237 5236
5264 5265 5241
5264 5241 5240
5235 5234 5266
5235 5266 5267
5239 5238 5268
5239 5268 5269
5180 5179 5263
5180 5263 5262
5233 5232 5265
5233 5265 5264
5267 5266 5270
5269 5268 5271
5272 5273 5215
5272 5215 5218
5182 5181 5255
5182 5255 5254
5184 5183 5257
5184 5257 5256
5258 5199 5200
5258 5200 5259
5261 5260 5273
5261 5273 5272
5202 5201 5247
5202 5247 5246
5204 5203 5249
5204 5249 5248
5250 5209 5210
5250 5210 5251
5253 5252 5223
5253 5223 5224
5274 5275 5276
5277 5278 5279
5274 5280 5281
5277 5282 5283
5284 5285 5274
5283 5286 5287
5285 5280 5274
5277 5279 5282
5279 5288 5282
5289 5285 5284
5287 5290 5291
5286 5283 5282
5292 5293 5294
5292 5287 5286
5288 5293 5286
5287 5295 5296
5296 5297 5290
5296 5298 5299
5295 5300 5296
5295 5301 5302
5295 5292 5301
5292 5294 5303
5304 5302 5301
5276 5305 5306
5275 5307 5305
5281 5308 5307
5281 5309 5310
5309 5311 5310
5310 5312 5313
5308 5313 5307
5314 5315 5313
5315 5305 5307
5316 5305 5315
5306 5305 5316
5314 5317 5316
5311 5318 5312
5312 5319 5313
5320 5317 5314
5321 5322 5323
5324 5279 5325
5319 5326 5322
5319 5321 5314
5278 5325 5279
5306 5325 5278
5312 5318 5326
5288 5279 5327
5328 5329 5327
5288 5329 5293
5330 5294 5293
5279 5324 5331
5329 5288 5327
5332 5330 5329
5332 5333 5330
5334 5311 5309
5280 5335 5309
5289 5335 5280
5289 5336 5334
5335 5334 5309
5289 5337 5336
5297 5338 5290
5338 5337 5291
5336 5339 5340
5341 5333 5342
5333 5303 5294
5341 5304 5303
5302 5343 5344
5296 5300 5345
5299 5346 5347
5345 5298 5296
5346 5348 5349
5337 5338 5339
5299 5350 5338
5350 5351 5338
5352 5340 5339
5351 5339 5338
5353 5354 5355
5355 5346 5298
5298 5345 5353
5355 5356 5357
5348 5358 5359
5357 5360 5358
5357 5348 5346
5354 5361 5362
5345 5363 5353
5362 5356 5355
5300 5363 5345
5363 5354 5353
5364 5361 5354
5341 5365 5304
5366 5365 5341
5304 5365 5343
5365 5367 5368
5352 5351 5369
5350 5370 5371
5371 5372 5373
5371 5369 5351
5343 5368 5344
5367 5374 5368
5344 5364 5363
5374 5375 5364
5356 5376 5377
5347 5370 5350
5349 5372 5370
5371 5370 5372
5372 5378 5373
5359 5378 5372
5379 5375 5374
5380 5361 5375
5362 5381 5356
5356 5381 5376
5382 5383 5384
5380 5379 5384
5378 5359 5385
5358 5385 5359
5360 5386 5385
5387 5388 5389
5386 5387 5389
5383 5390 5384
5391 5392 5390
5393 5392 5391
5394 5395 5396
5396 5397 5398
5394 5390 5392
5399 5362 5400
5397 5399 5400
5362 5399 5381
5399 5401 5381
5397 5402 5401
5398 5384 5390
5400 5380 5384
5400 5362 5380
5362 5361 5380
5401 5403 5381
5360 5404 5386
5403 5376 5381
5377 5360 5357
5405 5387 5386
5387 5405 5388
5376 5406 5404
5404 5406 5405
5406 5407 5408
5409 5388 5405
5410 5411 5412
5376 5407 5406
5403 5407 5376
5403 5413 5407
5414 5415 5409
5413 5414 5408
5393 5416 5392
5401 5417 5413
5418 5410 5412
5419 5414 5413
5420 5415 5414
5420 5421 5418
5396 5395 5402
5401 5402 5417
5422 5423 5417
5402 5395 5422
5423 5424 5420
5423 5419 5417
5393 5425 5416
5416 5395 5392
5426 5422 5395
5422 5424 5423
5424 5427 5428
5420 5428 5421
5429 5430 5431
5416 5432 5426
5425 5393 5431
5430 5432 5425
5426 5427 5424
5421 5433 5410
5412 5409 5415
5432 5434 5427
5411 5388 5409
5433 5435 5410
5430 5429 5434
5434 5436 5427
5427 5436 5428
5437 5428 5438
5421 5428 5439
5440 5433 5421
5428 5436 5438
5428 5437 5439
5441 5435 5442
5443 5444 5445
5429 5446 5447
5448 5435 5449
5449 5445 5448
5435 5441 5449
5435 5448 5410
5450 5451 5452
5447 5438 5436
5452 5446 5429
5453 5437 5438
5437 5453 5454
5446 5455 5447
5452 5456 5455
5453 5455 5457
5435 5433 5442
5454 5440 5439
5458 5454 5457
5459 5460 5454
5440 5454 5442
5460 5442 5454
5455 5456 5457
5457 5461 5462
5459 5454 5458
5462 5463 5459
5463 5443 5460
5441 5442 5460
5463 5464 5444
5463 5444 5443
5449 5441 5443
5444 5465 5466
5452 5467 5456
5465 5468 5466
5457 5469 5461
5457 5456 5469
5469 5470 5471
5471 5472 5461
5461 5464 5462
5472 5464 5461
5464 5473 5474
5475 5476 5477
5472 5478 5473
5470 5479 5480
5469 5481 5470
5480 5478 5471
5456 5467 5482
5456 5481 5469
5481 5479 5470
5451 5483 5482
5451 5484 5483
5483 5485 5481
5467 5451 5482
5465 5486 5468
5477 5487 5468
5464 5474 5486
5488 5483 5484
5489 5485 5483
5490 5479 5485
5491 5480 5479
5492 5493 5480
5492 5476 5475
5468 5486 5494
5444 5464 5486
5493 5478 5480
5474 5494 5486
5473 5475 5494
5478 5493 5475
5426 5424 5422
5432 5427 5426
5434 5432 5430
5364 5354 5363
5375 5361 5364
5368 5364 5344
5344 5363 5300
5276 5278 5277
5447 5455 5453
5442 5433 5440
5440 5421 5439
5447 5436 5434
5274 5276 5277
5274 5281 5275
5277 5283 5274
5284 5274 5283
5283 5287 5284
5289 5284 5291
5287 5291 5284
5293 5292 5286
5288 5286 5282
5287 5296 5290
5296 5299 5297
5295 5302 5300
5292 5295 5287
5292 5303 5301
5304 5301 5303
5276 5306 5278
5275 5305 5276
5281 5307 5275
5281 5310 5308
5310 5313 5308
5315 5307 5313
5314 5316 5315
5311 5312 5310
5320 5314 5321
5321 5323 5320
5324 5325 5495
5319 5322 5321
5319 5314 5313
5312 5326 5319
5328 5327 5331
5330 5293 5329
5279 5331 5327
5332 5329 5328
5333 5332 5342
5280 5309 5281
5289 5280 5285
5289 5334 5335
5337 5289 5291
5338 5291 5290
5336 5340 5334
5341 5342 5366
5333 5294 5330
5341 5303 5333
5302 5344 5300
5346 5299 5298
5346 5349 5347
5337 5339 5336
5299 5338 5297
5352 5339 5351
5355 5298 5353
5355 5357 5346
5348 5359 5349
5357 5358 5348
5354 5362 5355
5304 5343 5302
5365 5368 5343
5350 5371 5351
5371 5373 5369
5374 5364 5368
5347 5350 5299
5349 5370 5347
5359 5372 5349
5379 5374 5382
5380 5375 5379
5382 5384 5379
5360 5385 5358
5386 5389 5385
5395 5394 5392
5396 5398 5394
5397 5400 5398
5401 5399 5397
5402 5397 5396
5398 5390 5394
5400 5384 5398
5404 5360 5377
5377 5357 5356
5405 5386 5404
5376 5404 5377
5406 5408 5405
5409 5405 5408
5414 5409 5408
5413 5408 5407
5401 5413 5403
5419 5413 5417
5420 5414 5419
5420 5418 5415
5422 5417 5402
5423 5420 5419
5426 5395 5416
5424 5428 5420
5432 5416 5425
5425 5431 5430
5421 5410 5418
5412 5415 5418
5411 5409 5412
5429 5447 5434
5452 5429 5450
5453 5438 5447
5452 5455 5446
5453 5457 5454
5454 5439 5437
5457 5462 5458
5462 5459 5458
5463 5460 5459
5441 5460 5443
5464 5463 5462
5449 5443 5445
5444 5466 5445
5467 5452 5451
5469 5471 5461
5473 5464 5472
5475 5477 5494
5478 5472 5471
5470 5480 5471
5456 5482 5481
5479 5481 5485
5483 5481 5482
5477 5468 5494
5488 5484 5496
5489 5483 5488
5490 5485 5489
5491 5479 5490
5492 5480 5491
5492 5475 5493
5444 5486 5465
5473 5494 5474
5478 5475 5473
5497 5498 5499
5500 5501 5502
5497 5503 5504
5500 5505 5506
5507 5508 5497
5506 5509 5510
5508 5503 5497
5500 5502 5505
5502 5511 5505
5512 5508 5507
5510 5513 5514
5509 5506 5505
5515 5516 5517
5515 5510 5509
5511 5516 5509
5510 5518 5519
5519 5520 5513
5519 5521 5522
5518 5523 5519
5518 5524 5525
5518 5515 5524
5515 5517 5526
5527 5525 5524
5499 5528 5529
5498 5530 5528
5504 5531 5530
5504 5532 5533
5532 5534 5533
5533 5535 5536
5531 5536 5530
5537 5538 5536
5538 5528 5530
5539 5528 5538
5529 5528 5539
5537 5540 5539
5534 5541 5535
5535 5542 5536
5543 5540 5537
5544 5545 5546
5547 5502 5548
5542 5549 5545
5542 5544 5537
5501 5548 5502
5529 5548 5501
5535 5541 5549
5511 5502 5550
5551 5552 5550
5511 5552 5516
5553 5517 5516
5502 5547 5554
5552 5511 5550
5555 5553 5552
5555 5556 5553
5557 5534 5532
5503 5558 5532
5512 5558 5503
5512 5559 5557
5558 5557 5532
5512 5560 5559
5520 5561 5513
5561 5560 5514
5559 5562 5563
5564 5556 5565
5556 5526 5517
5564 5527 5526
5525 5566 5567
5519 5523 5568
5522 5569 5570
5568 5521 5519
5569 5571 5572
5560 5561 5562
5522 5573 5561
5573 5574 5561
5575 5563 5562
5574 5562 5561
5576 5577 5578
5578 5569 5521
5521 5568 5576
5578 5579 5580
5571 5581 5582
5580 5583 5581
5580 5571 5569
5577 5584 5585
5568 5586 5576
5585 5579 5578
5523 5586 5568
5586 5577 5576
5587 5584 5577
5564 5588 5527
5589 5588 5564
5527 5588 5566
5588 5590 5591
5575 5574 5592
5573 5593 5594
5594 5595 5596
5594 5592 5574
5566 5591 5567
5590 5597 5591
5567 5587 5586
5597 5598 5587
5579 5599 5600
5570 5593 5573
5572 5595 5593
5594 5593 5595
5595 5601 5596
5582 5601 5595
5602 5598 5597
5603 5584 5598
5585 5604 5579
5579 5604 5599
5605 5606 5607
5603 5602 5607
5601 5582 5608
5581 5608 5582
5583 5609 5608
5610 5611 5612
5609 5610 5612
5606 5613 5607
5614 5615 5613
5616 5615 5614
5617 5618 5619
5619 5620 5621
5617 5613 5615
5622 5585 5623
5620 5622 5623
5585 5622 5604
5622 5624 5604
5620 5625 5624
5621 5607 5613
5623 5603 5607
5623 5585 5603
5585 5584 5603
5624 5626 5604
5583 5627 5609
5626 5599 5604
5600 5583 5580
5628 5610 5609
5610 5628 5611
5599 5629 5627
5627 5629 5628
5629 5630 5631
5632 5611 5628
5633 5634 5635
5599 5630 5629
5626 5630 5599
5626 5636 5630
5637 5638 5632
5636 5637 5631
5616 5639 5615
5624 5640 5636
5641 5633 5635
5642 5637 5636
5643 5638 5637
5643 5644 5641
5619 5618 5625
5624 5625 5640
5645 5646 5640
5625 5618 5645
5646 5647 5643
5646 5642 5640
5616 5648 5639
5639 5618 5615
5649 5645 5618
5645 5647 5646
5647 5650 5651
5643 5651 5644
5652 5653 5654
5639 5655 5649
5648 5616 5654
5653 5655 5648
5649 5650 5647
5644 5656 5633
5635 5632 5638
5655 5657 5650
5634 5611 5632
5656 5658 5633
5653 5652 5657
5657 5659 5650
5650 5659 5651
5660 5651 5661
5644 5651 5662
5663 5656 5644
5651 5659 5661
5651 5660 5662
5664 5658 5665
5666 5667 5668
5652 5669 5670
5671 5658 5672
5672 5668 5671
5658 5664 5672
5658 5671 5633
5673 5674 5675
5670 5661 5659
5675 5669 5652
5676 5660 5661
5660 5676 5677
5669 5678 5670
5675 5679 5678
5676 5678 5680
5658 5656 5665
5677 5663 5662
5681 5677 5680
5682 5683 5677
5663 5677 5665
5683 5665 5677
5678 5679 5680
5680 5684 5685
5682 5677 5681
5685 5686 5682
5686 5666 5683
5664 5665 5683
5686 5687 5667
5686 5667 5666
5672 5664 5666
5667 5688 5689
5675 5690 5679
5688 5691 5689
5680 5692 5684
5680 5679 5692
5692 5693 5694
5694 5695 5684
5684 5687 5685
5695 5687 5684
5687 5696 5697
5698 5699 5700
5695 5701 5696
5693 5702 5703
5692 5704 5693
5703 5701 5694
5679 5690 5705
5679 5704 5692
5704 5702 5693
5674 5706 5705
5674 5707 5706
5706 5708 5704
5690 5674 5705
5688 5709 5691
5700 5710 5691
5687 5697 5709
5711 5706 5707
5712 5708 5706
5713 5702 5708
5714 5703 5702
5715 5716 5703
5715 5699 5698
5691 5709 5717
5667 5687 5709
5716 5701 5703
5697 5717 5709
5696 5698 5717
5701 5716 5698
5649 5647 5645
5655 5650 5649
5657 5655 5653
5587 5577 5586
5598 5584 5587
5591 5587 5567
5567 5586 5523
5499 5501 5500
5670 5678 5676
5665 5656 5663
5663 5644 5662
5670 5659 5657
5497 5499 5500
5497 5504 5498
5500 5506 5497
5507 5497 5506
5506 5510 5507
5512 5507 5514
5510 5514 5507
5516 5515 5509
5511 5509 5505
5510 5519 5513
5519 5522 5520
5518 5525 5523
5515 5518 5510
5515 5526 5524
5527 5524 5526
5499 5529 5501
5498 5528 5499
5504 5530 5498
5504 5533 5531
5533 5536 5531
5538 5530 5536
5537 5539 5538
5534 5535 5533
5543 5537 5544
5544 5546 5543
5547 5548 5718
5542 5545 5544
5542 5537 5536
5535 5549 5542
5551 5550 5554
5553 5516 5552
5502 5554 5550
5555 5552 5551
5556 5555 5565
5503 5532 5504
5512 5503 5508
5512 5557 5558
5560 5512 5514
5561 5514 5513
5559 5563 5557
5564 5565 5589
5556 5517 5553
5564 5526 5556
5525 5567 5523
5569 5522 5521
5569 5572 5570
5560 5562 5559
5522 5561 5520
5575 5562 5574
5578 5521 5576
5578 5580 5569
5571 5582 5572
5580 5581 5571
5577 5585 5578
5527 5566 5525
5588 5591 5566
5573 5594 5574
5594 5596 5592
5597 5587 5591
5570 5573 5522
5572 5593 5570
5582 5595 5572
5602 5597 5605
5603 5598 5602
5605 5607 5602
5583 5608 5581
5609 5612 5608
5618 5617 5615
5619 5621 5617
5620 5623 5621
5624 5622 5620
5625 5620 5619
5621 5613 5617
5623 5607 5621
5627 5583 5600
5600 5580 5579
5628 5609 5627
5599 5627 5600
5629 5631 5628
5632 5628 5631
5637 5632 5631
5636 5631 5630
5624 5636 5626
5642 5636 5640
5643 5637 5642
5643 5641 5638
5645 5640 5625
5646 5643 5642
5649 5618 5639
5647 5651 5643
5655 5639 5648
5648 5654 5653
5644 5633 5641
5635 5638 5641
5634 5632 5635
5652 5670 5657
5675 5652 5673
5676 5661 5670
5675 5678 5669
5676 5680 5677
5677 5662 5660
5680 5685 5681
5685 5682 5681
5686 5683 5682
5664 5683 5666
5687 5686 5685
5672 5666 5668
5667 5689 5668
5690 5675 5674
5692 5694 5684
5696 5687 5695
5698 5700 5717
5701 5695 5694
5693 5703 5694
5679 5705 5704
5702 5704 5708
5706 5704 5705
5700 5691 5717
5711 5707 5719
5712 5706 5711
5713 5708 5712
5714 5702 5713
5715 5703 5714
5715 5698 5716
5667 5709 5688
5696 5717 5697
5701 5698 5696
5720 5721 5722
5723 5724 5725
5726 5727 5728
5729 5730 5731
5722 5721 5732
5733 5734 5720
5733 5720 5722
5735 5736 5723
5737 5738 5726
5728 5739 5740
5741 5733 5722
5741 5722 5732
5742 5743 5735
5744 5745 5742
5746 5747 5748
5746 5748 5749
5750 5751 5744
5752 5740 5739
5753 5747 5746
5753 5746 5754
5753 5755 5756
5757 5750 5758
5757 5758 5759
5760 5761 5752
5733 5746 5749
5733 5749 5734
5762 5748 5763
5747 5756 5764
5759 5758 5765
5759 5765 5766
5767 5768 5760
5763 5747 5764
5763 5748 5747
5753 5756 5747
5769 5763 5770
5766 5765 5771
5766 5771 5772
5773 5774 5725
5773 5725 5724
5756 5775 5776
5776 5777 5764
5776 5764 5756
5777 5770 5763
5777 5763 5764
5778 5779 5780
5776 5781 5782
5783 5784 5785
5783 5785 5782
5784 5779 5786
5784 5786 5785
5780 5787 5788
5789 5790 5791
5792 5783 5789
5787 5784 5792
5793 5787 5794
5795 5791 5796
5794 5789 5795
5797 5796 5798
5797 5799 5794
5800 5801 5799
5800 5799 5797
5802 5800 5797
5802 5797 5798
5803 5804 5805
5803 5805 5806
5807 5804 5803
5807 5803 5808
5804 5809 5810
5804 5810 5805
5811 5809 5804
5811 5804 5807
5809 5812 5813
5809 5813 5810
5814 5812 5809
5814 5809 5811
5815 5816 5817
5818 5803 5800
5818 5800 5802
5731 5819 5729
5820 5821 5812
5820 5812 5814
5772 5771 5822
5772 5822 5823
5801 5800 5803
5801 5803 5806
5754 5746 5733
5754 5733 5741
5783 5790 5789
5779 5787 5780
5792 5789 5794
5794 5795 5797
5787 5792 5794
5779 5784 5787
5784 5783 5792
5795 5796 5797
5793 5794 5799
5788 5787 5793
5816 5824 5825
5816 5825 5817
5731 5826 5827
5731 5827 5819
5730 5828 5826
5730 5826 5731
5812 5821 5829
5812 5829 5813
5775 5781 5776
5767 5774 5773
5767 5773 5830
5781 5790 5783
5778 5770 5786
5769 5770 5778
5789 5791 5795
5755 5775 5756
5762 5763 5769
5736 5724 5723
5830 5768 5767
5768 5761 5760
5761 5740 5752
5727 5739 5728
5738 5727 5726
5743 5736 5735
5745 5743 5742
5751 5745 5744
5757 5831 5750
5803 5818 5808
5750 5831 5751
5825 5824 5823
5825 5823 5822
5827 5826 5821
5827 5821 5820
5826 5828 5829
5826 5829 5821
5782 5785 5777
5782 5777 5776
5785 5786 5770
5785 5770 5777
5782 5781 5783
5778 5786 5779
5832 5833 5834
5835 5836 5837
5835 5837 5838
5839 5840 5841
5842 5843 5844
5842 5844 5845
5846 5837 5836
5847 5848 5849
5847 5849 5850
5851 5852 5853
5851 5853 5854
5854 5853 5855
5854 5855 5856
5857 5852 5851
5857 5851 5858
5859 5860 5861
5859 5861 5862
5863 5864 5865
5866 5867 5868
5866 5868 5869
5870 5871 5872
5873 5874 5875
5873 5875 5876
5848 5874 5873
5848 5873 5849
5877 5878 5879
5880 5881 5882
5880 5882 5883
5884 5880 5883
5884 5883 5885
5886 5887 5888
5886 5888 5889
5863 5865 5867
5863 5867 5866
5870 5872 5890
5870 5890 5891
5878 5892 5893
5878 5893 5879
5892 5894 5895
5892 5895 5893
5896 5897 5898
5896 5898 5899
5900 5901 5902
5900 5902 5903
5901 5900 5904
5905 5906 5907
5905 5907 5908
5909 5910 5911
5909 5911 5912
5913 5914 5915
5913 5915 5916
5917 5918 5919
5917 5919 5920
5921 5905 5908
5921 5908 5922
5910 5909 5923
5910 5923 5924
5907 5906 5925
5907 5925 5926
5919 5927 5928
5919 5928 5920
5929 5924 5923
5929 5923 5930
5931 5932 5933
5934 5935 5914
5934 5914 5913
5936 5935 5934
5936 5934 5937
5938 5939 5940
5938 5940 5941
5942 5943 5944
5942 5944 5945
5946 5947 5948
5946 5948 5949
5950 5951 5952
5950 5952 5953
5954 5955 5956
5950 5953 5945
5950 5945 5944
5949 5948 5940
5949 5940 5939
5957 5958 5959
5957 5959 5960
5961 5962 5963
5961 5963 5964
5965 5966 5967
5965 5967 5968
5969 5970 5971
5969 5971 5972
5973 5974 5975
5973 5975 5976
5977 5970 5969
5977 5969 5978
5979 5960 5959
5979 5959 5980
5981 5982 5983
5981 5983 5984
5985 5986 5987
5985 5987 5988
5989 5990 5991
5989 5991 5992
5993 5994 5995
5993 5995 5996
5997 5998 5999
5997 5999 6000
6001 6002 5990
6001 5990 5989
6003 6004 6005
6006 6007 6002
6006 6002 6001
6008 6009 6010
6009 6008 5964
6009 5964 5963
5984 5962 5961
5984 5961 5981
6005 6004 5979
6005 5979 5980
6011 6012 5966
6011 5966 5965
6013 6014 6015
6013 6015 6016
6017 6018 6019
6019 6018 6020
6019 6020 6021
6020 6000 5999
6020 5999 6021
5958 5957 6022
5958 6022 6023
5988 6024 6025
5988 6025 5985
5996 5995 6026
5996 6026 6027
5976 6028 6029
5976 6029 5973
6024 6030 6031
6024 6031 6025
6028 6013 6016
6028 6016 6029
5975 5974 6012
5975 6012 6011
5978 5987 5986
5978 5986 5977
5992 5991 5994
5992 5994 5993
6030 5983 5982
6030 5982 6031
5997 6015 6014
5997 6014 5998
6023 6022 6027
6023 6027 6026
5912 5911 5928
5912 5928 5927
5926 5925 5936
5926 5936 5937
5942 5938 5941
5942 5941 5943
6032 6033 5918
6032 5918 5917
5916 5915 6034
5916 6034 6035
6036 5952 5951
6036 5951 6037
5903 5902 6033
5903 6033 6032
6035 6034 5931
6035 5931 5933
5955 6036 6037
5955 6037 5956
6038 6039 5921
6038 5921 5922
5930 6040 6041
5930 6041 5929
6042 6043 5947
6042 5947 5946
5860 5857 5858
5860 5858 5861
5876 5875 5843
5876 5843 5842
6044 5882 5881
6044 5881 6045
6045 5835 5838
6045 5838 6044
5845 5844 5840
5845 5840 5839
5834 5859 5862
5834 5862 5832
5897 5847 5850
5897 5850 5898
5856 5855 6046
5856 6046 6047
5885 5888 5887
5885 5887 5884
5869 5868 6047
5869 6047 6046
5889 5895 5894
5889 5894 5886
5896 5899 5891
5896 5891 5890
6048 6049 6050
6051 6052 6053
6051 6053 6054
6055 6056 6057
6058 6059 6060
6058 6060 6061
6062 6063 6064
6062 6064 6065
6066 6067 6068
6066 6068 6069
6070 6071 6072
6070 6072 6073
6074 6075 6076
6074 6076 6077
6057 6078 6079
6057 6079 6055
6080 6081 6082
6080 6082 6083
6084 6085 6086
6087 6088 6089
6087 6089 6090
6091 6092 6093
6091 6093 6094
6094 6093 6095
6094 6095 6096
6097 6098 6099
6100 6101 6102
6099 6098 6103
6099 6103 6104
6105 6106 6107
6105 6107 6108
6100 6102 6109
6100 6109 6110
6111 6112 6113
6111 6113 6114
6115 6116 6117
6115 6117 6118
6085 6084 6119
6085 6119 6120
6121 6122 6123
6121 6123 6124
6125 6126 6127
6125 6127 6128
6129 6130 6131
6129 6131 6132
6133 6134 6135
6133 6135 6136
6137 6138 6139
6137 6139 6140
6141 6142 6143
6141 6143 6144
6126 6140 6139
6126 6139 6127
6141 6144 6130
6141 6130 6129
6145 6146 6147
6148 6149 6150
6151 6145 6147
6151 6147 6152
6150 6149 6153
6150 6153 6154
6155 6156 6157
6155 6157 6158
6159 6160 6161
6162 6163 6164
6162 6164 6165
6166 6167 6168
6166 6168 6169
6170 6171 6172
6170 6172 6173
6163 6170 6173
6163 6173 6164
6174 6175 6176
6168 6167 6177
6168 6177 6178
6179 6180 6181
6179 6181 6182
6183 6180 6179
6183 6179 6184
6185 6186 6187
6185 6187 6188
6189 6190 6191
6189 6191 6192
6193 6194 6195
6193 6195 6196
6197 6198 6199
6197 6199 6200
6201 6202 6203
6201 6203 6204
6205 6206 6207
6205 6207 6208
6209 6197 6200
6209 6200 6210
6211 6052 6051
6211 6051 6212
6213 6214 6215
6213 6215 6216
6062 6217 6218
6062 6218 6063
6219 6220 6221
6219 6221 6222
6223 6125 6128
6223 6128 6224
6132 6131 6225
6132 6225 6226
6162 6227 6228
6229 6230 6231
6229 6231 6232
6232 6231 6187
6232 6187 6186
6226 6225 6233
6226 6233 6234
6235 6228 6227
6230 6229 6192
6230 6192 6191
6069 6076 6075
6069 6075 6066
6118 6117 6236
6118 6236 6237
6238 6223 6224
6238 6224 6239
6165 6240 6227
6165 6227 6162
6241 6242 6243
6136 6135 6143
6136 6143 6142
6137 6155 6158
6137 6158 6138
6171 6166 6169
6171 6169 6172
6188 6182 6181
6188 6181 6185
6212 6079 6078
6212 6078 6211
6104 6103 6088
6104 6088 6087
6110 6109 6209
6110 6209 6210
6120 6119 6092
6120 6092 6091
6054 6053 6194
6054 6194 6193
6089 6082 6081
6089 6081 6090
6096 6095 6206
6096 6206 6205
6244 6199 6198
6244 6198 6245
6245 6060 6059
6245 6059 6244
6061 6072 6071
6061 6071 6058
6196 6195 6214
6196 6214 6213
6083 6203 6202
6083 6202 6080
6208 6207 6220
6208 6220 6219
6122 6216 6215
6122 6215 6123
6204 6218 6217
6204 6217 6201
6222 6221 6112
6222 6112 6111
6065 6064 6116
6065 6116 6115
6073 6068 6067
6073 6067 6070
6114 6113 6106
6114 6106 6105
6050 6121 6124
6050 6124 6048
6156 6151 6152
6156 6152 6157
6154 6153 6134
6154 6134 6133
6176 6178 6177
6176 6177 6174
6183 6184 6160
6183 6160 6159
6246 6227 6247
6235 6227 6246
3218 3217 6248
1647 1972 1971
1647 1971 1648
