byte offset: 0
first index: 20631
index count: 7302
topology: trianglelist
format: DXGI_FORMAT_R16_UINT

3292 6249 6250
6250 6251 3293
6250 3293 3292
3247 3252 6252
6253 3247 6254
6249 6253 6255
6256 6250 6257
6256 6251 6250
6257 6249 6258
6257 6250 6249
6254 3247 6259
6260 3280 3276
3243 6261 6262
3243 6262 3276
3276 6262 6263
3275 3272 6264
3268 6265 6266
3262 3268 6267
6268 3260 6269
6260 6263 6270
6265 6260 6271
6272 3261 6273
6261 3243 3289
6262 6261 6274
3243 3276 3245
6261 3289 6275
6263 6262 6276
6277 3260 3262
6260 3276 6263
3275 6264 6278
3252 3275 6279
6279 3275 6278
3292 6253 6249
3272 6280 6264
6265 3268 3265
6260 6265 3280
3247 6253 3292
3265 3280 6265
6281 3287 6282
3287 3283 6282
3248 3247 3292
3261 6272 3277
3260 6268 3261
6283 6284 6285
6286 6287 6288
6286 6288 6289
6290 6291 6288
6292 6293 6294
6293 6292 6295
6293 6295 6296
6297 6298 6299
6298 6300 6301
6302 6303 6300
6302 6300 6298
6301 6304 6298
6305 6306 6307
6308 6297 6309
6310 6287 6311
6301 6312 6304
6313 6314 6301
6308 6302 6298
6294 6315 6313
6316 6317 6293
6316 6293 6296
6317 6318 6294
6317 6294 6293
6314 6319 6301
6320 6321 6322
6323 6324 6325
6326 6327 6328
6329 6327 6323
6290 6285 6330
6289 6321 6331
6289 6331 6332
6333 6334 6335
6321 6336 6331
6327 6329 6337
6338 6339 6340
6341 6338 6340
6342 6343 6344
6342 6344 6345
6346 6341 6347
6348 6349 6350
6298 6304 6348
6297 6299 6351
6337 6352 6353
6329 6354 6337
6325 6355 6323
6320 6356 6336
6353 6357 6320
6358 6359 6325
6332 6360 6289
6331 6361 6332
6289 6291 6321
6332 6362 6360
6336 6363 6331
6364 6329 6323
6320 6336 6321
6348 6365 6349
6304 6366 6348
6366 6365 6348
6321 6291 6330
6283 6285 6290
6292 6294 6313
6324 6367 6358
6325 6324 6358
6368 6343 6333
6290 6305 6283
6305 6310 6306
6335 6334 6283
6350 6349 6369
6284 6342 6345
6284 6283 6334
6290 6288 6305
6288 6287 6305
6311 6287 6286
6290 6330 6291
6288 6291 6289
6284 6328 6337
6284 6353 6322
6323 6327 6339
6370 6346 6371
6371 6372 6370
6283 6307 6335
6320 6322 6353
6321 6330 6322
6330 6285 6322
6305 6287 6310
6301 6292 6313
6286 6373 6311
6374 6373 6286
6374 6286 6289
6375 6374 6376
6311 6373 6377
6376 6378 6375
6379 6376 6380
6381 6380 6360
6376 6374 6380
6380 6289 6360
6380 6374 6289
6305 6307 6283
6308 6298 6297
6301 6300 6292
6292 6300 6303
6292 6303 6295
6298 6382 6299
6325 6359 6383
6323 6355 6384
6284 6337 6353
6299 6370 6351
6370 6372 6351
6340 6339 6327
6323 6339 6324
6347 6385 6371
6385 6386 6372
6387 6388 6389
6387 6389 6390
6388 6370 6389
6391 6387 6390
6382 6348 6350
6382 6298 6348
6388 6387 6392
6387 6367 6392
6392 6367 6324
6390 6389 6299
6389 6370 6299
6350 6390 6382
6390 6299 6382
6367 6391 6358
6387 6391 6367
6358 6391 6350
6391 6390 6350
6339 6338 6324
6338 6341 6324
6392 6341 6346
6392 6346 6388
6346 6370 6388
6341 6392 6324
6341 6340 6347
6340 6327 6393
6340 6393 6347
6393 6385 6347
6326 6386 6393
6393 6386 6385
6372 6386 6368
6393 6327 6326
6371 6385 6372
6386 6394 6368
6394 6343 6368
6343 6342 6334
6342 6284 6334
6333 6343 6334
6386 6344 6394
6326 6328 6345
6337 6328 6327
6345 6344 6326
6344 6386 6326
6345 6328 6395
6394 6344 6343
6346 6347 6371
6396 6397 6398
6399 6400 6401
6399 6401 6402
6397 6396 6403
6397 6403 6404
6405 6406 6407
6408 6409 6410
6405 6407 6411
6405 6411 6412
6413 6414 6415
6413 6415 6416
6417 6418 6419
6417 6419 6420
6421 6422 6423
6421 6423 6424
6425 6426 6427
6423 6422 6417
6423 6417 6420
6428 6429 6430
6428 6430 6431
6432 6433 6434
6432 6434 6435
6436 6401 6400
6434 6437 6435
6438 6439 6440
6438 6440 6441
6442 6443 6444
6442 6444 6445
6439 6438 6446
6447 6448 6441
6447 6441 6440
6449 6450 6451
6449 6451 6452
6453 6454 6455
6453 6455 6456
6447 6457 6458
6447 6458 6448
6459 6460 6461
6459 6461 6462
6463 6464 6458
6463 6458 6457
6465 6466 6467
6468 6469 6450
6468 6450 6449
6470 6471 6472
6473 6474 6425
6453 6470 6472
6453 6472 6454
6467 6466 6425
6467 6425 6475
6472 6476 6477
6472 6477 6454
6478 6479 6480
6478 6480 6481
6482 6483 6459
6482 6459 6462
6455 6484 6483
6455 6483 6482
6485 6486 6487
6485 6487 6488
6489 6481 6480
6489 6480 6490
6491 6492 6493
6491 6493 6494
6495 6496 6461
6495 6461 6467
6497 6462 6461
6497 6461 6496
6482 6462 6497
6482 6497 6498
6477 6484 6455
6477 6455 6454
6471 6476 6472
6473 6478 6481
6473 6481 6474
6499 6494 6493
6499 6493 6500
6501 6502 6443
6501 6443 6442
6503 6504 6505
6503 6505 6506
6507 6503 6506
6507 6506 6508
6509 6510 6511
6480 6512 6490
6513 6514 6515
6513 6515 6516
6517 6512 6480
6518 6490 6519
6520 6521 6522
6520 6522 6523
6482 6498 6456
6482 6456 6455
6524 6525 6526
6524 6526 6527
6444 6528 6529
6444 6529 6445
6515 6530 6516
6524 6531 6532
6524 6532 6525
6508 6464 6463
6508 6463 6507
6531 6533 6534
6531 6534 6532
6533 6514 6513
6533 6513 6534
6535 6502 6501
6535 6501 6536
6505 6504 6509
6505 6509 6537
6511 6510 6520
6511 6520 6523
6538 6527 6526
6538 6526 6424
6468 6539 6469
6485 6452 6451
6485 6451 6486
6491 6488 6487
6491 6487 6492
6499 6500 6540
6499 6540 6541
6542 6489 6518
6495 6467 6475
6495 6475 6543
6475 6474 6544
6475 6544 6543
6474 6481 6489
6474 6489 6544
6545 6510 6509
6546 6547 6548
6546 6548 6549
6545 6509 6550
6545 6550 6551
6552 6553 6554
6552 6554 6555
6556 6557 6558
6556 6558 6559
6560 6561 6562
6560 6562 6563
6558 6564 6565
6558 6565 6559
6564 6566 6567
6564 6567 6565
6568 6569 6570
6571 6572 6573
6571 6573 6574
6542 6575 6544
6542 6544 6489
6576 6577 6578
6576 6578 6579
6580 6581 6582
6580 6582 6583
6584 6585 6586
6563 6562 6544
6563 6544 6575
6587 6588 6589
6587 6589 6590
6591 6592 6593
6591 6593 6594
6572 6551 6550
6572 6550 6573
6595 6596 6597
6595 6597 6598
6599 6600 6601
6602 6603 6604
6602 6604 6605
6603 6606 6607
6603 6607 6604
6608 6426 6609
6608 6609 6610
6473 6425 6427
6611 6429 6428
6424 6526 6612
6425 6474 6475
6427 6426 6608
6465 6461 6460
6465 6467 6461
6613 6614 6615
6613 6615 6616
6617 6618 6619
6617 6619 6620
6609 6413 6416
6609 6416 6610
6621 6622 6623
6621 6623 6624
6432 6625 6626
6432 6626 6433
6627 6399 6402
6627 6402 6628
6404 6403 6629
6404 6629 6630
6412 6411 6631
6412 6631 6632
6549 6554 6553
6549 6553 6546
6576 6633 6634
6576 6634 6577
6635 6591 6594
6635 6594 6636
6581 6580 6637
6581 6637 6638
6639 6640 6641
6639 6641 6642
6643 6569 6568
6643 6568 6644
6588 6587 6645
6588 6645 6646
6592 6607 6606
6592 6606 6593
6647 6648 6548
6647 6548 6547
6646 6645 6634
6646 6634 6633
6424 6528 6421
6612 6529 6424
6424 6529 6528
6509 6511 6537
6517 6480 6479
6519 6490 6512
6518 6489 6490
6410 6649 6650
6410 6650 6408
6649 6620 6619
6649 6619 6650
6651 6627 6628
6651 6628 6652
6630 6629 6614
6630 6614 6613
6632 6631 6622
6632 6622 6621
6617 6415 6414
6617 6414 6618
6652 6419 6418
6652 6418 6651
6616 6615 6431
6616 6431 6430
6624 6623 6626
6624 6626 6625
6596 6602 6605
6596 6605 6597
6638 6637 6648
6638 6648 6647
6589 6642 6641
6589 6641 6590
6586 6583 6582
6586 6582 6584
6600 6595 6598
6600 6598 6601
6643 6644 6640
6643 6640 6639
6555 6567 6566
6555 6566 6552
6636 6571 6574
6636 6574 6635
6579 6578 6561
6579 6561 6560
6653 6654 6655
6655 6656 6657
6655 6657 6653
6658 6659 6660
6658 6660 6661
6662 6663 6664
6662 6664 6665
6666 6667 6668
6666 6668 6669
6670 6671 6672
6670 6672 6673
6674 6675 6676
6674 6676 6677
6656 6678 6679
6656 6679 6657
6680 6681 6682
6680 6682 6683
6684 6685 6686
6687 6658 6661
6687 6661 6688
6689 6690 6691
6689 6691 6692
6692 6693 6694
6692 6694 6689
6695 6666 6677
6695 6677 6696
6697 6698 6699
6697 6699 6693
6700 6701 6687
6700 6687 6702
6701 6703 6658
6701 6658 6687
6704 6653 6657
6704 6657 6705
6654 6653 6704
6657 6679 6706
6657 6706 6705
6677 6676 6707
6677 6707 6696
6692 6691 6708
6692 6708 6709
6693 6692 6709
6693 6709 6697
6710 6711 6712
6713 6714 6715
6713 6715 6716
6711 6716 6715
6711 6715 6712
6717 6718 6719
6720 6721 6722
6723 6724 6725
6723 6725 6726
6727 6728 6724
6727 6724 6723
6729 6730 6731
6729 6731 6732
6733 6734 6735
6727 6736 6728
6737 6719 6718
6738 6739 6740
6738 6740 6741
6742 6743 6744
6742 6744 6745
6737 6746 6747
6747 6746 6748
6749 6750 6751
6752 6753 6754
6755 6756 6757
6755 6757 6758
6759 6760 6761
6759 6761 6762
6763 6764 6765
6763 6765 6766
6767 6768 6769
6767 6769 6770
6771 6772 6773
6774 6775 6776
6777 6778 6779
6777 6779 6780
6781 6782 6783
6781 6783 6784
6785 6786 6787
6788 6777 6780
6788 6780 6789
6790 6791 6792
6790 6792 6793
6786 6794 6795
6796 6797 6798
6796 6798 6799
6800 6801 6802
6803 6804 6785
6803 6785 6805
6806 6807 6808
6808 6807 6809
6808 6809 6810
6811 6812 6797
6811 6797 6796
6813 6814 6812
6813 6812 6811
6815 6790 6793
6815 6793 6816
6817 6818 6819
6817 6819 6820
6821 6822 6823
6821 6823 6824
6825 6826 6827
6825 6827 6820
6801 6800 6828
6829 6830 6828
6829 6828 6831
6832 6800 6833
6832 6833 6834
6835 6831 6828
6835 6828 6836
6836 6828 6800
6837 6838 6839
6837 6839 6840
6841 6842 6843
6841 6843 6844
6841 6844 6845
6841 6845 6846
6843 6842 6847
6843 6847 6848
6849 6850 6851
6849 6851 6852
6851 6853 6854
6851 6854 6852
6855 6856 6857
6858 6859 6860
6858 6860 6861
6858 6862 6863
6858 6863 6859
6864 6865 6863
6864 6863 6862
6866 6867 6865
6866 6865 6864
6842 6841 6868
6842 6868 6869
6870 6871 6846
6872 6873 6874
6871 6875 6876
6871 6876 6877
6871 6870 6878
6871 6878 6875
6871 6877 6879
6871 6879 6846
6880 6881 6882
6880 6882 6883
6884 6885 6886
6884 6886 6887
6888 6889 6890
6888 6890 6891
6892 6893 6894
6892 6894 6895
6896 6897 6898
6896 6898 6899
6846 6879 6868
6846 6868 6841
6900 6901 6902
6903 6904 6905
6906 6907 6908
6909 6889 6888
6909 6888 6910
6911 6891 6890
6911 6890 6912
6913 6911 6912
6913 6912 6914
6909 6910 6915
6916 6917 6918
6916 6918 6919
6859 6863 6920
6859 6920 6921
6857 6856 6922
6859 6921 6923
6859 6923 6860
6920 6863 6865
6920 6865 6924
6925 6924 6865
6925 6865 6867
6926 6927 6928
6926 6928 6929
6930 6931 6932
6930 6932 6933
6934 6935 6936
6937 6938 6939
6940 6941 6942
6940 6942 6931
6943 6944 6945
6943 6945 6946
6947 6948 6949
6947 6949 6950
6951 6952 6946
6951 6946 6953
6928 6927 6954
6928 6954 6955
6956 6957 6958
6956 6958 6959
6960 6961 6959
6960 6959 6958
6961 6962 6963
6961 6963 6959
6949 6948 6964
6949 6964 6965
6966 6967 6968
6966 6968 6969
6970 6971 6972
6970 6972 6973
6974 6932 6931
6974 6931 6942
6975 6974 6942
6975 6942 6943
6976 6977 6978
6976 6978 6979
6980 6981 6982
6980 6982 6983
6976 6984 6977
6985 6986 6987
6985 6987 6988
6982 6981 6987
6982 6987 6986
6989 6990 6991
6990 6992 6993
6990 6993 6991
6994 6995 6996
6994 6996 6997
6998 6999 7000
6996 6995 7001
6996 7001 7002
7002 7001 7003
7004 7005 7006
7004 7006 7007
7007 7006 7008
7007 7008 7009
7009 7008 7010
7009 7010 7011
7012 7013 7014
7012 7014 7015
7016 7012 7015
7016 7015 7017
7018 7019 7020
7018 7020 7021
7011 7010 7022
7011 7022 7023
7024 7025 7026
7027 7024 7026
7027 7026 7028
7028 7029 7030
7028 7030 7027
7030 7029 7031
7030 7031 7032
7033 7034 7035
7033 7035 7036
7037 7038 7039
7037 7039 7040
7041 7037 7040
7042 7043 7044
7042 7044 7045
7046 7044 7043
7046 7043 7047
7048 7029 7028
7048 7028 7049
7050 7051 7031
7050 7031 7052
7026 7053 7049
7026 7049 7028
7025 7053 7026
7054 7051 7055
7056 7057 7051
7056 7051 7058
7059 7060 7061
7059 7061 7062
7063 7064 7060
7065 7066 7067
7065 7067 7068
7069 7070 7071
7069 7071 7072
7073 7074 7075
7073 7075 7076
7077 7078 7079
7077 7079 7080
7081 7082 7083
7081 7083 7084
7085 7086 7087
7085 7087 7088
7089 7090 7091
7089 7091 7092
7090 7093 7094
7090 7094 7091
7095 7096 7097
7098 7099 7100
7098 7100 7101
7102 7103 7104
7105 7106 7107
7108 7109 7110
7108 7110 7111
7099 7098 7112
7099 7112 7113
7109 7108 7114
7109 7114 7115
7116 7117 7118
7116 7118 7119
7120 7121 7122
7120 7122 7095
7095 7122 7123
7095 7123 7096
7124 7125 7126
7127 7128 7129
7127 7129 7130
7131 7132 7133
7131 7133 7134
7135 7128 7127
7135 7127 7136
7137 7138 7139
7137 7139 7140
7102 7104 7141
7104 7100 7142
7104 7142 7141
7116 7143 7144
7116 7144 7145
7143 7140 7146
7143 7146 7144
7113 7117 7147
7113 7147 7148
7149 7150 7151
7152 7153 7154
7152 7154 7155
7152 7155 7156
7157 7158 7159
7157 7159 7160
7161 7162 7163
7164 7165 7166
7164 7166 7167
7168 7169 7170
7168 7170 7171
7172 7166 7165
7172 7165 7173
7174 7173 7165
7174 7165 7164
7175 7176 7177
7175 7177 7178
7179 7180 7181
7179 7181 7182
7183 7184 7185
7183 7185 7177
7186 7187 7188
7186 7188 7189
7190 7191 7192
7190 7192 7193
7194 7195 7196
7194 7196 7197
7160 7159 7195
7160 7195 7194
7197 7196 7198
7197 7198 7185
7191 7199 7200
7191 7200 7192
7201 7202 7203
7201 7203 7204
7169 7168 7202
7169 7202 7201
7205 7206 7207
7205 7207 7208
7209 7210 7211
7209 7211 7212
7209 6939 7213
7203 7206 7205
7203 7205 7204
7214 7215 7216
7214 7216 7217
7218 7219 7220
7218 7220 7221
7222 7223 7224
7225 7226 7227
7225 7227 7228
7229 7230 7231
7229 7231 7232
7225 7233 7234
7225 7234 7226
7224 7223 7235
7224 7235 7236
7237 7238 7239
7237 7239 7240
7230 7229 7241
7220 7234 7233
7220 7233 7221
7242 7219 7218
7242 7218 7243
7244 7245 7246
7244 7246 7247
7248 7246 7249
7248 7249 7250
7251 7245 7244
7251 7244 7252
7253 7254 7255
7253 7255 7256
7255 7252 7257
7255 7257 7256
7244 7247 7258
7244 7258 7259
7246 7248 7260
7246 7260 7247
7261 7262 7263
7261 7263 7264
7262 7261 7265
7262 7265 7266
7267 7268 7266
7267 7266 7265
7269 7270 7271
7269 7271 7272
7273 7274 7275
7276 7277 7278
7276 7278 7279
7274 7280 7281
7274 7281 7275
7282 7283 7284
7282 7284 7285
7286 7287 7277
7286 7277 7276
7288 7289 7290
7288 7290 7291
7288 7292 7289
7293 7294 7295
7293 7295 7296
7297 7298 7294
7297 7294 7293
7299 7249 7246
7299 7246 7245
7254 7300 7251
7301 7302 7268
7301 7268 7267
7303 7259 7258
7303 7258 7304
7305 7306 7307
7305 7307 7308
7308 7307 7309
7310 7311 7312
7310 7312 7313
7314 7315 7316
7314 7316 7317
7318 7319 7320
7318 7320 7321
7322 7323 7324
7322 7324 7325
7326 7327 7328
7329 7330 7331
7329 7331 7332
7333 7334 7335
7336 7337 7338
7336 7338 7339
7340 7341 7342
7340 7342 7343
7344 7345 7346
7344 7346 7347
7348 7349 7350
7348 7350 7351
6985 6988 7352
6985 7352 7353
7354 7003 7355
7354 7355 7356
7005 7004 7357
7005 7357 7358
7359 7360 7361
7362 6781 7363
7364 7365 7366
7213 6939 6938
7367 7368 7369
7367 7369 7370
7367 7370 7371
7367 7371 7372
7372 7371 7373
7372 7373 7374
6967 6966 7375
6967 7375 7376
7377 7378 7379
7377 7379 7380
7381 7263 7262
7381 7262 7382
7285 7284 7383
7285 7383 7384
7384 7383 7385
7384 7385 7386
7197 7185 7184
7197 7184 7387
7387 7388 7194
7387 7194 7197
7389 7390 7200
7389 7200 7199
7389 7391 7390
6934 6936 7392
6951 6953 6958
6951 6958 6957
7374 7373 6969
7374 6969 6968
7393 7394 6957
7393 6957 6956
7395 7396 7397
7158 7157 7398
7158 7398 7399
7400 7208 7207
7400 7207 7401
7402 7403 7242
7402 7242 7243
7404 7405 7283
7404 7283 7282
7093 6951 7406
7093 7406 7094
7366 7365 7407
7366 7407 7408
7409 6685 6684
6931 6930 7410
6931 7410 6940
6965 6964 7411
6965 7411 7412
7365 7413 6963
7414 7415 7416
7414 7416 7417
7418 7419 7039
7418 7039 7036
7097 7120 7095
7420 7079 7078
7421 7309 7310
7421 7310 7313
6823 6822 6830
6823 6830 6829
7422 6817 6820
7422 6820 6827
6825 6820 6819
6825 6819 7423
7424 6899 6898
7424 6898 7425
7018 7021 7426
7317 7316 7319
7317 7319 7318
6818 6815 6816
6818 6816 6819
6896 6884 6887
6896 6887 6897
7427 7428 7334
7427 7334 7333
7321 7320 7337
7321 7337 7336
7429 6880 6883
7429 6883 7430
7328 7431 7432
7328 7432 7326
7364 7433 7413
7364 7413 7365
7339 7338 7322
7339 7322 7325
7329 7332 7434
7329 7434 7435
7436 7437 6792
7436 6792 6791
7438 7439 7014
7438 7014 7013
7440 7335 7441
7440 7441 7442
7443 7444 7064
7443 7064 7445
7058 7446 7447
7448 7449 7450
7448 7450 7451
7452 7077 7080
7452 7080 7453
7454 7455 7341
7454 7341 7340
7344 7456 7457
7344 7457 7345
7349 6788 6789
7349 6789 7350
6867 6866 6917
6867 6917 6916
6878 7458 7459
6878 7459 6875
7460 7461 6915
7462 7139 7122
7462 7122 7121
7123 7122 7139
7123 7139 7138
7463 7464 6836
6752 6754 7306
6752 7306 7305
7465 7463 6832
7465 6832 6834
6835 6836 7464
6900 7466 7467
7065 7068 7468
6677 6666 6669
6677 6669 6674
6721 6720 7469
6721 7469 7470
7471 7472 7473
7472 7471 7380
7472 7380 7379
6720 6722 7474
7475 6668 6667
7475 6667 7476
7476 6667 7477
7476 7477 7478
6667 6666 6695
6667 6695 7477
7479 7331 7330
7479 7330 7480
6670 6699 6698
6670 6698 7481
6683 6682 7482
6683 7482 7483
6671 6679 6678
6671 6678 6672
6714 6713 7484
6714 7484 7485
6819 6816 7479
6819 7479 7423
6816 6793 7331
6816 7331 7479
6793 6792 7332
6793 7332 7331
6792 7437 7434
6792 7434 7332
7434 7437 7351
7434 7351 7486
7487 7350 6789
7487 6789 7488
6789 6780 7489
6789 7489 7488
6780 6779 7490
6780 7490 7489
6768 6767 7491
6768 7491 7492
7493 7494 7495
7496 7497 7498
7496 7499 7500
7497 7496 7501
7500 7502 7503
7500 7503 7504
7505 7506 7501
7505 7501 7507
7504 7503 7508
7504 7508 7509
7510 7505 7507
7510 7507 7511
7512 7513 7514
7512 7514 7515
7516 7512 7515
7515 7514 7517
7515 7517 7518
7516 7515 7518
7516 7518 7519
7518 7517 7520
7518 7520 7521
7519 7518 7521
7519 7521 7522
7522 7521 7523
7521 7520 7524
7521 7524 7525
7523 7521 7525
7523 7525 7526
7525 7524 7527
7525 7527 7528
7526 7525 7528
7526 7528 7529
7528 7527 7530
7528 7530 7531
7529 7528 7531
7529 7531 7532
7533 7534 7535
7536 7533 7535
7537 7538 7539
7537 7539 7540
7541 7542 7543
7541 7543 7544
7541 7544 7545
7544 7546 7547
7544 7547 7548
7549 7550 7551
7549 7551 7552
7553 7554 7552
7553 7552 7551
7555 7522 7523
7556 7554 7553
7556 7553 7555
7555 7523 7557
7558 7559 7560
7558 7560 7561
7557 7562 7563
7557 7563 7564
7559 7558 7565
7559 7565 7566
7567 7568 7564
7567 7564 7563
7569 7565 7570
7569 7570 7571
7566 7565 7572
7566 7572 7573
7574 7575 7576
7574 7576 7577
7569 7571 7578
7569 7578 7579
7573 7572 7580
7573 7580 7581
7582 7583 7542
7541 7584 7582
7541 7582 7542
7584 7541 7545
7584 7545 7585
7586 7584 7585
7586 7585 7587
7545 7544 7548
7545 7548 7588
7589 7587 7585
7589 7585 7590
7591 7537 7540
7591 7540 7592
7593 7594 7595
7593 7595 7596
7592 7540 7597
7592 7597 7598
7599 7593 7596
7599 7596 7600
7601 7602 7599
7601 7599 7600
7602 7601 7603
7602 7603 7604
7605 7604 7603
7605 7603 7606
7605 7606 7607
7605 7607 7608
7609 7573 7581
7609 7581 7610
7611 7612 7608
7611 7608 7607
7613 7614 7615
7616 7493 7617
7613 7615 7618
7613 7618 7619
7619 7618 7620
7619 7620 7621
7622 7623 7624
7622 7624 7625
7626 7625 7624
7626 7624 7627
7628 7629 7630
7628 7630 7631
7632 7633 7634
7632 7634 7627
7634 7635 7626
7634 7626 7627
7631 7630 7636
7631 7636 7637
7638 7639 7634
7638 7634 7633
7637 7636 7640
7637 7640 7641
7642 7639 7638
7642 7638 7643
7641 7640 7644
7641 7644 7645
7642 7643 7646
7642 7646 7647
7648 7649 7650
7648 7650 7629
7645 7644 7651
7645 7651 7652
7653 7647 7646
7653 7646 7654
7655 7656 7657
7658 7655 7657
7659 7660 7647
7659 7647 7653
7644 7640 7661
7644 7661 7662
7663 7642 7647
7663 7647 7660
7644 7662 7664
7644 7664 7651
7665 7635 7634
7665 7634 7639
7663 7665 7639
7663 7639 7642
7607 7609 7610
7607 7610 7611
7603 7666 7667
7603 7667 7606
7606 7667 7609
7606 7609 7607
7601 7668 7666
7601 7666 7603
7667 7566 7573
7667 7573 7609
7559 7666 7668
7559 7668 7560
7666 7559 7566
7666 7566 7667
7553 7519 7522
7553 7522 7555
7601 7600 7598
7601 7598 7668
7668 7598 7597
7668 7597 7560
7495 7494 7669
7495 7669 7670
7670 7669 7671
7670 7671 7672
7557 7523 7562
7629 7650 7673
7629 7673 7630
7674 7636 7630
7674 7630 7673
7636 7674 7661
7636 7661 7640
7675 7676 7677
7678 7675 7677
7679 7556 7555
7679 7555 7557
7680 7575 7574
7681 7682 7683
7682 7684 7685
7682 7685 7683
7557 7564 7686
7557 7686 7679
7564 7568 7687
7564 7687 7686
7687 7568 7576
7687 7576 7688
7575 7680 7689
7495 7690 7691
7629 7628 7692
7629 7692 7648
7670 7693 7690
7670 7690 7495
7672 7694 7693
7672 7693 7670
7631 7695 7696
7631 7696 7628
7637 7697 7695
7637 7695 7631
7641 7698 7697
7641 7697 7637
7690 7699 7691
7628 7696 7700
7628 7700 7692
7693 7701 7690
7694 7702 7693
7641 7703 7704
7641 7704 7698
7703 7705 7706
7703 7706 7704
7705 7707 7708
7705 7708 7706
7695 7709 7710
7695 7710 7696
7697 7711 7709
7697 7709 7695
7698 7712 7711
7698 7711 7697
7696 7710 7713
7696 7713 7700
7702 7714 7701
7704 7715 7712
7704 7712 7698
7706 7716 7715
7706 7715 7704
7708 7717 7716
7708 7716 7706
7709 7718 7710
7711 7719 7718
7711 7718 7709
7711 7712 7720
7711 7720 7719
7715 7721 7720
7715 7720 7712
7590 7585 7545
7590 7545 7588
7596 7595 7591
7596 7591 7592
7600 7596 7592
7600 7592 7598
7715 7722 7723
7715 7723 7721
7723 7722 7724
7723 7724 7725
7726 7727 7728
7726 7728 7729
7730 7731 7727
7730 7727 7726
7732 7733 7734
7732 7734 7735
7736 7735 7734
7736 7734 7737
7738 7739 7740
7738 7740 7741
7741 7740 7742
7741 7742 7743
7743 7742 7744
7743 7744 7745
7746 7747 7748
7746 7748 7749
7750 7751 7747
7750 7747 7746
7752 7753 7754
7755 7756 7757
7755 7757 7758
7759 7760 7756
7759 7756 7755
7761 7762 7763
7763 7762 7764
7763 7764 7765
7765 7764 7760
7765 7760 7759
7766 7767 7768
7769 7770 7771
7772 7773 7770
7772 7770 7769
7774 7775 7776
7774 7776 7777
7778 7779 7780
7778 7780 7781
7781 7780 7782
7781 7782 7783
7783 7782 7773
7783 7773 7772
7784 7785 7786
7784 7786 7787
7787 7786 7788
7787 7788 7789
7790 7791 7792
7793 7785 7784
7794 7789 7788
7794 7788 7795
7796 7797 7798
7799 7800 7797
7799 7797 7796
7801 7802 7800
7801 7800 7799
7803 7804 7802
7803 7802 7801
7805 7806 7807
7805 7807 7808
7808 7807 7809
7808 7809 7810
7810 7809 7811
7810 7811 7812
7813 7814 7815
7813 7815 7816
7817 7818 7819
7817 7819 7820
7821 7822 7823
7821 7823 7824
7823 7825 7826
7823 7826 7824
7553 7551 7516
7553 7516 7519
7516 7551 7512
7509 7511 7507
7509 7507 7504
7507 7501 7500
7507 7500 7504
7501 7496 7500
7497 7501 7506
7540 7539 7827
7540 7827 7597
7827 7828 7561
7558 7561 7828
7558 7828 7829
7830 7831 7685
7830 7685 7684
7832 7833 7831
7832 7831 7830
7834 7835 7833
7834 7833 7832
7836 7837 7838
7836 7838 7839
7836 7840 7837
7841 7842 7843
7841 7843 7844
7844 7843 7845
7844 7845 7846
7693 7702 7701
7847 7848 7849
7847 7849 7850
7851 7852 7849
7851 7849 7848
7853 7854 7855
7856 7857 7858
7856 7858 7859
7860 7861 7862
7860 7862 7863
7863 7862 7864
7863 7864 7865
7866 7867 7868
7866 7868 7869
7869 7868 7870
7869 7870 7871
7871 7870 7872
7871 7872 7873
7874 7875 7876
7873 7872 7877
7873 7877 7878
7878 7877 7879
7878 7879 7880
7881 7882 7883
7881 7883 7884
7885 7880 7879
7885 7879 7886
7887 7888 7882
7887 7882 7881
7876 7875 7889
7876 7889 7890
7891 7892 7893
7891 7893 7894
7894 7893 7895
7894 7895 7896
7896 7895 7897
7896 7897 7898
7899 7898 7897
7899 7897 7900
7901 7902 7903
7904 7905 7906
7904 7906 7907
7908 7909 7910
7908 7911 7906
7908 7906 7909
7908 7910 7912
7910 7909 7913
7914 7915 7916
7914 7916 7917
7918 7919 7920
7914 7921 7922
7914 7922 7915
7907 7906 7923
7906 7911 7922
7924 7925 7926
7924 7926 7921
7924 7927 7928
7924 7928 7925
7929 7930 7931
7929 7931 7932
7933 7934 7930
7933 7930 7929
7935 7936 7934
7935 7934 7933
7811 7937 7938
7811 7938 7812
7939 7940 7941
7942 7943 7944
7942 7944 7945
7943 7946 7947
7943 7947 7944
7948 7949 7950
7948 7950 7951
7952 7953 7954
7952 7954 7955
7956 7957 7958
7959 7960 7954
7959 7954 7953
7961 7962 7960
7961 7960 7959
7961 7963 7964
7961 7964 7962
7965 7966 7967
7965 7967 7968
7963 7965 7968
7963 7968 7969
7970 7971 7972
7970 7972 7973
7971 7974 7972
7975 7976 7977
7978 7979 7980
7978 7980 7969
7935 7981 7936
7982 7983 7979
7984 7983 7982
6754 7985 7986
7987 7988 7989
7990 7928 7927
6703 7991 6659
6703 6659 6658
7992 7993 6905
7994 7992 6904
7995 7996 7997
7995 7997 7998
7998 7997 7999
7998 7999 8000
8001 8002 8003
8001 8003 8004
8005 8006 8007
8005 8007 8008
7996 6660 6659
7996 6659 7997
7997 6659 7991
7997 7991 7999
8002 7993 7992
8002 7992 8003
8006 6802 6801
8006 6801 8007
6750 6749 6748
8009 6901 8010
8009 8010 8011
6794 6786 6785
6735 8012 8013
6735 8013 6733
8013 8012 6717
8014 8015 8016
7333 7335 7440
7476 8017 8018
7476 8018 7475
8019 8018 8017
8019 8017 8020
7478 8021 8017
7478 8017 7476
8020 8017 8021
8020 8021 8022
8023 8024 7474
8024 8023 8025
8024 8025 8026
8027 8019 8020
8027 8020 8028
8028 8020 8022
8028 8022 8029
8030 8031 6663
8030 6663 6662
8032 8026 8025
8032 8025 8033
7652 7651 7655
7652 7655 7658
7656 7655 7651
7656 7651 7664
7752 7754 7751
7752 7751 7750
7767 7766 7758
7767 7758 7757
7917 7916 7918
7917 7918 7920
6795 6794 8034
7427 8035 7428
8036 8037 7861
7496 8038 7499
7500 7499 7502
7935 8039 7981
8039 8040 7927
8039 7927 7981
8040 7990 7927
7964 7980 7979
7990 8040 8041
7921 7926 7922
7926 7923 7922
7926 7925 7923
7922 7923 7906
7558 7829 7570
7558 7570 7565
7851 7853 7855
7851 7855 7852
7579 7578 8042
7579 8042 8043
7820 7819 7816
7820 7816 7815
8044 7847 7850
8044 7850 8045
8046 7942 7945
8046 7945 8047
7577 7576 7568
7577 7568 7567
7688 7576 7575
7688 7575 7689
7839 7838 7835
7839 7835 7834
8048 7899 7900
8048 7900 8049
7958 7952 7955
7958 7955 7956
7531 7530 7534
7531 7534 7533
7532 7531 7533
7532 7533 7536
7890 7889 7888
7890 7888 7887
7966 7970 7973
7966 7973 7967
8050 8051 7542
7496 7498 8038
7471 7473 8052
8053 8054 7067
8053 7067 7445
8055 8056 6886
8055 6886 7430
6955 6954 8014
6955 8014 8016
6963 6962 7407
7212 7211 7216
7212 7216 7215
7232 7231 7237
7232 7237 7240
7376 7375 7378
7376 7378 7377
6956 6959 6963
6956 6963 7413
7413 7393 6956
8057 8058 8059
8060 7271 7270
7150 7149 7179
7179 7149 7180
8061 7653 7654
8061 7654 8062
8063 7659 7653
8063 7653 8061
8064 8065 7779
8064 7779 7778
8066 7794 7795
8066 7795 8067
7932 7931 8068
7932 8068 8069
8070 8071 8072
8073 8074 8075
7904 8076 8077
7904 8077 7905
7495 7691 7493
7617 7493 7691
7456 8078 8079
7456 8079 7457
6762 6761 8080
6762 8080 8081
8078 6763 6766
8078 6766 8079
6768 6779 6778
6768 6778 6769
6799 6798 8082
6799 8082 8083
7492 7490 6779
7492 6779 6768
7998 8084 8085
7998 8085 7995
8000 8086 8084
8000 8084 7998
8087 8088 7470
8087 7470 7469
8089 8090 8091
8089 8091 8004
8005 8008 8092
8005 8092 8093
8092 8008 6822
8092 6822 6821
6737 6718 8094
6717 8012 6718
8007 6830 6822
8007 6822 8008
6801 6828 6830
6801 6830 8007
6800 6802 6833
6836 6800 6832
7463 6836 6832
6748 6746 6750
7618 7615 8095
7618 8095 8096
7620 7618 8096
7620 8096 8097
7624 7623 8098
7624 8098 8099
7627 7624 8099
7627 8099 7632
7615 7614 8100
7614 8101 8100
7583 7582 8102
8103 7582 7584
8103 7584 7586
8102 7582 8103
8104 6700 6702
7463 6805 6787
7463 6787 7464
7465 6803 6805
7465 6805 7463
6754 6753 7985
6900 6902 7466
7992 6905 6904
6804 8105 6794
8105 8034 6794
8106 8104 6702
8106 6702 8107
8107 6702 6687
8107 6687 6688
8108 8109 8110
8108 8110 8111
8108 8104 8106
8108 8106 8109
8010 8112 8011
8011 8112 8113
6902 6901 8009
7467 7466 6903
6903 6905 7467
6785 6787 6805
6804 6794 6785
7597 7827 7561
7597 7561 7560
7544 7543 8114
7544 8114 7546
7543 8051 8115
7543 8115 8114
8051 8050 8115
8050 7542 7583
7939 7941 8116
7969 7980 7963
7980 7964 7963
8117 7949 7948
8040 8117 8041
7951 7950 7947
7951 7947 7946
7947 7950 7935
7947 7935 8118
7949 8039 7935
7949 7935 7950
8039 7949 8117
8039 8117 8040
7480 8119 7423
7480 7423 7479
8119 8120 6825
8119 6825 7423
8120 8121 6826
8120 6826 6825
7487 8122 7486
6764 8123 8124
6764 8124 6765
8125 6767 6770
8125 6770 8126
8082 8127 8128
8082 8128 8083
8129 8130 6760
8129 6760 6759
8131 7491 6767
8131 6767 8125
8132 8133 8134
8132 8134 8135
8134 7359 7361
8136 6848 6847
8136 6847 6853
6869 8137 6847
6869 6847 6842
6861 6860 8138
6861 8138 8139
8140 6913 6914
8140 6914 8141
6860 6923 8142
6860 8142 8138
8143 8144 6681
8143 6681 6680
6730 6729 6743
6730 6743 6742
6693 6699 8145
6693 8145 6694
6699 6670 6673
6699 6673 8145
6741 6740 6745
6741 6745 6744
6671 6670 7481
6671 7481 8146
7483 7482 7485
7483 7485 7484
6679 6671 8146
6679 8146 6706
6739 6738 6726
6739 6726 6725
6665 6664 8144
6665 8144 8143
8028 6691 6690
8028 6690 8027
8029 6708 6691
8029 6691 8028
6732 6731 8032
6732 8032 8033
6898 6897 8147
6898 8147 8148
8149 7425 6898
8149 6898 8148
6897 6887 8150
8004 8003 8151
8004 8151 8089
8001 8004 8091
8001 8091 8152
8151 8003 7992
8151 7992 7994
6883 6882 8153
6883 8153 8154
7430 6883 8154
7430 8154 8055
7430 6886 6885
7430 6885 7429
6887 6886 8056
6887 8056 8150
6979 6978 6980
6979 6980 6983
6997 6993 6992
6997 6992 6994
7023 7022 7000
7023 7000 6999
6897 8150 8147
7055 7051 7057
7056 7058 8155
7446 7058 7051
7446 7051 8156
7051 7050 8156
7076 7071 7070
7076 7070 7073
8157 7450 7417
8158 7416 8159
7032 7031 7051
7032 7051 7054
8160 7035 7416
8160 7416 7415
7052 7031 7029
7052 7029 7048
7047 7069 7072
7047 7072 7046
8161 7447 8162
8161 8162 8163
8164 7448 7451
8164 7451 7062
7074 7452 7453
7074 7453 7075
8163 8162 8165
8163 8165 8166
6813 7324 7323
6813 7323 6814
7343 7342 8167
7343 8167 8168
7347 7346 8169
7347 8169 8170
7436 7348 7351
7436 7351 7437
7353 7352 7432
7353 7432 7431
7356 7355 7439
7356 7439 7438
7358 7357 7442
7358 7442 7441
6892 6895 8171
6892 8171 8059
7486 7351 7350
7435 7434 7486
7435 7486 8122
7486 7350 7487
8123 6757 6756
8123 6756 8124
8127 6810 6809
8127 6809 8128
6840 6839 8130
6840 8130 8129
6773 8125 8126
6773 8126 6771
8172 6960 6958
8172 6958 6953
7394 7406 6951
7394 6951 6957
8172 6953 6946
8172 6946 6945
6943 6946 6952
6943 6952 6975
8173 6874 6882
7460 6894 6893
7460 6893 7461
6919 6918 8133
6919 8133 8132
8173 6882 6881
6874 6873 8174
8174 6873 7459
6882 6874 8174
6872 6874 8173
7036 7035 8160
7036 8160 7418
7040 7039 7419
7040 7419 8175
7062 7061 8176
7062 8176 8164
7061 7064 7444
7061 7444 8176
7068 7067 8054
7068 8054 8177
7450 8157 8178
7417 7416 8158
7036 7039 7038
7036 7038 7033
7445 7064 7063
7445 7063 8053
7451 7450 8178
7445 7067 7066
7445 7066 7443
7414 7417 7450
7414 7450 7449
7416 7035 8159
7062 7451 8179
7062 8179 7059
7041 7040 8175
8137 6854 6853
8137 6853 6847
6850 8136 6853
6850 6853 6851
8139 8138 6856
8139 6856 6855
6907 8140 8141
6907 8141 6908
8138 8142 6922
8138 6922 6856
8180 8181 8182
8182 8181 8183
7140 7139 7462
7140 7462 7146
6963 7407 7365
6971 6970 7369
6971 7369 7368
6942 6941 6944
6942 6944 6943
8184 8185 8186
8184 8186 8187
8188 8189 8190
8188 8190 8191
8192 8184 8187
8192 8187 8193
8194 8195 8196
8194 8196 8197
8187 8186 8198
8190 8189 8199
8193 8187 8198
8196 8195 8200
8184 6930 6933
8184 6933 8185
6973 6972 8188
6973 8188 8191
8192 7410 6930
8192 6930 8184
7412 7411 8194
7412 8194 8197
7111 7110 7107
7111 7107 7106
8201 7142 7100
8201 7100 7099
7117 7113 7112
7117 7112 7118
7115 7114 8202
7115 8202 8203
7135 7136 7132
7135 7132 7131
7099 7113 7148
7099 7148 8201
7143 7116 7119
7143 7119 8204
7134 7133 8205
7134 8205 8206
7117 7116 7145
7117 7145 7147
7103 7101 7100
7103 7100 7104
7140 7143 8204
7140 8204 7137
8206 8205 8207
8206 8207 8208
8209 8210 8211
8209 8211 8212
7156 7155 8213
7156 8213 8214
7189 7163 7162
7189 7162 7186
7176 7164 7167
7176 7167 8215
7175 7174 7164
7175 7164 7176
7236 7235 8216
7236 8216 8217
7171 7170 8214
7171 8214 8213
7178 7177 7185
7178 7185 7198
8215 7183 7177
8215 7177 7176
7193 7188 7187
7193 7187 7190
7228 7227 8217
7228 8217 8216
8218 8219 8220
8218 8220 8221
8081 8080 7455
8081 7455 7454
8222 8223 6775
8222 6775 6774
8224 8225 8226
8224 8226 8227
8226 8228 8227
6784 6783 8219
6784 8219 8218
8221 8220 8229
8221 8229 8230
8231 8232 8225
8231 8225 8224
8230 8229 8223
8230 8223 8222
8233 6838 6837
8131 8125 6773
8131 6773 8234
6758 8235 6755
6772 8234 6773
7085 7088 7089
7085 7089 7092
8236 7084 7083
8236 7083 8237
7086 8236 8237
7086 8237 7087
7256 7257 8238
8239 7248 7250
8239 7250 8240
8241 7260 7248
8241 7248 8239
7265 8241 8239
7265 8239 7267
7261 8242 8241
7261 8241 7265
7264 8243 8242
7264 8242 7261
7247 7260 8244
7247 8244 7258
7279 7278 7386
7279 7386 7385
7296 7295 8245
7296 8245 8246
8246 8245 8247
8246 8247 8248
7267 8239 8240
7267 8240 7301
7258 8244 8249
7258 8249 7304
7260 8241 8242
7260 8242 8244
8244 8242 8243
8244 8243 8249
7251 7252 7255
7251 7255 7254
7259 7257 7252
7259 7252 7244
7286 7281 7280
7286 7280 7287
7291 7290 7298
7291 7298 7297
7245 7251 7300
7245 7300 7299
7259 7303 8238
7259 8238 7257
8250 8251 8252
8250 8252 8253
8253 8252 8254
8253 8254 8255
8256 8257 8258
8256 8258 8259
8260 8261 8262
8260 8262 8263
8264 8265 8266
8264 8266 8267
8268 8264 8267
8268 8267 8269
8268 8269 7397
8268 7397 7396
8270 8271 8272
8270 8272 8273
8273 8272 8261
8273 8261 8260
8265 8255 8254
8265 8254 8266
8274 8275 8251
8274 8251 8250
8276 8277 8257
8276 8257 8256
8263 8262 8277
8263 8277 8276
8278 8279 8271
8278 8271 8270
7081 8280 8281
7081 8281 7082
8280 8282 8281
8283 8284 8275
8283 8275 8274
8259 8258 8285
8259 8285 8286
8287 8285 8288
8286 8285 8287
7433 7393 7413
7382 7262 7266
7382 7266 8183
7266 8182 8183
7266 7268 8182
6936 6935 6947
8231 8289 8290
8231 8290 8232
8167 8291 8292
8167 8292 8168
8289 8293 8294
8289 8294 8290
8291 8295 8296
8291 8296 8292
8297 7328 7327
8134 7361 8135
8298 8299 8300
8297 7327 8300
8297 8300 8299
8293 8301 8294
8295 8302 8296
6938 6937 8303
6937 8304 8303
7209 7213 7210
8277 8305 8306
8277 8306 8257
8262 8307 8305
8262 8305 8277
8308 8309 8261
8308 8261 8272
8310 8308 8272
8310 8272 8271
8279 8311 8310
8279 8310 8271
8309 8307 8262
8309 8262 8261
8257 8306 8312
8257 8312 8258
8258 8312 8288
8258 8288 8285
8313 8284 8283
6934 7392 6926
6934 6926 6929
7400 7401 7214
7400 7214 7217
7238 7403 7402
7238 7402 7239
7181 7399 7398
7181 7398 7182
7272 7405 7404
7272 7404 7269
6916 6925 6867
7126 7130 7129
7126 7129 7124
8210 8209 8314
8210 8314 8315
8315 8314 8203
8315 8203 8202
7388 8316 7160
7388 7160 7194
8248 8247 8317
8248 8317 8318
8248 8318 8319
8320 8181 8180
7268 7302 8321
8321 8182 7268
6936 6947 6950
8322 8319 8318
7019 7016 7017
7019 7017 7020
7982 7979 7978
6737 8094 6746
6915 7461 6909
8174 8153 6882
7459 7458 8323
8174 7459 8153
7459 8323 8153
6876 6873 6872
6875 6873 6876
7459 6873 6875
7058 8161 8155
7058 7447 8161
8157 7417 8324
7417 8158 8324
8159 7035 7034
7451 8178 8179
7724 8071 8070
7724 8070 7725
7737 8074 8073
7737 8073 7736
7903 8077 8076
7903 8076 7901
7045 8325 7042
7060 7064 7061
7886 8326 8327
7886 8327 7885
8326 8328 8329
8326 8329 8327
8328 8330 8329
8049 8331 8048
8332 8333 8334
8334 8333 7941
8334 7941 7940
7941 8333 7947
7941 7947 8118
8335 7775 7774
7777 7776 8065
7777 8065 8064
7675 8061 8062
7675 8062 7676
8063 8061 7675
8063 7675 7678
7790 8066 8067
7790 8067 7791
8069 8068 7975
8069 7975 7977
7615 8100 8095
7002 7003 7354
8336 8337 8338
7362 6782 6781
6686 6685 8031
6686 8031 8030
7468 7068 8177
6892 8059 8058
7474 6722 8339
8023 7474 8339
6870 6845 8340
6870 6846 6845
7543 7542 8051
7308 7309 7421
7690 7701 7699
8341 8342 8343
8341 8343 8344
8345 8341 8344
8345 8344 8346
8344 8343 8347
8344 8347 8348
8346 8344 8348
8346 8348 8349
8348 8347 8350
8348 8350 8351
8349 8348 8351
8349 8351 8352
8353 8354 8355
8353 8355 8356
8357 8353 8356
8357 8356 8358
8356 8355 8359
8356 8359 8360
8358 8356 8360
8358 8360 8361
8360 8359 8362
8360 8362 8363
8361 8360 8363
8361 8363 8364
8363 8362 8365
8363 8365 8366
8367 8368 8369
8367 8369 8370
8364 8363 8366
8364 8366 8371
8366 8372 8373
8371 8366 8373
8371 8373 8374
8368 8375 8376
8368 8376 8369
8374 8373 8377
8374 8377 8378
8377 8379 8380
8377 8380 8381
8378 8377 8381
8378 8381 8382
8381 8380 8375
8381 8375 8368
8382 8381 8368
8382 8368 8367
8383 8384 8385
8386 8384 8383
8387 8388 8389
8388 8390 8389
8391 8392 8393
8391 8393 8394
8395 8396 8397
8395 8397 8398
8392 8399 8400
8392 8400 8393
8401 8395 8398
8401 8398 8402
8398 8397 8403
8398 8403 8404
8402 8398 8404
8402 8404 8405
8404 8403 8399
8404 8399 8392
8405 8404 8392
8405 8392 8391
8372 8366 8365
8372 8365 8406
8385 8342 8341
8385 8341 8383
8383 8341 8345
8383 8345 8386
8379 8377 8373
8379 8373 8407
8408 8370 8369
8408 8369 8409
8410 8409 8369
8410 8369 8376
8411 8412 8409
8411 8409 8410
8413 8414 8415
8413 8415 8416
8415 8414 8417
8415 8417 8418
8418 8417 8419
8418 8419 8420
8421 8420 8419
8421 8419 8422
8423 8424 8425
8394 8393 8426
8394 8426 8427
8393 8400 8428
8393 8428 8426
8429 8413 8416
8429 8416 8430
8431 8412 8411
8432 8433 8434
8432 8434 8435
8436 8437 8438
8436 8438 8439
8440 8441 8442
8440 8442 8443
8443 8442 8444
8445 8446 8447
8445 8447 8448
8449 8450 8451
8449 8451 8452
8453 8454 8450
8453 8450 8449
8455 8456 8457
8455 8457 8458
8448 8447 8456
8448 8456 8455
8459 8460 8433
8459 8433 8432
8439 8438 8460
8439 8460 8459
8458 8457 8437
8458 8437 8436
8452 8451 8441
8452 8441 8440
8461 8462 8463
8463 8462 8464
8463 8464 8465
8465 8464 8466
8465 8466 8467
8467 8466 8446
8467 8446 8445
8468 8469 8470
8468 8470 8471
8472 8473 8474
8469 8475 8476
8469 8476 8470
8475 8474 8473
8475 8473 8476
8477 8468 8471
8477 8471 8478
8479 8477 8478
8479 8478 8480
8481 8479 8480
8481 8480 8482
8483 8484 8485
8483 8485 8486
8487 8488 8489
8490 8491 8488
8490 8488 8487
8492 8493 8491
8492 8491 8490
8494 8495 8496
8494 8496 8497
8498 8499 8495
8498 8495 8494
8500 8484 8483
8500 8483 8501
8502 8500 8501
8502 8501 8503
8504 8502 8503
8504 8503 8505
8504 8505 8481
8504 8481 8482
8387 8427 8426
8387 8426 8388
8388 8426 8428
8388 8428 8390
8425 8429 8430
8425 8430 8423
8431 8506 8412
8412 8506 8408
8412 8408 8409
7512 7551 7550
