byte offset: 0
first index: 52734
index count: 10416
topology: trianglelist
format: DXGI_FORMAT_R16_UINT

13640 13641 13642
13640 13642 13643
13644 13645 13641
13644 13641 13640
13646 13647 13648
13646 13648 13649
13650 13651 13646
13650 13646 13649
13643 13642 13651
13643 13651 13650
13652 13653 13654
13652 13654 13655
13656 13657 13658
13656 13658 13659
13660 13661 13653
13660 13653 13652
13656 13662 13663
13656 13663 13657
13664 13665 13666
13664 13666 13667
13668 13664 13667
13668 13667 13669
13670 13671 13672
13670 13672 13673
13674 13671 13670
13674 13670 13675
13665 13674 13675
13665 13675 13666
13676 13677 13678
13676 13678 13679
13680 13681 13682
13680 13682 13683
13684 13676 13679
13684 13679 13685
13680 13683 13686
13680 13686 13687
13688 13689 13690
13688 13690 13691
13692 13693 13694
13692 13694 13695
13696 13697 13698
13696 13698 13699
13700 13701 13702
13700 13702 13703
13704 13705 13706
13704 13706 13707
13708 13709 13710
13708 13710 13711
13712 13713 13709
13712 13709 13708
13714 13715 13713
13714 13713 13712
13716 13715 13714
13716 13714 13717
13718 13719 13720
13718 13720 13721
13722 13723 13724
13725 13726 13727
13728 13729 13730
13728 13730 13731
13732 13733 13734
13732 13734 13735
13736 13737 13738
13736 13738 13739
13740 13741 13742
13740 13742 13743
13744 13745 13746
13744 13746 13747
13748 13749 13750
13748 13750 13751
13752 13753 13754
13752 13754 13755
13756 13757 13758
13756 13758 13759
13760 13761 13762
13760 13762 13763
13764 13765 13766
13764 13766 13767
13768 13769 13696
13717 13770 13771
13717 13771 13716
13772 13773 13774
13772 13774 13775
13776 13777 13778
13776 13778 13779
13780 13781 13782
13780 13782 13783
13784 13785 13786
13784 13786 13787
13788 13789 13790
13788 13790 13791
13792 13793 13794
13792 13794 13795
13796 13797 13798
13796 13798 13799
13800 13801 13802
13800 13802 13803
13804 13805 13806
13804 13806 13807
13808 13809 13810
13811 13812 13813
13814 13815 13816
13817 13818 13819
13817 13819 13820
13821 13822 13823
13809 13808 13824
13813 13812 13825
13813 13825 13826
13827 13810 13809
13827 13809 13828
13823 13822 13829
13830 13831 13832
13830 13832 13833
13834 13835 13836
13834 13836 13837
13838 13839 13840
13838 13840 13841
13842 13843 13844
13842 13844 13845
13846 13847 13848
13846 13848 13849
13850 13851 13852
13853 13854 13855
13853 13855 13856
13857 13858 13859
13857 13859 13860
13861 13862 13863
13861 13863 13864
13865 13866 13867
13865 13867 13868
13869 13870 13871
13869 13871 13872
13873 13874 13875
13873 13875 13876
13877 13878 13879
13877 13879 13880
13881 13882 13883
13881 13883 13884
13885 13886 13887
13885 13887 13888
13889 13890 13891
13889 13891 13892
13893 13894 13895
13893 13895 13896
13897 13898 13899
13900 13901 13902
13900 13902 13903
13904 13905 13906
13904 13906 13907
13908 13909 13910
13908 13910 13911
13912 13913 13914
13912 13914 13915
13916 13917 13918
13916 13918 13919
13901 13691 13690
13901 13690 13902
13854 13745 13744
13854 13744 13855
13867 13752 13836
13867 13836 13877
13878 13835 13762
13878 13762 13889
13912 13902 13690
13912 13690 13694
13693 13913 13912
13693 13912 13694
13890 13889 13762
13890 13762 13761
13693 13920 13824
13693 13824 13913
13855 13744 13753
13855 13753 13866
13725 13898 13897
13725 13897 13726
13921 13922 13923
13921 13923 13924
13925 13926 13927
13925 13927 13928
13929 13930 13931
13929 13931 13932
13933 13934 13935
13933 13935 13936
13937 13938 13939
13937 13939 13940
13941 13942 13943
13941 13943 13944
13945 13946 13947
13945 13947 13948
13949 13950 13951
13949 13951 13952
13722 13851 13850
13722 13850 13723
13877 13836 13835
13877 13835 13878
13953 13954 13955
13953 13955 13956
13866 13753 13752
13866 13752 13867
13957 13958 13959
13957 13959 13960
13961 13962 13963
13961 13963 13964
13965 13769 13890
13965 13890 13761
13966 13967 13968
13966 13968 13969
13970 13971 13972
13970 13972 13973
13974 13975 13976
13974 13976 13977
13697 13965 13978
13697 13769 13965
13696 13769 13697
13809 13920 13979
13809 13824 13920
13824 13808 13980
13981 13982 13983
13981 13983 13984
13985 13982 13986
13987 13988 13989
13987 13989 13990
13991 13992 13993
13994 13995 13996
13997 13998 13999
13997 13999 14000
13999 14001 14000
13994 14002 14003
14000 14004 14005
14006 13994 14003
14007 14004 14008
14007 14008 14009
14010 14011 13991
14012 13984 14013
14006 13981 13984
14004 13986 14008
13988 13986 14004
14014 14015 14016
14014 14016 14017
14018 14014 14017
14018 14017 14019
13994 13984 14012
14019 14017 14020
14019 14020 14021
13983 14022 14013
13983 14013 13984
14023 14024 14025
14001 13989 13988
14008 13981 14006
14023 14019 14021
14023 14021 14024
14020 14017 14026
13999 13998 14011
14010 14001 13999
14001 14027 13989
14009 14008 14006
14009 14006 14028
13987 13985 13986
13987 13986 13988
14029 14027 14010
14029 14010 13991
13988 14000 14001
14027 14029 14030
13992 13991 14031
13992 14031 14032
14033 14034 14035
14033 14035 14036
14036 14037 14038
14036 14038 14033
14039 14040 14041
14039 14041 14042
14043 14041 14040
14043 14040 14044
14045 14046 14047
14045 14047 14048
14046 14045 14036
14046 14036 14035
14047 14043 14044
14047 14044 14048
14049 14050 14044
14049 14044 14040
14045 14048 14051
14045 14051 14052
14037 14036 14045
14037 14045 14052
14050 14051 14048
14050 14048 14044
14053 14054 14055
14053 14055 14056
14057 14056 14055
14057 14055 14058
14059 14049 14040
14059 14040 14039
14054 14053 14049
14054 14049 14059
14053 14050 14049
14053 14056 14051
14053 14051 14050
14052 14051 14056
14052 14056 14057
14037 14052 14057
14058 14038 14037
14058 14037 14057
14060 14029 13993
14060 13993 14061
14060 14030 14029
14014 14039 14042
14014 14042 14015
14034 14033 13992
14034 13992 14032
13993 13992 14033
13993 14033 14038
14039 14014 14018
14039 14018 14059
13989 14027 14030
14062 13990 13989
14062 13989 14030
14063 13987 13990
14063 13990 14064
14065 13985 13987
14065 13987 14063
14066 13982 13985
14066 13985 14065
14066 14067 13982
14018 14019 14068
14018 14068 14069
14019 14070 14068
14023 14071 14070
14023 14070 14019
13990 14062 14072
13990 14072 14064
13983 14067 14073
13983 14073 14022
14025 14074 14075
14025 14075 14071
14075 14076 14077
14055 14078 14061
14055 14061 14058
14054 14069 14078
14054 14078 14055
14079 14080 14081
14079 14081 14082
14083 14079 14082
14083 14082 14084
14083 14084 14085
14083 14085 14086
14086 14085 14087
14086 14087 14088
14089 14090 14081
14089 14081 14080
14091 14092 14093
14091 14093 14094
14095 14088 14087
14095 14087 14096
14095 14096 14097
14095 14097 14098
14099 14100 14101
14099 14101 14102
14103 14104 14105
14106 14099 14102
14106 14102 14107
13994 13996 14002
13994 14012 13995
13999 14011 14010
14027 14001 14010
14069 14068 14108
14069 14108 14078
14070 14109 14108
14070 14108 14068
14078 14108 14060
14078 14060 14061
14108 14109 14030
14108 14030 14060
14070 14071 14110
14071 14077 14111
14071 14111 14110
14112 14110 14111
14112 14111 14113
14112 14113 14114
14112 14114 14062
14115 14111 14116
14117 14113 14111
14113 14117 14118
14114 14113 14119
14120 14121 14122
14120 14122 14123
14124 14125 14126
14123 14122 14127
14123 14127 14128
14129 14128 14127
14129 14127 14130
14131 14132 14133
14134 14129 14130
14134 14130 14135
14109 14110 14112
14110 14109 14070
14030 14112 14062
14112 14030 14109
14061 14038 14058
14061 13993 14038
14018 14069 14059
14059 14069 14054
14136 14034 14032
14136 14032 14137
14003 14002 14138
13998 14139 14140
14031 14011 14141
14031 14141 14142
14016 14015 14143
14016 14143 14144
14145 14026 14016
14145 14016 14144
14032 14031 14142
14032 14142 14137
14146 14035 14034
14146 14034 14136
14042 14041 14147
14042 14147 14148
14041 14043 14149
14041 14149 14147
14150 14047 14046
14150 14046 14151
14151 14046 14035
14151 14035 14146
14015 14042 14148
14015 14148 14143
14011 13998 14140
14011 14140 14141
14138 14002 13996
14138 13996 14152
14043 14047 14150
14043 14150 14149
14153 14154 14155
14153 14155 14156
14157 14158 14159
14160 14161 14162
14160 14162 14163
14164 14165 14166
14164 14166 14167
14165 14168 14169
14155 14170 14156
14171 14172 14157
14171 14157 14159
14173 14174 14175
14173 14175 14176
14169 14168 14177
14178 14154 14153
14178 14153 14179
14173 14161 14180
14181 14182 14183
14181 14184 14185
14184 14186 14187
14188 14189 14190
14189 14191 14192
14186 14188 14193
14191 14176 14194
14195 14196 14197
14195 14197 14198
14198 14197 14199
14198 14199 14200
14201 14202 14203
14201 14203 14204
14177 14168 14205
14171 14206 14207
14171 14207 14172
14208 14209 14210
14208 14210 14211
14193 14188 14212
14213 14206 14171
14213 14171 14214
14211 14210 14215
14216 14153 14217
14217 14153 14156
14217 14156 14218
14219 14179 14220
14221 14156 14210
14221 14210 14209
14171 14159 14222
14171 14222 14214
14223 14224 14225
14174 14173 14180
14176 14175 14226
14191 14227 14192
14189 14228 14190
14188 14190 14212
14186 14193 14187
14184 14229 14230
14165 14169 14166
14156 14170 14210
14215 14210 14170
14181 14185 14231
14182 14181 14231
14205 14181 14183
14156 14221 14218
14159 14219 14232
14219 14159 14179
14222 14159 14232
14227 14191 14194
14228 14189 14192
14229 14184 14187
14176 14233 14194
14233 14176 14226
14234 14235 14236
14237 14238 14239
14237 14239 14240
14236 14241 14242
14241 14238 14237
14243 14244 14245
14243 14245 14246
14247 14248 14249
14247 14249 14250
14251 14252 14253
14251 14253 14254
14255 14256 14257
14255 14257 14258
14250 14249 14259
14250 14259 14260
14244 14254 14253
14244 14253 14245
14260 14259 14257
14260 14257 14256
14261 14262 14263
14000 14005 13997
14264 14265 14266
14264 14266 14267
14268 14262 14261
13998 13997 14139
13997 14005 14269
13997 14269 14139
14179 14159 14158
14185 14184 14230
14205 14168 14181
14005 14004 14007
14003 14138 14270
14180 14161 14160
14006 13984 13994
13988 14004 14000
14026 14017 14016
13991 13993 14029
13991 14011 14031
14008 13986 13981
14271 14272 14273
14273 14272 14274
14274 14272 14275
14275 14272 14276
14277 14272 14271
14276 14272 14278
14278 14272 14279
14279 14272 14280
14280 14272 14281
14116 14111 14077
14119 14113 14118
14282 14283 14272
14284 14285 14282
14284 14272 14277
14075 14077 14071
14283 14282 14286
14283 14286 14287
14282 14288 14286
14282 14289 14288
14282 14285 14289
14272 14283 14281
14290 14291 14292
14290 14292 14293
14294 14295 14296
14294 14296 14297
14298 14299 14300
14298 14300 14301
13811 14302 13812
14303 14304 14216
14305 14224 14306
14179 14158 14178
14234 14236 14242
13821 13823 14307
14241 14237 14242
14023 14025 14071
13982 14067 13983
14022 14073 14308
14309 14310 14153
14311 14225 14224
14312 14220 14179
14309 14153 14304
14312 14179 14310
14153 14310 14179
14219 14220 14313
14216 14304 14153
14311 14224 14314
14224 13816 13815
14224 14305 13816
14306 14224 14223
13814 13816 14315
14314 13814 14316
14317 14318 14319
14317 14319 14320
14321 14322 14323
14321 14323 14324
14325 14326 14327
14325 14327 14328
14329 14330 14331
14329 14331 14332
14333 14334 14335
14333 14335 14336
14337 14338 14339
14337 14339 14340
14341 14342 14343
14341 14343 14344
14345 14346 14347
14345 14347 14348
14349 14350 14351
14349 14351 14352
14284 14282 14272
14224 13815 14314
13815 13814 14314
14006 14003 14028
14117 14111 14115
14353 14354 14355
14353 14355 14356
14357 14358 14359
14357 14359 14360
14361 14362 14363
14361 14363 14364
14365 14366 14367
14365 14367 14368
14369 14370 14371
14369 14371 14372
14373 14374 14375
14373 14375 14376
14377 14373 14376
14377 14376 14378
14379 14377 14378
14379 14378 14380
14381 14382 14379
14381 14379 14380
14383 14384 14385
14383 14385 14386
14387 14388 14389
14390 14391 14392
14393 14394 14395
14393 14395 14396
14397 14398 14399
14397 14399 14400
14401 14402 14403
14401 14403 14404
14405 14406 14407
14405 14407 14408
14409 14410 14411
14409 14411 14412
14413 14414 14415
14413 14415 14416
14417 14418 14419
14417 14419 14420
14421 14422 14423
14421 14423 14424
14425 14426 14427
14425 14427 14428
14429 14430 14431
14429 14431 14432
14433 14361 14434
14382 14381 14435
14382 14435 14436
14437 14438 14439
14437 14439 14440
14441 14442 14443
14441 14443 14444
14445 14446 14447
14445 14447 14448
14449 14450 14451
14449 14451 14452
14453 14454 14455
14453 14455 14456
14457 14458 14459
14457 14459 14460
14461 14462 14463
14461 14463 14464
14465 14466 14467
14465 14467 14468
14469 14470 14471
14469 14471 14472
14473 14474 14475
14476 14477 14478
14479 14480 14481
14482 14483 14484
14482 14484 14485
14486 14487 14488
14475 14489 14473
14477 14490 14491
14477 14491 14478
14492 14493 14475
14492 14475 14474
14487 14494 14488
14495 14496 14497
14495 14497 14498
14499 14500 14501
14499 14501 14502
14503 14504 14505
14503 14505 14506
14507 14508 14509
14507 14509 14510
14511 14512 14513
14511 14513 14514
14515 14516 14517
14518 14519 14520
14518 14520 14521
14522 14523 14524
14522 14524 14525
14526 14527 14528
14526 14528 14529
14530 14531 14532
14530 14532 14533
14534 14535 14536
14534 14536 14537
14538 14539 14540
14538 14540 14541
14542 14543 14544
14542 14544 14545
14546 14547 14548
14546 14548 14549
14550 14551 14552
14550 14552 14553
14554 14555 14556
14554 14556 14557
14558 14559 14560
14558 14560 14561
14562 14563 14564
14565 14566 14567
14565 14567 14568
14569 14570 14571
14569 14571 14572
14573 14574 14575
14573 14575 14576
14577 14578 14579
14577 14579 14580
14581 14582 14583
14581 14583 14584
14568 14567 14355
14568 14355 14354
14521 14520 14409
14521 14409 14412
14532 14542 14501
14532 14501 14417
14545 14554 14427
14545 14427 14502
14577 14359 14355
14577 14355 14567
14360 14359 14577
14360 14577 14580
14557 14428 14427
14557 14427 14554
14360 14580 14489
14360 14489 14585
14520 14533 14420
14520 14420 14409
14390 14392 14562
14390 14562 14564
14586 14587 14588
14586 14588 14589
14590 14591 14592
14590 14592 14593
14594 14595 14596
14594 14596 14597
14598 14599 14600
14598 14600 14601
14602 14603 14604
14602 14604 14605
14606 14607 14608
14606 14608 14609
14610 14611 14612
14610 14612 14613
14614 14615 14616
14614 14616 14617
14387 14389 14515
14387 14515 14517
14542 14545 14502
14542 14502 14501
14618 14619 14620
14618 14620 14621
14533 14532 14417
14533 14417 14420
14622 14623 14624
14622 14624 14625
14626 14627 14628
14626 14628 14629
14630 14428 14557
14630 14557 14434
14631 14632 14633
14631 14633 14634
14635 14636 14637
14635 14637 14638
14639 14640 14641
14639 14641 14642
14364 14643 14630
14364 14630 14434
14361 14364 14434
14475 14644 14585
14475 14585 14489
14489 14645 14473
14646 14647 14648
14646 14648 14649
14650 14651 14649
14652 14653 14654
14652 14654 14655
14656 14657 14658
14659 14660 14661
14662 14663 14664
14662 14664 14665
14664 14663 14666
14659 14667 14668
14663 14669 14670
14671 14667 14659
14672 14673 14674
14672 14674 14670
14675 14656 14676
14677 14678 14647
14671 14647 14646
14670 14674 14651
14655 14670 14651
14679 14680 14681
14679 14681 14682
14683 14684 14680
14683 14680 14679
14659 14677 14647
14684 14685 14686
14684 14686 14680
14648 14647 14678
14648 14678 14687
14688 14689 14690
14666 14655 14654
14674 14671 14646
14688 14690 14685
14688 14685 14684
14686 14691 14680
14664 14676 14665
14675 14664 14666
14666 14654 14692
14673 14693 14671
14673 14671 14674
14652 14655 14651
14652 14651 14650
14694 14656 14675
14694 14675 14692
14655 14666 14663
14692 14695 14694
14658 14696 14697
14658 14697 14656
14698 14699 14700
14698 14700 14701
14699 14698 14702
14699 14702 14703
14704 14705 14706
14704 14706 14707
14708 14709 14707
14708 14707 14706
14710 14711 14712
14710 14712 14713
14713 14700 14699
14713 14699 14710
14712 14711 14709
14712 14709 14708
14714 14707 14709
14714 14709 14715
14710 14716 14717
14710 14717 14711
14703 14716 14710
14703 14710 14699
14715 14709 14711
14715 14711 14717
14718 14719 14720
14718 14720 14721
14722 14723 14720
14722 14720 14719
14724 14704 14707
14724 14707 14714
14721 14724 14714
14721 14714 14718
14718 14714 14715
14718 14715 14717
14718 14717 14719
14716 14722 14719
14716 14719 14717
14703 14722 14716
14723 14722 14703
14723 14703 14702
14725 14726 14657
14725 14657 14694
14725 14694 14695
14679 14682 14705
14679 14705 14704
14701 14696 14658
14701 14658 14698
14657 14702 14698
14657 14698 14658
14704 14724 14683
14704 14683 14679
14654 14695 14692
14727 14695 14654
14727 14654 14653
14728 14729 14653
14728 14653 14652
14730 14728 14652
14730 14652 14650
14731 14730 14650
14731 14650 14649
14731 14649 14732
14683 14733 14734
14683 14734 14684
14684 14734 14735
14688 14735 14736
14688 14684 14735
14653 14729 14737
14653 14737 14727
14648 14738 14732
14648 14687 14738
14689 14736 14739
14689 14739 14740
14739 14741 14742
14720 14723 14726
14720 14726 14743
14721 14720 14743
14721 14743 14733
14744 14745 14746
14744 14746 14747
14748 14749 14745
14748 14745 14744
14748 14750 14751
14748 14751 14749
14750 14752 14753
14750 14753 14751
14754 14747 14746
14754 14746 14755
14756 14757 14758
14756 14758 14759
14760 14761 14753
14760 14753 14752
14760 14762 14763
14760 14763 14761
14764 14765 14766
14764 14766 14767
14768 14769 14770
14771 14772 14765
14771 14765 14764
14659 14668 14660
14659 14661 14677
14664 14675 14676
14692 14675 14666
14733 14743 14773
14733 14773 14734
14735 14734 14773
14735 14773 14774
14743 14726 14725
14743 14725 14773
14773 14725 14695
14773 14695 14774
14735 14775 14736
14736 14775 14776
14736 14776 14741
14777 14778 14776
14777 14776 14775
14777 14727 14779
14777 14779 14778
14780 14781 14776
14782 14776 14778
14778 14783 14782
14779 14784 14778
14785 14786 14787
14785 14787 14788
14789 14790 14791
14786 14792 14793
14786 14793 14787
14794 14795 14793
14794 14793 14792
14796 14797 14798
14799 14800 14795
14799 14795 14794
14774 14777 14775
14775 14735 14774
14695 14727 14777
14777 14774 14695
14726 14723 14702
14726 14702 14657
14683 14724 14733
14724 14721 14733
14801 14802 14696
14801 14696 14701
14667 14803 14668
14665 14804 14805
14697 14806 14807
14697 14807 14676
14681 14808 14809
14681 14809 14682
14810 14808 14681
14810 14681 14691
14696 14802 14806
14696 14806 14697
14811 14801 14701
14811 14701 14700
14705 14812 14813
14705 14813 14706
14706 14813 14814
14706 14814 14708
14815 14816 14713
14815 14713 14712
14816 14811 14700
14816 14700 14713
14682 14809 14812
14682 14812 14705
14676 14807 14804
14676 14804 14665
14803 14817 14660
14803 14660 14668
14708 14814 14815
14708 14815 14712
14818 14819 14820
14818 14820 14821
14822 14823 14824
14825 14826 14827
14825 14827 14828
14829 14830 14831
14829 14831 14832
14832 14833 14834
14820 14819 14835
14836 14823 14822
14836 14822 14837
14838 14839 14840
14838 14840 14841
14833 14842 14834
14843 14844 14818
14843 14818 14821
14838 14845 14828
14846 14847 14848
14846 14849 14850
14850 14851 14852
14853 14854 14855
14855 14856 14857
14852 14858 14853
14857 14859 14839
14860 14861 14862
14860 14862 14863
14861 14864 14865
14861 14865 14862
14866 14867 14868
14866 14868 14869
14842 14870 14834
14836 14837 14871
14836 14871 14872
14873 14874 14875
14873 14875 14876
14858 14877 14853
14878 14879 14836
14878 14836 14872
14874 14880 14875
14881 14882 14818
14882 14883 14819
14882 14819 14818
14884 14885 14844
14886 14876 14875
14886 14875 14819
14836 14879 14887
14836 14887 14823
14888 14889 14890
14841 14845 14838
14839 14891 14840
14857 14856 14892
14855 14854 14893
14853 14877 14854
14852 14851 14858
14850 14894 14895
14832 14831 14833
14819 14875 14835
14880 14835 14875
14846 14896 14849
14848 14896 14846
14870 14847 14846
14819 14883 14886
14823 14897 14884
14884 14844 14823
14887 14897 14823
14892 14859 14857
14893 14856 14855
14895 14851 14850
14839 14859 14898
14898 14891 14839
14899 14900 14901
14902 14903 14904
14902 14904 14905
14900 14906 14907
14907 14902 14905
14908 14909 14910
14908 14910 14911
14912 14913 14914
14912 14914 14915
14916 14917 14918
14916 14918 14919
14920 14921 14922
14920 14922 14923
14913 14924 14925
14913 14925 14914
14911 14910 14918
14911 14918 14917
14924 14923 14922
14924 14922 14925
14926 14927 14928
14663 14662 14669
14929 14930 14931
14929 14931 14932
14933 14926 14928
14665 14805 14662
14662 14805 14934
14662 14934 14669
14844 14824 14823
14849 14894 14850
14870 14846 14834
14669 14672 14670
14667 14935 14803
14845 14825 14828
14671 14659 14647
14655 14663 14670
14691 14681 14680
14656 14694 14657
14656 14697 14676
14674 14646 14651
14936 14937 14938
14937 14939 14938
14939 14940 14938
14940 14941 14938
14942 14936 14938
14941 14943 14938
14943 14944 14938
14944 14945 14938
14945 14946 14938
14781 14741 14776
14784 14783 14778
14947 14938 14948
14949 14947 14950
14949 14942 14938
14739 14736 14741
14948 14951 14952
14948 14952 14947
14947 14952 14953
14947 14953 14954
14947 14954 14950
14938 14946 14948
14955 14956 14957
14955 14957 14958
14959 14960 14961
14959 14961 14962
14963 14964 14965
14963 14965 14966
14476 14478 14967
14968 14881 14969
14970 14971 14890
14844 14843 14824
14899 14906 14900
14486 14972 14487
14907 14906 14902
14688 14736 14689
14649 14648 14732
14687 14973 14738
14974 14818 14975
14976 14890 14889
14977 14844 14885
14974 14969 14818
14977 14975 14844
14818 14844 14975
14884 14978 14885
14881 14818 14969
14976 14979 14890
14890 14481 14480
14890 14480 14970
14971 14888 14890
14479 14980 14480
14979 14981 14479
14982 14983 14984
14982 14984 14985
14986 14987 14988
14986 14988 14989
14990 14991 14992
14990 14992 14993
14994 14995 14996
14994 14996 14997
14998 14999 15000
14998 15000 15001
15002 15003 15004
15002 15004 15005
15006 15007 15008
15006 15008 15009
15010 15011 15012
15010 15012 15013
15014 15015 15016
15014 15016 15017
14949 14938 14947
14890 14979 14481
14481 14979 14479
14671 14693 14667
14782 14780 14776
15018 15019 15020
15020 15021 15022
15020 15019 15021
15019 15023 15021
15022 15024 15025
15022 15021 15024
15021 15026 15024
15021 15023 15026
15023 15027 15026
15018 15028 15019
15019 15029 15023
15019 15028 15029
15028 15030 15029
15023 15031 15027
15023 15029 15031
15029 15032 15031
15029 15030 15032
15030 15033 15032
15034 15035 15036
15036 15037 15038
15036 15035 15037
15035 15039 15037
15038 15040 15041
15038 15037 15040
15037 15042 15040
15037 15039 15042
15039 15043 15042
15034 15044 15035
15035 15045 15039
15035 15044 15045
15044 15046 15045
15039 15047 15043
15039 15045 15047
15045 15048 15047
15045 15046 15048
15046 15049 15048
15050 15051 15052
15052 15053 15054
15052 15051 15053
15051 15055 15053
15054 15026 15027
15054 15053 15026
15053 15024 15026
15053 15055 15024
15055 15025 15024
15050 15052 15056
15056 15057 15058
15056 15052 15057
15052 15054 15057
15058 15032 15033
15058 15057 15032
15057 15031 15032
15057 15054 15031
15054 15027 15031
15059 15060 15061
15061 15062 15063
15061 15060 15062
15060 15064 15062
15063 15042 15043
15063 15062 15042
15062 15040 15042
15062 15064 15040
15064 15041 15040
15059 15061 15065
15065 15066 15067
15065 15061 15066
15061 15063 15066
15067 15048 15049
15067 15066 15048
15066 15047 15048
15066 15063 15047
15063 15043 15047
15068 15069 15070
15068 15070 15071
15072 15073 15074
15072 15074 15075
15076 15077 15078
15076 15078 15079
15080 15081 15082
15080 15082 15083
15084 15085 15086
15084 15086 15087
15088 15089 15090
15088 15090 15091
15092 15093 15094
15092 15094 15095
15096 15097 15098
15096 15098 15099
15100 15101 15102
15100 15102 15103
15104 15105 15106
15104 15106 15107
15108 15109 15110
15108 15110 15111
15112 15113 15114
15112 15114 15115
15116 15117 15118
15116 15118 15119
15120 15121 15122
15120 15122 15123
15124 15125 15126
15124 15126 15127
15128 15129 15130
15128 15130 15131
15132 15133 15134
15132 15134 15135
15136 15137 15138
15136 15138 15139
15140 15141 15142
15140 15142 15143
15144 15145 15146
15144 15146 15147
15148 15149 15150
15148 15150 15151
15152 15153 15154
15152 15154 15155
15156 15157 15158
15156 15158 15159
15160 15161 15162
15160 15162 15163
15164 15165 15166
15164 15166 15167
15168 15169 15170
15168 15170 15171
15172 15173 15174
15172 15174 15175
15176 15172 15175
15176 15175 15177
15176 15177 15178
15176 15178 15179
15179 15178 15180
15179 15180 15181
15182 15181 15180
15182 15180 15183
15184 15182 15183
15184 15183 15185
15184 15185 15186
15184 15186 15187
15188 15187 15186
15188 15186 15189
15173 15188 15189
15173 15189 15174
15190 15191 15169
15191 15192 15169
15192 15193 15194
15192 15194 15169
15168 15190 15169
15195 15196 15197
15198 15199 15200
15199 15201 15200
15201 15202 15200
15202 15203 15200
15204 15205 15197
15205 15206 15197
15206 15195 15197
15207 15208 15209
15210 15211 15212
15211 15213 15212
15213 15214 15212
15214 15215 15212
15216 15217 15209
15217 15218 15209
15218 15207 15209
15219 15220 15221
15222 15223 15224
15223 15225 15224
15225 15226 15224
15226 15227 15224
15228 15229 15221
15229 15230 15221
15230 15219 15221
15231 15232 15233
15234 15235 15236
15235 15237 15236
15237 15238 15236
15238 15239 15236
15240 15241 15233
15241 15242 15233
15242 15231 15233
15243 15244 15245
15246 15247 15248
15247 15249 15248
15249 15250 15248
15250 15251 15248
15252 15253 15245
15253 15254 15245
15254 15243 15245
15255 15256 15257
15257 15258 15259
15257 15259 15255
15260 15261 15262
15260 15262 15263
15255 15261 15264
15255 15264 15265
15255 15259 15262
15255 15262 15261
15266 15267 15268
15266 15268 15260
15269 15270 15267
15269 15267 15266
15266 15271 15272
15266 15272 15269
15269 15272 15273
15274 15275 15276
15274 15276 15277
15274 15278 15279
15274 15279 15275
15275 15279 15280
15275 15281 15276
15282 15283 15281
15282 15281 15275
15282 15280 15284
15285 15286 15283
15285 15283 15282
15285 15282 15284
15285 15284 15287
15288 15289 15286
15288 15286 15285
15285 15290 15288
15291 15292 15289
15291 15289 15288
15291 15293 15294
15291 15295 15296
15291 15296 15292
15291 15297 15295
15295 15298 15299
15295 15299 15296
15295 15300 15301
15295 15301 15298
15302 15303 15299
15302 15299 15298
15298 15301 15304
15305 15306 15307
15305 15307 15308
15308 15309 15310
15308 15310 15305
15308 15307 15311
15308 15311 15312
15313 15314 15305
15305 15310 15315
15305 15315 15313
15316 15317 15313
15316 15313 15315
15316 15315 15318
15257 15319 15320
15257 15316 15318
15257 15318 15258
15321 15322 15274
15321 15274 15277
15321 15277 15323
15324 15325 15326
15327 15328 15329
15327 15330 15331
15327 15331 15325
15327 15329 15332
15330 15333 15334
15330 15334 15331
15330 15335 15336
15333 15337 15334
15333 15338 15339
15333 15340 15341
15333 15341 15337
15340 15333 15339
15340 15339 15342
15340 15343 15344
15340 15344 15341
15340 15342 15345
15346 15347 15348
15346 15349 15270
15346 15270 15269
15350 15348 15351
15350 15351 15352
15348 15353 15349
15346 15269 15273
15346 15273 15347
15348 15349 15346
15350 15352 15354
15354 15355 15350
15348 15347 15351
15350 15355 15356
15261 15260 15268
15261 15268 15264
15312 15357 15309
15312 15309 15308
15358 15359 15344
15358 15344 15343
15343 15360 15361
15358 15362 15363
15358 15363 15359
15358 15364 15365
15358 15365 15362
15362 15365 15366
15367 15368 15369
15370 15371 15372
15370 15372 15367
15373 15374 15375
15373 15376 15377
15377 15378 15379
15377 15380 15381
15377 15381 15382
15382 15383 15384
15370 15385 15373
15386 15382 15387
15386 15387 15388
15386 15389 15383
15386 15383 15382
15390 15391 15392
15393 15394 15390
15386 15391 15390
15386 15395 15389
15367 15396 15362
15393 15390 15397
15390 15398 15395
15350 15356 15353
15350 15353 15348
15382 15381 15387
15382 15384 15378
15382 15378 15377
15377 15399 15380
15377 15379 15374
15377 15374 15373
15370 15375 15371
15373 15385 15376
15367 15362 15366
15367 15366 15368
15362 15396 15363
15290 15285 15287
15288 15290 15400
15293 15291 15288
15293 15288 15401
15297 15291 15294
15295 15297 15300
15305 15314 15306
15314 15313 15402
15313 15317 15402
15317 15316 15403
15316 15320 15403
15320 15316 15257
15257 15256 15319
15256 15255 15265
15266 15263 15271
15260 15263 15266
15343 15345 15360
15345 15343 15340
15358 15361 15364
15361 15358 15343
15302 15304 15404
15304 15302 15298
15335 15332 15405
15335 15405 15406
15406 15405 15407
15406 15407 15408
15409 15410 15411
15409 15411 15412
15411 15410 15413
15411 15413 15414
15415 15416 15401
15415 15401 15400
15367 15369 15417
15367 15417 15370
15330 15327 15332
15330 15332 15335
15330 15336 15338
15330 15338 15333
15401 15288 15400
15394 15398 15390
15390 15392 15397
15386 15388 15391
15386 15390 15395
15370 15417 15385
15370 15373 15375
15367 15372 15396
15327 15324 15328
15324 15327 15325
15322 15278 15274
15282 15275 15280
15418 15419 15420
15418 15420 15421
15377 15376 15399
15422 15423 15424
15422 15424 15425
15426 15427 15428
15426 15428 15429
15430 15426 15429
15430 15429 15431
15430 15431 15432
15430 15432 15433
15433 15432 15434
15433 15434 15435
15436 15435 15434
15436 15434 15437
15438 15436 15437
15438 15437 15439
15438 15439 15440
15438 15440 15441
15442 15441 15440
15442 15440 15443
15427 15442 15443
15427 15443 15428
15444 15445 15423
15445 15446 15423
15446 15447 15448
15446 15448 15423
15422 15444 15423
15449 15450 15451
15449 15451 15452
15453 15454 15455
15453 15455 15456
15457 15458 15454
15457 15454 15453
15457 15459 15460
15457 15460 15458
15459 15461 15462
15459 15462 15460
15463 15464 15462
15463 15462 15461
15465 15466 15464
15465 15464 15463
15465 15467 15468
15465 15468 15466
15469 15470 15468
15469 15468 15467
15456 15455 15470
15456 15470 15469
15471 15452 15472
15472 15452 15473
15473 15452 15474
15473 15474 15475
15449 15452 15471
15476 15477 15478
15476 15478 15479
15480 15481 15482
15480 15482 15483
15484 15485 15481
15484 15481 15480
15484 15486 15487
15484 15487 15485
15486 15488 15489
15486 15489 15487
15490 15491 15489
15490 15489 15488
15492 15493 15491
15492 15491 15490
15492 15494 15495
15492 15495 15493
15496 15497 15495
15496 15495 15494
15483 15482 15497
15483 15497 15496
15498 15479 15499
15499 15479 15500
15500 15479 15501
15500 15501 15502
15476 15479 15498
15503 15504 15505
15503 15505 15506
15506 15505 15507
15506 15507 15508
15509 15510 15511
15509 15511 15512
15509 15512 15513
15509 15513 15514
15514 15513 15515
15514 15515 15516
15517 15516 15515
15517 15515 15518
15519 15517 15518
15519 15518 15520
15521 15522 15523
15521 15523 15524
15525 15524 15523
15525 15523 15526
15503 15525 15526
15503 15526 15504
15527 15528 15529
15527 15529 15530
15530 15529 15531
15530 15531 15532
15533 15532 15531
15533 15531 15534
15535 15533 15534
15535 15534 15536
15537 15538 15539
15537 15539 15540
15541 15537 15540
15541 15540 15542
15541 15542 15543
15541 15543 15544
15545 15544 15543
15545 15543 15546
15547 15548 15549
15547 15549 15550
15527 15547 15550
15527 15550 15528
15551 15552 15553
15551 15553 15554
15555 15554 15553
15555 15553 15556
15557 15558 15559
15557 15559 15560
15561 15557 15560
15561 15560 15562
15561 15562 15563
15561 15563 15564
15564 15563 15565
15564 15565 15566
15566 15565 15567
15566 15567 15568
15569 15570 15571
15569 15571 15572
15573 15569 15572
15573 15572 15574
15551 15573 15574
15551 15574 15552
15575 15576 15577
15578 15575 15577
15579 15578 15577
15579 15577 15580
15580 15577 15581
15581 15577 15582
15583 15584 15577
15583 15577 15585
15585 15577 15586
15586 15577 15576
15521 15519 15520
15521 15520 15522
15538 15535 15536
15538 15536 15539
15568 15567 15571
15568 15571 15570
15584 15582 15577
15587 15588 15589
15590 15588 15587
15591 15588 15590
15592 15588 15591
15593 15588 15592
15594 15588 15593
15595 15588 15596
15597 15588 15595
15598 15588 15597
15589 15588 15598
15596 15588 15594
15599 15600 15601
15599 15601 15602
15602 15601 15603
15602 15603 15604
15605 15606 15607
15605 15607 15608
15607 15606 15609
15607 15609 15610
15610 15609 15600
15610 15600 15599
15611 15612 15613
15611 15613 15614
15615 15616 15617
15615 15617 15618
15614 15613 15619
15614 15619 15620
15621 15618 15617
15621 15617 15622
15623 15624 15625
15624 15626 15627
15624 15627 15625
15625 15627 15628
15626 15629 15630
15626 15630 15627
15627 15630 15631
15627 15631 15628
15628 15631 15632
15623 15625 15633
15625 15628 15634
15625 15634 15633
15633 15634 15635
15628 15632 15636
15628 15636 15634
15634 15636 15637
15634 15637 15635
15635 15637 15638
15639 15640 15641
15640 15642 15643
15640 15643 15641
15641 15643 15644
15642 15645 15646
15642 15646 15643
15643 15646 15647
15643 15647 15644
15644 15647 15648
15639 15641 15649
15641 15644 15650
15641 15650 15649
15649 15650 15651
15644 15648 15652
15644 15652 15650
15650 15652 15653
15650 15653 15651
15651 15653 15654
15655 15656 15657
15656 15658 15659
15656 15659 15657
15657 15659 15660
15658 15632 15631
15658 15631 15659
15659 15631 15630
15659 15630 15660
15660 15630 15629
15655 15661 15656
15661 15662 15663
15661 15663 15656
15656 15663 15658
15662 15638 15637
15662 15637 15663
15663 15637 15636
15663 15636 15658
15658 15636 15632
15664 15665 15666
15665 15667 15668
15665 15668 15666
15666 15668 15669
15667 15648 15647
15667 15647 15668
15668 15647 15646
15668 15646 15669
15669 15646 15645
15664 15670 15665
15670 15671 15672
15670 15672 15665
15665 15672 15667
15671 15654 15653
15671 15653 15672
15672 15653 15652
15672 15652 15667
15667 15652 15648
15673 15674 15675
15673 15675 15676
15677 15678 15679
15677 15679 15680
15681 15682 15683
15681 15683 15684
15685 15686 15687
15685 15687 15688
15689 15690 15691
15689 15691 15692
15693 15694 15695
15693 15695 15696
15697 15698 15699
15697 15699 15700
15701 15702 15703
15701 15703 15704
15705 15706 15707
15705 15707 15708
15709 15710 15711
15709 15711 15712
15713 15714 15715
15713 15715 15716
15717 15718 15719
15717 15719 15720
15721 15722 15723
15721 15723 15724
15725 15726 15727
15725 15727 15728
15729 15730 15731
15729 15731 15732
15733 15734 15735
15733 15735 15736
15737 15738 15739
15737 15739 15740
15741 15742 15743
15741 15743 15744
15745 15746 15747
15745 15747 15748
15749 15750 15751
15749 15751 15752
15753 15754 15755
15753 15755 15756
15757 15758 15759
15757 15759 15760
15761 15762 15763
15761 15763 15764
15765 15766 15767
15765 15767 15768
15769 15770 15771
15769 15771 15772
15773 15774 15775
15773 15775 15776
15777 15778 15779
15777 15779 15780
15781 15782 15778
15781 15778 15777
15781 15783 15784
15781 15784 15782
15783 15785 15786
15783 15786 15784
15787 15788 15786
15787 15786 15785
15789 15790 15788
15789 15788 15787
15789 15791 15792
15789 15792 15790
15793 15794 15792
15793 15792 15791
15780 15779 15794
15780 15794 15793
15795 15776 15796
15796 15776 15797
15797 15776 15798
15797 15798 15799
15773 15776 15795
15800 15801 15802
15803 15804 15805
15805 15804 15806
15806 15804 15807
15807 15804 15808
15809 15801 15810
15810 15801 15811
15811 15801 15800
15812 15813 15814
15815 15816 15817
15817 15816 15818
15818 15816 15819
15819 15816 15820
15821 15813 15822
15822 15813 15823
15823 15813 15812
15824 15825 15826
15827 15828 15829
15829 15828 15830
15830 15828 15831
15831 15828 15832
15833 15825 15834
15834 15825 15835
15835 15825 15824
15836 15837 15838
15839 15840 15841
15841 15840 15842
15842 15840 15843
15843 15840 15844
15845 15837 15846
15846 15837 15847
15847 15837 15836
15848 15849 15850
15851 15852 15853
15853 15852 15854
15854 15852 15855
15855 15852 15856
15857 15849 15858
15858 15849 15859
15859 15849 15848
15860 15861 15862
15861 15860 15863
15861 15863 15864
15865 15866 15867
15865 15867 15868
15860 15869 15870
15860 15870 15868
15860 15868 15867
15860 15867 15863
15871 15865 15872
15871 15872 15873
15874 15871 15873
15874 15873 15875
15871 15874 15876
15871 15876 15877
15874 15878 15876
15879 15880 15881
15879 15881 15882
15879 15882 15883
15879 15883 15884
15882 15885 15883
15882 15881 15886
15887 15882 15886
15887 15886 15888
15887 15889 15885
15890 15887 15888
15890 15888 15891
15890 15892 15889
15890 15889 15887
15893 15890 15891
15893 15891 15894
15890 15893 15895
15896 15893 15894
15896 15894 15897
15896 15898 15899
15896 15897 15900
15896 15900 15901
15896 15901 15902
15901 15900 15903
15901 15903 15904
15901 15904 15905
15901 15905 15906
15907 15904 15903
15907 15903 15908
15904 15909 15905
15910 15911 15912
15910 15912 15913
15911 15910 15914
15911 15914 15915
15911 15916 15917
15911 15917 15912
15918 15910 15919
15910 15918 15920
15910 15920 15914
15921 15918 15922
15921 15923 15920
15921 15920 15918
15861 15924 15925
15861 15864 15923
15861 15923 15921
15926 15879 15927
15926 15928 15880
15926 15880 15879
15929 15930 15931
15932 15933 15934
15932 15931 15935
15932 15935 15936
15932 15937 15933
15936 15935 15938
15936 15938 15939
15936 15940 15941
15939 15938 15942
15939 15943 15944
15939 15942 15945
15939 15945 15946
15946 15947 15943
15946 15943 15939
15946 15945 15948
15946 15948 15949
15946 15950 15947
15951 15952 15953
15951 15874 15875
15951 15875 15954
15955 15956 15957
15955 15957 15952
15952 15954 15958
15951 15953 15878
15951 15878 15874
15952 15951 15954
15955 15959 15956
15959 15955 15960
15952 15957 15953
15955 15961 15960
15868 15870 15872
15868 15872 15865
15916 15911 15915
15916 15915 15962
15963 15949 15948
15963 15948 15964
15949 15965 15966
15963 15964 15967
15963 15967 15968
15963 15968 15969
15963 15969 15970
15968 15971 15969
15972 15973 15974
15975 15972 15976
15975 15976 15977
15978 15979 15980
15978 15981 15982
15981 15983 15984
15981 15985 15986
15981 15986 15987
15985 15988 15989
15975 15978 15990
15991 15992 15993
15991 15993 15985
15991 15985 15989
15991 15989 15994
15995 15996 15997
15998 15995 15999
15991 15995 15997
15991 15994 16000
15972 15968 16001
15998 16002 15995
15995 16000 16003
15955 15952 15958
15955 15958 15961
15985 15993 15986
15985 15981 15984
15985 15984 15988
15981 15987 16004
15981 15978 15980
15981 15980 15983
15975 15977 15979
15978 15982 15990
15972 15974 15971
15972 15971 15968
15968 15967 16001
15895 15892 15890
15893 16005 15895
15899 15893 15896
15899 16006 15893
15902 15898 15896
15901 15906 15902
15910 15913 15919
15919 16007 15918
15918 16007 15922
15922 16008 15921
15921 16008 15924
15924 15861 15921
15861 15925 15862
15862 15869 15860
15871 15877 15866
15865 15871 15866
15949 15966 15950
15950 15946 15949
15963 15970 15965
15965 15949 15963
15907 16009 15909
15909 15904 15907
15941 16010 16011
15941 16011 15937
16010 16012 16013
16010 16013 16011
16014 16015 16016
16014 16016 16017
16016 16018 16019
16016 16019 16017
16020 16005 16006
16020 16006 16021
15972 15975 16022
15972 16022 15973
15936 15941 15937
15936 15937 15932
15936 15939 15944
15936 15944 15940
16006 16005 15893
15999 15995 16003
15995 16002 15996
15991 15997 15992
15991 16000 15995
15975 15990 16022
15975 15979 15978
15972 16001 15976
15932 15934 15929
15929 15931 15932
15927 15879 15884
15887 15885 15882
16023 16024 16025
16023 16025 16026
15981 16004 15982
16027 16028 16029
16027 16029 16030
16031 16032 16033
16031 16033 16034
16035 16036 16032
16035 16032 16031
16035 16037 16038
16035 16038 16036
16037 16039 16040
16037 16040 16038
16041 16042 16040
16041 16040 16039
16043 16044 16042
16043 16042 16041
16043 16045 16046
16043 16046 16044
16047 16048 16046
16047 16046 16045
16034 16033 16048
16034 16048 16047
16049 16030 16050
16050 16030 16051
16051 16030 16052
16051 16052 16053
16027 16030 16049
16054 16055 16056
16054 16056 16057
16058 16059 16060
16058 16060 16061
16062 16058 16061
16062 16061 16063
16062 16063 16064
16062 16064 16065
16065 16064 16066
16065 16066 16067
16068 16067 16066
16068 16066 16069
16070 16068 16069
16070 16069 16071
16070 16071 16072
16070 16072 16073
16074 16073 16072
16074 16072 16075
16059 16074 16075
16059 16075 16060
16076 16077 16055
16077 16078 16055
16078 16079 16080
16078 16080 16055
16054 16076 16055
16081 16082 16083
16081 16083 16084
16085 16086 16087
16085 16087 16088
16089 16085 16088
16089 16088 16090
16089 16090 16091
16089 16091 16092
16092 16091 16093
16092 16093 16094
16095 16094 16093
16095 16093 16096
16097 16095 16096
16097 16096 16098
16097 16098 16099
16097 16099 16100
16101 16100 16099
16101 16099 16102
16086 16101 16102
16086 16102 16087
16103 16104 16082
16104 16105 16082
16105 16106 16107
16105 16107 16082
16081 16103 16082
16108 16109 16110
16108 16110 16111
16109 16112 16113
16109 16113 16110
16114 16115 16116
16114 16116 16117
16114 16118 16119
16114 16119 16115
16118 16120 16121
16118 16121 16119
16122 16123 16121
16122 16121 16120
16124 16125 16123
16124 16123 16122
16126 16127 16128
16126 16128 16129
16130 16131 16128
16130 16128 16127
16108 16111 16131
16108 16131 16130
16132 16133 16134
16132 16134 16135
16133 16136 16137
16133 16137 16134
16138 16139 16137
16138 16137 16136
16140 16141 16139
16140 16139 16138
16142 16143 16144
16142 16144 16145
16146 16147 16143
16146 16143 16142
16146 16148 16149
16146 16149 16147
16150 16151 16149
16150 16149 16148
16152 16153 16154
16152 16154 16155
16132 16135 16153
16132 16153 16152
16156 16157 16158
16156 16158 16159
16160 16161 16158
16160 16158 16157
16162 16163 16164
16162 16164 16165
16166 16167 16163
16166 16163 16162
16166 16168 16169
16166 16169 16167
16168 16170 16171
16168 16171 16169
16170 16172 16173
16170 16173 16171
16174 16175 16176
16174 16176 16177
16178 16179 16175
16178 16175 16174
16156 16159 16179
16156 16179 16178
16180 16181 16182
16183 16181 16180
16184 16181 16183
16184 16185 16181
16185 16186 16181
16186 16187 16181
16188 16181 16189
16188 16190 16181
16190 16191 16181
16191 16182 16181
16126 16129 16125
16126 16125 16124
16145 16144 16141
16145 16141 16140
16172 16177 16176
16172 16176 16173
16189 16181 16187
16192 16193 16194
16195 16192 16194
16196 16195 16194
16197 16196 16194
16198 16197 16194
16199 16198 16194
16200 16201 16194
16202 16200 16194
16203 16202 16194
16193 16203 16194
16201 16199 16194
16204 16205 16206
16204 16206 16207
16205 16208 16209
16205 16209 16206
16210 16211 16212
16210 16212 16213
16212 16214 16215
16212 16215 16213
16214 16204 16207
16214 16207 16215
16216 16217 16218
16216 16218 16219
16220 16221 16222
16220 16222 16223
16217 16224 16225
16217 16225 16218
16226 16227 16222
16226 16222 16221
16228 16229 16230
16228 16230 16231
16231 16230 16232
16231 16232 16233
16234 16235 16236
16235 16237 16238
16235 16238 16239
16240 16241 16242
16229 16228 16242
16229 16242 16243
16237 16233 16232
16237 16232 16238
16231 16233 16244
16231 16244 16245
16246 16244 16233
16245 16247 16231
16246 16233 16237
16231 16247 16228
16248 16249 16250
16248 16250 16251
16251 16250 16252
16251 16252 16253
16254 16255 16256
16254 16256 16257
16258 16259 16260
16258 16260 16261
16259 16262 16263
16259 16263 16260
16264 16265 16266
16264 16266 16267
16268 16269 16270
16268 16270 16271
16272 16273 16274
16272 16274 16275
16276 16277 16278
16276 16278 16279
16280 16281 16282
16280 16282 16283
16284 16285 16286
16284 16286 16287
16288 16289 16249
16288 16249 16248
16290 16291 16292
16290 16292 16293
16294 16295 16289
16294 16289 16288
16262 16253 16252
16262 16252 16263
16296 16297 16298
16296 16298 16299
16300 16301 16302
16300 16302 16303
16304 16305 16306
16304 16306 16307
16267 16266 16308
16267 16308 16309
16310 16311 16312
16310 16312 16313
16314 16236 16235
16314 16235 16239
16242 16241 16315
16242 16315 16243
16316 16317 16318
16316 16318 16319
16317 16320 16321
16317 16321 16318
16322 16323 16324
16324 16325 16326
16324 16326 16327
16328 16329 16330
16319 16331 16329
16319 16329 16316
16327 16326 16321
16327 16321 16320
16317 16332 16333
16317 16333 16320
16334 16320 16333
16332 16317 16335
16334 16327 16320
16317 16316 16335
16336 16337 16338
16336 16338 16339
16337 16340 16341
16337 16341 16338
16342 16343 16344
16342 16344 16345
16346 16347 16348
16346 16348 16349
16349 16348 16350
16349 16350 16351
16352 16353 16354
16352 16354 16355
16356 16357 16358
16356 16358 16359
16360 16361 16362
16360 16362 16363
16364 16365 16366
16364 16366 16367
16368 16369 16370
16368 16370 16371
16372 16373 16374
16372 16374 16375
16376 16336 16339
16376 16339 16377
16378 16379 16380
16378 16380 16381
16382 16376 16377
16382 16377 16383
16351 16350 16341
16351 16341 16340
16384 16385 16386
16384 16386 16387
16388 16389 16390
16388 16390 16391
16392 16393 16394
16392 16394 16395
16353 16396 16397
16353 16397 16354
16398 16399 16400
16398 16400 16401
16402 16325 16324
16402 16324 16323
16329 16331 16403
16329 16403 16330
16404 16405 16406
16407 16408 16409
16410 16411 16412
16413 16414 16415
16416 16417 16418
16419 16420 16421
16422 16423 16424
16425 16426 16427
16428 16429 16430
16431 16432 16433
16434 16435 16436
16437 16438 16439
16440 16441 16442
16443 16444 16445
16446 16447 16448
16449 16450 16451
16452 16453 16454
16455 16456 16457
16458 16459 16460
16461 16462 16463
16464 16465 16466
16467 16468 16469
16470 16471 16472
16473 16474 16475
16476 16477 16478
16479 16480 16481
16482 16483 16484
16485 16486 16487
16488 16489 16490
16491 16492 16493
16494 16495 16496
16497 16498 16499
16500 16501 16502
16500 16502 16503
16504 16505 16500
16504 16500 16506
16500 16505 16501
16503 16507 16508
16503 16508 16509
16509 16510 16511
16509 16511 16506
16504 16506 16511
16507 16503 16502
16510 16509 16508
16512 16513 16514
16512 16514 16515
16516 16517 16512
16516 16512 16518
16518 16512 16515
16513 16519 16520
16513 16520 16521
16519 16517 16522
16519 16522 16523
16517 16516 16522
16513 16521 16514
16519 16523 16520
16524 16525 16526
16524 16526 16527
16528 16529 16530
16528 16530 16531
16532 16533 16534
16532 16534 16535
16536 16537 16538
16536 16538 16539
16529 16540 16541
16529 16541 16530
16542 16543 16544
16542 16544 16545
16546 16547 16548
16546 16548 16549
16550 16551 16552
16550 16552 16553
16554 16555 16556
16554 16556 16557
16558 16554 16557
16558 16557 16559
16560 16528 16531
16560 16531 16561
16555 16562 16563
16555 16563 16556
16564 16565 16566
16564 16566 16567
16568 16569 16564
16568 16564 16570
16564 16569 16565
16567 16571 16572
16567 16572 16573
16573 16574 16575
16573 16575 16570
16568 16570 16575
16571 16567 16566
16574 16573 16572
16576 16577 16578
16576 16578 16579
16580 16581 16582
16580 16582 16576
16580 16576 16579
16577 16583 16584
16577 16584 16585
16583 16582 16586
16583 16586 16587
16582 16581 16586
16577 16585 16578
16583 16587 16584
16588 16589 16590
16588 16590 16591
16592 16593 16594
16592 16594 16595
16596 16597 16598
16596 16598 16599
16600 16601 16602
16600 16602 16603
16593 16604 16605
16593 16605 16594
16606 16607 16608
16606 16608 16609
16610 16611 16612
16610 16612 16613
16614 16615 16616
16614 16616 16617
16618 16619 16620
16618 16620 16621
16622 16618 16621
16622 16621 16623
16624 16592 16595
16624 16595 16625
16619 16626 16627
16619 16627 16620
16628 16629 16630
16628 16630 16631
16630 16632 16633
16630 16633 16634
16631 16630 16634
16635 16636 16629
16635 16629 16637
16629 16628 16637
16638 16639 16640
16638 16640 16641
16641 16642 16643
16641 16643 16644
16641 16640 16642
16645 16646 16638
16645 16638 16647
16639 16638 16646
16648 16649 16650
16648 16650 16651
16652 16653 16654
16652 16654 16655
16656 16657 16658
16656 16658 16659
16660 16661 16662
16660 16662 16663
16664 16665 16648
16664 16648 16651
16666 16667 16668
16666 16668 16669
16670 16671 16672
16670 16672 16673
16650 16649 16674
16650 16674 16675
16676 16677 16678
16676 16678 16679
16680 16681 16676
16680 16676 16682
16676 16681 16677
16679 16683 16684
16679 16684 16685
16685 16686 16687
16685 16687 16682
16680 16682 16687
16683 16679 16678
16686 16685 16684
16688 16689 16690
16688 16690 16691
16692 16693 16694
16692 16694 16688
16692 16688 16691
16689 16695 16696
16689 16696 16697
16695 16694 16698
16695 16698 16699
16694 16693 16698
16689 16697 16690
16695 16699 16696
16700 16701 16702
16700 16702 16703
16704 16705 16706
16704 16706 16707
16708 16709 16710
16708 16710 16711
16712 16713 16714
16712 16714 16715
16705 16716 16717
16705 16717 16706
16718 16719 16720
16718 16720 16721
16722 16723 16724
16722 16724 16725
16726 16727 16728
16726 16728 16729
16730 16731 16732
16730 16732 16733
16734 16730 16733
16734 16733 16735
16736 16704 16707
16736 16707 16737
16731 16738 16739
16731 16739 16732
16740 16741 16742
16740 16742 16743
16744 16745 16740
16744 16740 16746
16740 16743 16746
16741 16747 16748
16741 16748 16749
16747 16745 16750
16747 16750 16751
16744 16750 16745
16749 16742 16741
16751 16748 16747
16752 16753 16754
16752 16754 16755
16756 16757 16752
16756 16752 16758
16757 16753 16752
16755 16759 16760
16755 16760 16761
16761 16762 16763
16761 16763 16758
16758 16763 16756
16755 16754 16759
16761 16760 16762
16764 16765 16766
16764 16766 16767
16768 16769 16770
16768 16770 16771
16772 16773 16774
16772 16774 16775
16776 16777 16778
16776 16778 16779
16771 16770 16780
16771 16780 16781
16782 16783 16784
16782 16784 16785
16786 16787 16788
16786 16788 16789
16790 16791 16792
16790 16792 16793
16794 16795 16796
16794 16796 16797
16798 16799 16795
16798 16795 16794
16800 16801 16769
16800 16769 16768
16797 16796 16802
16797 16802 16803
16804 16805 16806
16804 16806 16807
16808 16809 16804
16808 16804 16810
16804 16807 16810
16805 16811 16812
16805 16812 16813
16811 16809 16814
16811 16814 16815
16808 16814 16809
16813 16806 16805
16815 16812 16811
16816 16817 16818
16816 16818 16819
16820 16816 16821
16820 16821 16822
16820 16817 16816
16819 16823 16824
16819 16824 16825
16825 16826 16827
16825 16827 16821
16821 16827 16822
16819 16818 16823
16825 16824 16826
16828 16829 16830
16828 16830 16831
16832 16833 16834
16832 16834 16835
16836 16837 16838
16836 16838 16839
16840 16841 16842
16840 16842 16843
16835 16834 16844
16835 16844 16845
16846 16847 16848
16846 16848 16849
16850 16851 16852
16850 16852 16853
16854 16855 16856
16854 16856 16857
16858 16859 16860
16858 16860 16861
16862 16863 16859
16862 16859 16858
16864 16865 16833
16864 16833 16832
16861 16860 16866
16861 16866 16867
16868 16869 16870
16868 16870 16871
16870 16872 16873
16870 16873 16874
16869 16872 16870
16875 16876 16871
16875 16871 16877
16871 16876 16868
16878 16879 16880
16878 16880 16881
16879 16882 16883
16879 16883 16884
16879 16884 16880
16885 16886 16878
16885 16878 16887
16881 16887 16878
16888 16889 16890
16888 16890 16891
16892 16893 16894
16892 16894 16895
16896 16897 16898
16896 16898 16899
16900 16901 16902
16900 16902 16903
16904 16889 16888
16904 16888 16905
16906 16907 16908
16906 16908 16909
16910 16911 16912
16910 16912 16913
16890 16914 16915
16890 16915 16891
16916 16917 16918
16916 16918 16919
16920 16921 16916
16920 16916 16922
16916 16919 16922
16917 16923 16924
16917 16924 16925
16923 16921 16926
16923 16926 16927
16920 16926 16921
16925 16918 16917
16927 16924 16923
16928 16929 16930
16928 16930 16931
16932 16928 16933
16932 16933 16934
16932 16929 16928
16931 16935 16936
16931 16936 16937
16937 16938 16939
16937 16939 16933
16933 16939 16934
16931 16930 16935
16937 16936 16938
16940 16941 16942
16940 16942 16943
16944 16945 16946
16944 16946 16947
16948 16949 16950
16948 16950 16951
16952 16953 16954
16952 16954 16955
16947 16946 16956
16947 16956 16957
16958 16959 16960
16958 16960 16961
16962 16963 16964
16962 16964 16965
16966 16967 16968
16966 16968 16969
16970 16971 16972
16970 16972 16973
16974 16975 16971
16974 16971 16970
16976 16977 16945
16976 16945 16944
16973 16972 16978
16973 16978 16979
13986 13982 13981
14649 14651 14646
16980 16981 16982
16980 16982 16983
16984 16985 16986
16984 16986 16987
16983 16982 16988
16983 16988 16989
16988 16990 16991
16988 16991 16989
16992 16993 16994
16992 16994 16995
16996 16997 16998
16996 16998 16999
16998 16997 17000
16998 17000 17001
17002 17001 17000
17002 17000 17003
16981 16980 16984
16981 16984 16987
17004 17005 17002
17004 17002 17003
17006 17007 17008
17006 17008 17009
17010 17011 17007
17010 17007 17006
17010 17012 17013
17010 17013 17011
17014 17015 17016
17014 17016 17017
17018 17019 17020
17018 17020 17021
17018 17022 17023
17018 17023 17019
17024 17025 17026
17024 17026 17027
17028 17029 17030
17028 17030 17031
17032 17033 17034
17032 17034 17035
17036 17037 17038
17036 17038 17039
17040 17041 17042
17040 17042 17043
17025 17044 17045
17025 17045 17026
17028 17031 17046
17028 17046 17047
17044 17048 17049
17044 17049 17045
17047 17046 17050
17047 17050 17051
17052 17053 17049
17052 17049 17048
17054 17051 17050
17054 17050 17055
17056 17057 17053
17056 17053 17052
17058 17054 17055
17058 17055 17059
17060 17027 17057
17060 17057 17056
17061 17058 17059
17061 17059 17030
17036 17039 17030
17024 17027 17032
17036 17030 17029
17030 17039 17061
17033 17027 17060
17032 17027 17033
17062 17063 17064
17062 17064 17065
17066 17067 17068
17066 17068 17069
17063 17070 17071
17063 17071 17064
17071 17070 17072
17071 17072 17073
17074 17075 17076
17074 17076 17077
17078 17079 17080
17078 17080 17081
17080 17082 17083
17080 17083 17081
17084 17085 17083
17084 17083 17082
17065 17067 17066
17065 17066 17062
17086 17085 17084
17086 17084 17087
17088 17089 17090
17088 17090 17091
17092 17088 17091
17092 17091 17093
17092 17093 17094
17092 17094 17095
17096 17097 17098
17096 17098 17099
17100 17101 17102
17100 17102 17103
17100 17103 17104
17100 17104 17105
17106 17107 17108
17106 17108 17109
17110 17111 17112
17110 17112 17113
17114 17115 17116
17114 17116 17117
17118 17119 17120
17118 17120 17121
17122 17123 17124
17122 17124 17125
17109 17108 17126
17109 17126 17127
17110 17128 17129
17110 17129 17111
17127 17126 17130
17127 17130 17131
17128 17132 17133
17128 17133 17129
17134 17131 17130
17134 17130 17135
17136 17137 17133
17136 17133 17132
17138 17134 17135
17138 17135 17139
17140 17141 17137
17140 17137 17136
17142 17138 17139
17142 17139 17107
17143 17112 17141
17143 17141 17140
17118 17112 17119
17106 17114 17107
17118 17113 17112
17112 17143 17119
17117 17142 17107
17114 17117 17107
17144 17145 17146
17144 17146 17147
17147 17146 17148
17147 17148 17149
17150 17151 17152
17150 17152 17153
17153 17152 17154
17153 17154 17155
17156 17157 17158
17156 17158 17146
17146 17158 17159
17146 17159 17148
17151 17160 17161
17151 17161 17152
17152 17161 17162
17152 17162 17163
17164 17165 17166
17164 17166 17158
17158 17166 17167
17158 17167 17159
17160 17168 17169
17160 17169 17161
17161 17170 17171
17161 17171 17172
17173 17174 17147
17173 17147 17166
17166 17147 17149
17166 17149 17167
17168 17150 17153
17168 17153 17170
17170 17153 17175
17170 17175 17176
17146 17145 17156
17144 17147 17174
17154 17152 17163
17153 17155 17175
17158 17157 17164
17162 17161 17172
17166 17165 17173
17171 17170 17176
17177 17178 17179
17177 17179 17180
17180 17179 17181
17180 17181 17182
17183 17184 17185
17183 17185 17186
17186 17185 17187
17186 17187 17188
17189 17190 17191
17189 17191 17179
17179 17191 17192
17179 17192 17181
17184 17193 17194
17184 17194 17185
17185 17194 17195
17185 17195 17196
17197 17198 17199
17197 17199 17191
17191 17199 17200
17191 17200 17192
17193 17201 17202
17193 17202 17194
17194 17202 17203
17194 17203 17204
17205 17206 17180
17205 17180 17199
17199 17180 17182
17199 17182 17200
17201 17183 17186
17201 17186 17202
17202 17186 17207
17202 17207 17208
17179 17178 17189
17177 17180 17206
17187 17185 17196
17186 17188 17207
17191 17190 17197
17195 17194 17204
17199 17198 17205
17203 17202 17208
17209 17210 17211
17209 17211 17212
17212 17211 17213
17212 17213 17214
17215 17216 17217
17215 17217 17218
17218 17217 17219
17218 17219 17220
17221 17222 17223
17221 17223 17211
17211 17223 17224
17211 17224 17213
17216 17225 17226
17216 17226 17217
17217 17226 17227
17217 17227 17228
17229 17230 17231
17229 17231 17223
17223 17231 17232
17223 17232 17224
17225 17233 17234
17225 17234 17226
17226 17234 17235
17226 17235 17236
17237 17238 17212
17237 17212 17231
17231 17212 17214
17231 17214 17232
17233 17215 17218
17233 17218 17234
17234 17218 17239
17234 17239 17240
17211 17210 17221
17209 17212 17238
17219 17217 17228
17218 17220 17239
17223 17222 17229
17227 17226 17236
17231 17230 17237
17235 17234 17240
17241 17242 17243
17241 17243 17244
17244 17243 17245
17244 17245 17246
17247 17248 17249
17247 17249 17250
17250 17249 17251
17250 17251 17252
17253 17254 17255
17253 17255 17243
17243 17255 17256
17243 17256 17245
17248 17257 17258
17248 17258 17249
17249 17258 17259
17249 17259 17260
17261 17262 17263
17261 17263 17255
17255 17263 17264
17255 17264 17256
17257 17265 17266
17257 17266 17258
17258 17266 17267
17258 17267 17268
17269 17270 17244
17269 17244 17263
17263 17244 17246
17263 17246 17264
17265 17247 17250
17265 17250 17266
17266 17250 17271
17266 17271 17272
17243 17242 17253
17241 17244 17270
17251 17249 17260
17250 17252 17271
17255 17254 17261
17259 17258 17268
17263 17262 17269
17267 17266 17272
17273 17274 17275
17273 17275 17276
17276 17275 17277
17276 17277 17278
17279 17280 17281
17279 17281 17282
17282 17281 17283
17282 17283 17284
17285 17286 17287
17285 17287 17275
17275 17287 17288
17275 17288 17277
17280 17289 17290
17280 17290 17281
17281 17290 17291
17281 17291 17292
17293 17294 17295
17293 17295 17287
17287 17295 17296
17287 17296 17288
17289 17297 17298
17289 17298 17290
17290 17298 17299
17290 17299 17300
17301 17302 17276
17301 17276 17295
17295 17276 17278
17295 17278 17296
17297 17279 17282
17297 17282 17298
17298 17282 17303
17298 17303 17304
17275 17274 17285
17273 17276 17302
17283 17281 17292
17282 17284 17303
17287 17286 17293
17291 17290 17300
17295 17294 17301
17299 17298 17304
17305 17306 17307
17305 17307 17308
17306 17309 17310
17306 17310 17307
17311 17312 17313
17311 17313 17314
17312 17315 17316
17312 17316 17313
17317 17307 17318
17317 17318 17319
17307 17310 17320
17307 17320 17318
17314 17313 17321
17314 17321 17322
17313 17323 17324
17313 17324 17321
17325 17318 17326
17325 17326 17327
17328 17320 17329
17328 17329 17326
17322 17321 17330
17322 17330 17331
17321 17332 17333
17321 17333 17330
17334 17326 17306
17334 17306 17335
17326 17329 17309
17326 17309 17306
17331 17330 17312
17331 17312 17311
17330 17336 17337
17330 17337 17312
17307 17317 17308
17305 17335 17306
17316 17323 17313
17312 17337 17315
17318 17325 17319
17324 17332 17321
17326 17334 17327
17333 17336 17330
17338 17339 17340
17338 17340 17341
17339 17342 17343
17339 17343 17340
17344 17345 17346
17344 17346 17347
17345 17348 17349
17345 17349 17346
17350 17340 17351
17350 17351 17352
17340 17343 17353
17340 17353 17351
17347 17346 17354
17347 17354 17355
17346 17356 17357
17346 17357 17354
17358 17351 17359
17358 17359 17360
17361 17353 17362
17361 17362 17359
17355 17354 17363
17355 17363 17364
17354 17365 17366
17354 17366 17363
17367 17359 17339
17367 17339 17368
17359 17362 17342
17359 17342 17339
17364 17363 17345
17364 17345 17344
17363 17369 17370
17363 17370 17345
17340 17350 17341
17338 17368 17339
17349 17356 17346
17345 17370 17348
17351 17358 17352
17357 17365 17354
17359 17367 17360
17366 17369 17363
17371 17372 17373
17371 17373 17374
17372 17375 17376
17372 17376 17373
17377 17378 17379
17377 17379 17380
17378 17381 17382
17378 17382 17379
17383 17373 17384
17383 17384 17385
17373 17376 17386
17373 17386 17384
17380 17379 17387
17380 17387 17388
17379 17389 17390
17379 17390 17387
17391 17384 17392
17391 17392 17393
17384 17386 17394
17384 17394 17392
17388 17387 17395
17388 17395 17396
17387 17397 17398
17387 17398 17395
17399 17392 17372
17399 17372 17400
17392 17394 17375
17392 17375 17372
17396 17395 17378
17396 17378 17377
17395 17401 17402
17395 17402 17378
17373 17383 17374
17371 17400 17372
17382 17389 17379
17378 17402 17381
17384 17391 17385
17390 17397 17387
17392 17399 17393
17398 17401 17395
17403 17404 17405
17403 17405 17406
17404 17407 17408
17404 17408 17405
17409 17410 17411
17409 17411 17412
17410 17413 17414
17410 17414 17411
17415 17405 17416
17415 17416 17417
17405 17408 17418
17405 17418 17416
17412 17411 17419
17412 17419 17420
17411 17421 17422
17411 17422 17419
17423 17416 17424
17423 17424 17425
17416 17418 17426
17416 17426 17424
17420 17419 17427
17420 17427 17428
17419 17429 17430
17419 17430 17427
17431 17424 17404
17431 17404 17432
17424 17426 17407
17424 17407 17404
17428 17427 17410
17428 17410 17409
17427 17433 17434
17427 17434 17410
17405 17415 17406
17403 17432 17404
17414 17421 17411
17410 17434 17413
17416 17423 17417
17422 17429 17419
17424 17431 17425
17430 17433 17427
17435 17436 17437
17435 17437 17438
17436 17439 17440
17436 17440 17437
17441 17442 17443
17441 17443 17444
17442 17445 17446
17442 17446 17443
17447 17437 17448
17447 17448 17449
17437 17440 17450
17437 17450 17448
17444 17443 17451
17444 17451 17452
17443 17453 17454
17443 17454 17451
17455 17448 17456
17455 17456 17457
17448 17450 17458
17448 17458 17456
17452 17451 17459
17452 17459 17460
17451 17461 17462
17451 17462 17459
17463 17456 17436
17463 17436 17464
17456 17458 17439
17456 17439 17436
17460 17459 17442
17460 17442 17441
17459 17465 17466
17459 17466 17442
17437 17447 17438
17435 17464 17436
17446 17453 17443
17442 17466 17445
17448 17455 17449
17454 17461 17451
17456 17463 17457
17462 17465 17459
17467 17468 17469
17467 17469 17470
17471 17470 17469
17471 17469 17472
17473 17471 17472
17473 17472 17474
17475 17476 17468
17475 17468 17467
17477 17478 17479
17480 17481 17478
17480 17478 17477
17482 17481 17480
17482 17480 17483
17483 17484 17482
17485 17486 17484
17485 17484 17483
17479 17487 17488
17479 17488 17477
17489 17490 17491
17492 17490 17489
17492 17489 17493
17494 17495 17492
17494 17492 17493
17496 17495 17494
17497 17495 17496
17497 17496 17498
17491 17490 17499
17491 17499 17500
17501 17502 17503
17501 17503 17504
17505 17504 17503
17505 17503 17506
17507 17505 17506
17507 17506 17508
17509 17510 17502
17509 17502 17501
17511 17512 17513
17514 17515 17512
17514 17512 17511
17516 17515 17514
17516 17514 17517
17517 17518 17516
17519 17520 17518
17519 17518 17517
17513 17521 17522
17513 17522 17511
17523 17524 17525
17526 17524 17523
17526 17523 17527
17528 17529 17526
17528 17526 17527
17530 17529 17528
17531 17529 17530
17531 17530 17532
17525 17524 17533
17525 17533 17534
17535 17536 17537
17535 17537 17538
17539 17540 17537
17539 17537 17536
17541 17542 17540
17541 17540 17539
17543 17535 17538
17543 17538 17544
17545 17546 17547
17548 17545 17547
17548 17547 17549
17550 17551 17548
17550 17548 17549
17551 17550 17552
17553 17551 17552
17553 17552 17554
17546 17545 17555
17546 17555 17556
17557 17558 17559
17560 17561 17557
17560 17557 17559
17562 17561 17560
17562 17560 17563
17564 17562 17563
17565 17566 17564
17565 17564 17563
17558 17567 17568
17558 17568 17559
17569 17570 17571
17569 17571 17572
17573 17574 17571
17573 17571 17570
17575 17576 17574
17575 17574 17573
17577 17569 17572
17577 17572 17578
17579 17580 17581
17582 17579 17581
17582 17581 17583
17584 17585 17582
17584 17582 17583
17585 17584 17586
17587 17585 17586
17587 17586 17588
17580 17579 17589
17580 17589 17590
17591 17592 17593
17594 17595 17591
17594 17591 17593
17596 17595 17594
17596 17594 17597
17598 17596 17597
17599 17600 17598
17599 17598 17597
17592 17601 17602
17592 17602 17593
