byte offset: 0
first index: 0
index count: 6759
topology: trianglelist
format: DXGI_FORMAT_R16_UINT

0 1 2
3 4 5
6 7 8
9 10 11
12 13 14
15 16 17
18 19 20
18 20 21
22 21 20
21 23 18
24 18 23
24 23 25
22 26 21
26 23 21
27 25 23
26 27 23
28 25 27
29 28 27
30 26 22
30 22 31
32 30 31
27 26 33
30 33 26
29 27 34
27 33 34
35 30 32
35 33 30
36 29 34
36 37 29
34 33 38
35 38 33
34 38 36
39 35 32
39 38 35
39 32 40
40 41 39
40 42 41
43 37 36
43 44 37
45 36 38
39 45 38
45 43 36
44 43 46
44 46 47
48 47 46
49 45 39
39 41 49
50 43 45
49 50 45
50 46 43
48 46 51
52 48 51
53 50 49
53 49 41
54 46 50
54 51 46
53 54 50
52 51 55
56 52 55
57 51 54
57 54 53
57 55 51
56 55 58
59 56 58
60 55 57
60 58 55
57 53 61
60 57 61
62 58 60
60 61 63
59 58 64
62 64 58
64 65 59
62 65 64
61 53 66
53 41 66
67 63 61
61 66 67
67 68 63
69 63 68
66 70 67
68 67 70
41 71 66
66 71 70
41 72 71
72 41 42
72 42 73
74 72 73
75 74 73
71 76 70
72 77 71
71 77 76
78 72 74
72 78 77
75 79 74
78 74 79
80 68 70
80 70 76
75 81 79
81 75 82
81 82 83
83 82 84
79 81 85
81 83 85
86 78 79
79 85 86
77 78 87
86 87 78
88 76 77
89 76 88
89 80 76
88 77 90
77 87 90
91 80 89
91 92 80
92 68 80
93 92 91
92 94 68
69 68 94
93 95 92
95 94 92
95 93 96
96 93 97
98 96 97
95 99 94
96 99 95
100 69 94
100 94 99
98 101 96
96 101 99
102 101 98
99 101 102
99 102 100
103 102 98
100 102 103
100 103 104
104 69 100
104 105 69
106 107 108
109 107 106
107 109 110
107 110 111
112 109 106
112 106 113
112 113 114
111 110 115
111 115 116
117 116 115
117 115 118
118 115 119
119 115 110
118 119 120
121 110 109
121 109 112
119 110 121
112 114 122
122 114 123
124 121 112
119 121 124
124 112 122
125 120 119
119 124 125
125 126 120
125 127 126
124 127 125
127 128 126
122 123 129
130 129 123
122 131 124
124 131 127
122 129 131
127 132 128
131 132 127
132 133 128
130 134 129
131 129 134
135 134 130
136 134 135
131 134 137
136 137 134
131 137 132
136 138 137
132 137 138
139 138 136
132 140 133
132 138 140
141 133 140
139 142 138
140 138 142
143 142 139
141 140 144
140 142 144
144 145 141
143 146 142
146 144 142
144 146 145
146 143 147
147 145 146
148 149 150
151 149 148
151 148 152
151 152 153
154 153 152
155 151 153
156 153 154
157 156 154
155 153 158
156 158 153
159 155 158
159 160 155
157 161 156
162 161 157
162 163 161
156 161 163
164 163 162
158 156 165
156 163 165
165 163 164
158 165 159
165 164 166
159 165 166
159 166 167
167 160 159
167 168 160
160 168 169
170 171 172
170 172 173
173 172 174
175 176 177
175 177 178
175 178 179
180 179 178
180 181 179
181 180 182
181 182 183
182 184 183
182 185 184
186 185 182
187 188 189
187 190 188
191 188 190
191 192 188
193 191 190
194 192 191
194 195 192
195 194 196
194 197 196
191 198 194
198 197 194
193 198 191
198 199 197
199 198 193
199 193 200
201 202 203
204 202 201
205 202 204
204 201 206
204 207 205
208 204 206
204 208 207
209 205 207
209 210 205
208 206 211
212 211 206
213 211 212
208 211 213
213 212 214
208 213 215
207 208 216
215 216 208
209 207 217
207 216 217
210 209 218
210 218 219
220 219 218
215 221 216
215 222 221
222 223 221
218 209 224
209 217 224
220 218 225
218 224 225
224 226 225
220 225 227
226 227 225
227 228 220
228 227 229
226 229 227
228 229 230
226 230 229
226 231 230
231 226 232
224 233 226
233 224 217
232 226 233
233 217 234
234 217 216
234 216 221
233 235 232
234 235 233
232 235 236
234 237 235
238 237 234
238 234 221
238 221 223
238 223 239
240 239 223
239 240 241
242 243 244
242 245 243
243 245 246
247 245 242
246 245 248
247 248 245
249 246 248
248 250 249
247 251 248
248 251 250
251 247 252
251 253 250
251 252 254
251 254 253
254 252 255
254 256 253
254 255 257
254 257 256
258 257 255
259 256 257
258 259 257
258 260 259
261 259 260
259 262 256
261 262 259
263 262 261
263 264 262
265 264 263
266 267 268
267 269 268
270 269 267
269 270 271
272 273 274
275 274 273
275 273 276
277 275 276
276 273 278
279 276 278
277 276 280
279 280 276
280 281 277
280 282 281
279 282 280
281 282 283
283 282 284
283 284 285
284 286 285
284 282 287
279 287 282
284 288 286
287 288 284
279 288 287
286 288 289
290 289 288
279 290 288
290 291 289
292 279 278
292 290 279
293 292 278
294 291 290
292 294 290
293 294 292
294 295 291
293 296 294
296 295 294
296 297 295
297 296 298
298 299 297
300 299 298
300 301 299
302 301 300
302 303 301
303 302 304
305 306 307
306 305 308
306 308 309
310 309 308
306 309 311
306 311 312
310 313 309
309 313 311
314 313 310
315 313 314
311 313 315
316 315 314
317 312 311
312 317 318
317 319 318
317 320 319
316 321 315
322 321 316
311 315 323
317 311 323
315 321 323
317 323 324
317 324 320
324 323 321
322 325 321
324 321 325
322 326 325
327 320 324
325 327 324
327 328 320
325 326 329
326 330 329
325 329 331
325 331 327
327 331 332
327 332 328
333 328 332
333 334 328
335 334 333
335 333 336
337 335 336
338 339 340
340 339 341
342 341 339
343 340 341
343 344 340
343 345 344
346 341 342
343 341 346
347 346 342
346 347 348
346 348 349
349 350 346
343 346 350
349 351 350
343 352 345
350 352 343
345 352 353
351 354 350
350 354 352
352 354 353
351 355 354
354 355 353
356 357 358
356 358 359
356 359 360
360 361 356
362 360 359
362 359 363
364 362 363
364 363 365
366 364 365
360 362 367
367 362 364
368 361 360
360 367 368
366 369 364
370 369 366
371 361 368
371 372 361
373 372 371
367 364 374
369 374 364
370 375 369
375 370 376
377 374 369
375 377 369
378 375 376
375 378 377
379 378 376
379 377 378
379 380 377
381 374 377
381 377 380
367 374 381
381 380 382
367 381 383
368 367 383
382 384 381
381 384 383
385 384 382
386 384 385
386 387 384
387 383 384
387 386 388
368 383 389
387 389 383
387 388 390
390 389 387
390 388 391
392 368 389
390 392 389
392 371 368
371 392 393
390 393 392
371 393 373
390 391 394
390 394 393
373 393 395
395 393 394
373 395 396
397 394 391
395 394 397
397 391 398
399 397 398
400 397 399
395 397 400
400 396 395
400 401 396
402 403 404
402 404 405
405 406 402
407 405 404
404 408 407
407 408 409
407 409 410
411 410 409
412 407 410
407 412 405
405 413 406
413 414 406
412 410 415
415 410 411
416 405 412
416 413 405
415 416 412
417 416 415
418 413 416
418 414 413
418 416 417
415 411 419
417 415 419
411 420 419
420 417 419
411 421 420
420 421 422
420 422 423
423 422 424
425 420 423
420 425 417
417 425 426
417 426 427
418 417 427
428 427 426
428 429 427
429 418 427
429 428 430
429 431 418
431 429 430
414 418 431
430 432 431
414 431 432
433 434 435
433 435 436
433 436 437
438 436 435
436 438 437
438 435 439
435 440 439
438 441 437
441 442 437
438 443 441
442 441 443
438 439 443
442 443 444
445 443 439
445 444 443
445 439 440
445 446 444
440 447 445
447 446 445
440 448 447
447 449 446
448 450 447
450 449 447
448 451 450
450 452 449
450 451 453
452 450 454
454 450 453
454 453 455
456 457 458
456 459 457
460 457 459
460 459 461
460 462 457
460 461 463
464 462 460
460 463 464
464 465 462
466 464 463
465 464 467
466 467 464
468 467 466
465 467 469
468 470 467
469 467 470
471 470 468
469 470 472
472 473 469
472 474 473
471 475 470
472 470 475
476 475 471
477 474 472
472 475 477
477 478 474
478 477 479
476 480 475
480 477 475
479 477 480
480 476 481
479 480 481
482 483 484
482 485 483
482 486 485
482 487 486
483 485 488
483 488 489
488 490 489
486 487 491
491 487 492
485 486 493
493 488 485
488 494 490
490 494 495
494 496 495
497 496 494
497 494 488
493 497 488
493 486 498
491 498 486
492 499 491
492 500 499
501 493 498
502 493 501
491 503 498
491 499 503
500 504 499
500 505 504
506 504 505
504 506 507
499 504 508
504 507 508
499 508 503
508 507 509
502 501 510
511 502 510
512 501 498
512 498 503
510 501 512
503 508 513
508 509 513
503 513 512
514 511 510
514 515 511
513 509 516
516 509 517
517 518 516
513 516 519
516 518 519
519 512 513
520 519 518
510 512 521
519 521 512
514 510 521
522 515 514
522 523 515
524 523 522
520 525 519
525 521 519
514 521 526
525 526 521
522 514 526
527 525 520
526 525 527
527 520 528
527 528 529
524 522 530
531 524 530
522 526 532
526 527 532
530 522 532
527 529 533
531 533 529
532 527 533
530 532 534
534 531 530
531 534 533
532 533 534
535 536 537
535 538 536
539 538 535
540 539 535
539 541 538
538 541 542
541 543 542
543 541 539
543 544 542
545 539 540
543 539 545
544 543 545
544 545 546
545 540 547
546 545 547
546 547 548
549 548 547
548 549 550
551 552 553
551 554 552
554 551 555
554 556 552
557 552 556
554 558 556
554 559 558
560 559 554
554 555 560
561 560 555
560 562 559
562 560 561
561 555 563
562 561 564
565 561 563
566 564 561
565 567 561
566 561 567
567 565 568
566 567 568
569 570 571
572 570 569
573 570 572
569 574 572
574 569 575
573 572 576
576 577 573
578 572 574
576 572 578
574 575 579
579 575 580
579 581 574
580 581 579
578 574 581
576 582 577
583 577 582
584 582 576
576 578 584
583 582 585
584 585 582
583 585 586
587 585 584
586 585 587
587 584 578
586 587 588
587 578 589
589 588 587
581 589 578
589 590 588
591 590 589
581 591 589
591 592 590
591 593 592
591 581 594
591 594 593
580 594 581
595 593 594
596 594 580
596 595 594
597 598 599
597 599 600
600 599 601
600 602 597
597 602 603
604 597 603
604 603 605
603 606 605
603 602 606
84 606 602
84 602 607
607 602 600
83 84 607
600 601 608
608 607 600
83 607 609
608 609 607
85 83 609
85 609 610
608 610 609
86 85 610
601 611 608
608 611 610
601 612 611
86 610 613
611 613 610
612 614 611
611 614 613
612 615 614
614 615 616
617 86 613
614 617 613
617 87 86
614 616 618
614 618 617
618 616 619
618 619 620
620 617 618
621 620 619
622 87 617
620 622 617
622 90 87
621 623 620
623 622 620
624 623 621
625 90 622
623 625 622
625 626 90
627 623 624
625 623 627
627 626 625
627 624 628
627 629 626
627 628 629
630 631 632
630 633 631
634 631 633
634 635 631
636 635 634
636 634 637
638 636 637
638 637 639
639 640 638
634 633 641
642 637 634
642 634 641
637 643 639
637 642 643
639 644 640
643 644 639
633 645 641
633 646 645
641 647 642
642 647 643
641 645 647
648 645 646
648 646 649
643 647 650
651 643 650
644 643 651
644 651 652
653 640 644
644 652 653
653 654 640
655 653 652
654 653 655
645 656 647
645 648 656
647 656 657
647 657 658
659 658 657
659 657 660
657 661 660
657 656 661
661 656 662
662 656 648
662 648 663
648 649 663
663 649 664
664 649 665
666 667 668
669 667 666
666 670 669
669 671 667
669 670 672
673 671 669
669 672 673
673 674 671
673 672 675
673 675 676
676 674 673
677 676 675
677 675 678
677 678 679
676 680 674
680 676 677
674 680 681
674 681 682
681 683 682
677 679 684
685 684 679
680 677 686
684 686 677
686 681 680
685 687 684
684 687 686
685 688 687
686 687 689
686 689 681
688 690 687
687 690 689
681 689 690
690 688 691
690 691 692
681 693 683
681 690 693
690 692 693
693 694 683
693 692 694
695 696 697
697 698 695
699 698 697
699 700 698
701 700 699
700 702 698
700 703 702
700 704 703
701 704 700
705 704 701
702 706 698
705 707 704
703 704 707
707 705 708
708 709 707
703 707 709
709 708 710
710 703 709
710 711 703
712 702 703
702 712 706
703 711 713
703 713 712
713 711 714
715 713 714
712 713 715
715 714 716
717 715 716
718 715 717
719 715 718
712 715 719
706 712 719
706 719 720
721 722 723
721 723 724
724 725 721
726 721 725
724 727 725
724 723 728
728 723 729
728 729 730
724 731 727
727 731 732
724 728 733
724 733 731
728 730 734
734 733 728
731 735 732
732 735 736
731 733 737
731 737 735
738 736 735
738 735 737
739 736 738
737 733 740
734 740 733
730 741 734
730 742 741
743 739 738
743 744 739
745 744 743
745 746 744
747 738 737
743 738 747
737 740 747
743 747 748
740 748 747
745 743 748
749 740 734
740 749 748
749 734 741
749 745 748
741 742 750
750 749 741
751 746 745
752 746 751
749 753 745
750 753 749
754 745 753
754 751 745
754 753 750
750 742 755
742 756 755
752 751 757
752 757 758
759 758 757
751 754 760
757 751 760
754 750 761
750 755 761
760 754 761
759 757 762
760 762 757
759 762 763
756 764 755
756 765 764
764 766 755
755 766 761
761 766 767
767 760 761
767 766 768
763 762 769
763 769 770
760 771 762
767 771 760
769 762 771
770 769 772
771 772 769
771 767 772
767 768 772
770 772 773
774 773 772
768 774 772
774 768 775
776 777 778
776 778 779
776 779 780
780 779 781
782 776 780
783 782 780
778 784 779
784 781 779
778 785 784
786 784 785
787 783 780
780 781 787
786 788 784
784 788 781
786 789 788
781 788 789
790 789 786
791 790 786
781 789 792
792 789 790
793 790 791
792 790 793
791 794 793
793 794 795
795 794 796
797 795 796
795 798 793
798 792 793
799 795 797
799 798 795
799 797 800
781 792 801
801 787 781
798 802 792
792 802 801
799 803 798
799 804 803
803 804 805
806 803 805
798 803 806
806 802 798
806 807 802
807 801 802
808 807 806
809 807 808
809 810 807
807 811 801
811 807 810
811 787 801
811 810 812
813 811 812
814 811 813
811 814 787
787 814 783
783 814 815
816 817 818
817 819 818
818 819 820
817 821 819
822 821 817
822 823 821
821 824 819
819 824 825
823 826 821
821 826 824
823 827 826
826 827 828
825 824 829
826 829 824
825 829 830
826 828 831
826 831 829
832 831 828
831 832 829
829 832 830
830 832 833
834 835 836
834 836 837
837 838 834
834 838 839
834 839 840
839 838 841
839 841 842
842 841 843
844 838 837
844 841 838
836 845 837
844 837 845
843 841 846
846 841 844
836 847 845
836 848 847
847 848 849
850 847 849
845 847 850
844 845 851
844 851 846
845 850 852
852 851 845
852 850 853
852 854 851
852 855 854
855 856 854
857 851 854
854 856 857
846 851 857
857 856 858
858 856 859
858 859 860
861 858 860
857 858 862
862 858 861
846 857 862
862 861 863
846 862 864
864 862 863
843 846 864
863 865 864
843 864 865
866 867 868
869 867 866
870 867 869
869 866 871
872 870 869
869 871 873
871 874 873
872 869 875
875 876 872
877 875 869
869 873 877
877 878 875
879 877 873
874 879 873
880 878 877
879 880 877
880 881 878
881 880 882
882 880 879
883 882 879
874 883 879
882 883 884
874 884 883
874 885 884
886 887 888
889 888 887
890 889 887
889 891 888
892 889 890
892 890 893
893 894 892
893 895 894
896 894 895
896 897 894
897 898 894
898 892 894
897 899 898
900 898 899
901 891 889
892 902 889
902 901 889
898 903 892
892 903 902
903 904 902
903 898 905
905 898 900
903 905 904
905 900 906
904 905 906
900 907 906
908 906 907
901 909 891
909 910 891
910 909 911
902 912 901
912 902 904
913 909 901
913 901 912
914 909 913
913 915 914
913 912 916
916 915 913
908 917 906
904 906 917
912 904 918
918 916 912
919 904 917
919 918 904
917 908 919
916 920 915
915 920 921
918 922 916
922 918 919
920 916 922
919 908 923
922 919 923
923 908 924
924 922 923
924 908 925
924 925 926
924 926 927
924 928 922
927 928 924
920 922 928
927 929 928
920 928 929
920 929 930
920 930 921
930 931 921
932 933 934
934 933 935
934 935 936
937 935 933
936 935 938
936 938 939
938 940 939
937 941 935
938 935 941
940 938 942
942 938 941
940 942 943
943 942 944
944 942 941
943 944 945
946 941 937
944 941 946
946 937 947
946 947 948
944 946 948
944 948 949
949 945 944
949 950 945
949 951 950
950 951 952
951 953 952
954 955 956
954 957 955
955 957 958
959 957 954
957 960 958
959 961 957
961 960 957
961 959 962
963 960 961
962 963 961
960 963 964
962 964 963
965 966 967
965 967 968
969 968 967
965 968 970
970 971 965
970 972 971
973 972 970
969 974 968
970 968 974
969 975 974
975 976 974
973 970 977
977 976 973
970 974 977
974 976 977
978 979 980
981 979 978
982 981 978
982 978 983
982 983 984
982 984 985
979 981 986
982 985 987
981 982 988
986 981 988
989 982 987
989 988 982
989 987 990
991 986 988
991 992 986
993 992 991
989 990 994
990 995 994
995 996 994
997 988 989
997 991 988
994 997 989
991 998 993
997 998 991
999 993 998
996 1000 994
1001 1000 996
1001 1002 1000
1002 1003 1000
994 1004 997
1000 1004 994
1000 1003 1004
997 1004 998
1004 1003 1005
999 1006 1005
998 1006 999
998 1004 1006
1005 1006 1004
1007 1008 1009
1007 1010 1008
1010 1007 1011
1007 1012 1011
1007 1013 1012
1012 1014 1011
1013 1015 1012
1012 1016 1014
1015 1016 1012
1014 1016 1017
1018 1016 1015
1017 1016 1018
1019 1020 1021
1022 1021 1020
1022 1023 1021
1024 1023 1022
1025 1021 1023
1025 1026 1021
1027 1026 1025
1024 1028 1023
1028 1024 1029
1030 1023 1028
1025 1023 1030
1029 1031 1028
1030 1028 1031
1031 1029 1032
1030 1031 1032
1033 1032 1029
1034 1025 1030
1034 1030 1032
1035 1032 1033
1035 1034 1032
1035 1033 1036
1036 1037 1035
1037 1034 1035
1036 1038 1037
1038 1039 1037
1037 1039 1040
1034 1041 1025
1037 1041 1034
1041 1037 1040
1025 1041 1027
1041 1040 1042
1042 1027 1041
1042 1043 1027
1044 1045 1046
1047 1044 1046
1047 1046 1048
1049 1047 1048
1050 1044 1047
1050 1051 1044
1050 1052 1051
1052 1053 1051
1052 1054 1053
1054 1055 1053
1056 1054 1052
1056 1052 1057
1058 1057 1052
1057 1058 1059
1059 1058 1060
1050 1061 1052
1058 1052 1061
1050 1062 1061
1047 1062 1050
1063 1058 1061
1062 1063 1061
1058 1064 1060
1063 1065 1058
1058 1065 1064
1066 1060 1064
1066 1067 1060
1067 1066 1068
1064 1069 1066
1070 1065 1063
1065 1071 1064
1070 1071 1065
1064 1072 1069
1071 1072 1064
1062 1073 1063
1073 1070 1063
1072 1074 1069
1074 1075 1069
1076 1075 1074
1076 1074 1077
1072 1077 1074
1076 1077 1078
1071 1079 1072
1079 1077 1072
1078 1077 1080
1079 1080 1077
1078 1080 1081
1080 1082 1081
1079 1082 1080
1079 1071 1082
1082 1071 1070
1073 1083 1070
1082 1070 1083
1084 1083 1073
1062 1084 1073
1083 1085 1082
1082 1085 1086
1062 1087 1084
1047 1087 1062
1088 1083 1084
1083 1088 1085
1087 1088 1084
1089 1086 1085
1085 1088 1089
1089 1090 1086
1047 1091 1087
1091 1088 1087
1047 1049 1091
1091 1049 1092
1092 1088 1091
1088 1092 1089
1092 1093 1089
1090 1089 1093
1090 1093 1094
1095 1096 1097
1098 1096 1095
1095 1099 1098
1098 1099 1100
1095 1101 1099
1100 1099 1102
1100 1102 1103
1099 1104 1102
1102 1104 1103
1099 1101 1104
1104 1105 1103
1105 1104 1106
1106 1104 1107
1104 1101 1107
1101 1108 1107
1109 1110 1111
1111 1112 1109
1113 1109 1112
1113 1112 1114
1111 1114 1112
1113 1114 1115
1114 1116 1115
1111 1117 1114
1114 1117 1116
1118 1117 1111
1119 1116 1117
1118 1120 1117
1117 1120 1119
1121 1122 1123
1124 1122 1121
1124 1121 1125
1126 1124 1125
1127 1125 1121
1126 1125 1127
1126 1128 1124
1126 1129 1128
1129 1126 1130
1131 1130 1126
1131 1132 1130
1126 1127 1133
1131 1126 1133
1134 1133 1127
1134 1127 1135
1131 1136 1132
1132 1136 1137
1136 1138 1137
1131 1138 1136
1137 1138 1139
1133 1140 1131
1131 1140 1138
1133 1134 1140
1139 1138 1141
1140 1141 1138
1141 1140 1134
1139 1141 1142
1143 1142 1141
1141 1134 1143
1143 1144 1142
1135 1145 1134
1145 1143 1134
1146 1145 1135
1147 1145 1146
1148 1144 1143
1145 1148 1143
1147 1148 1145
1148 1149 1144
1147 1149 1148
1147 1150 1149
1151 1152 1153
1153 1152 1154
1154 1155 1153
1156 1155 1154
1156 1157 1155
1156 1154 1158
1156 1159 1157
1160 1157 1159
1161 1156 1158
1161 1159 1156
1160 1159 1162
1161 1162 1159
1160 1162 1163
1160 1163 1164
1165 1164 1163
1163 1166 1165
1163 1162 1166
1161 1166 1162
1161 1167 1166
1161 1158 1168
1168 1167 1161
1168 1158 1169
1168 1170 1167
1167 1170 1171
1171 1170 1172
1168 1172 1170
1168 1169 1172
1172 1169 1173
1174 1175 1176
1174 1177 1175
1178 1177 1174
1175 1177 1179
1180 1177 1178
1180 1179 1177
1180 1178 1181
1180 1182 1179
1183 1179 1182
1182 1180 1184
1180 1181 1184
1184 1181 1185
1185 1186 1184
1182 1184 1186
1185 1187 1186
1182 1186 1187
1182 1187 1188
1189 1182 1188
1189 1190 1182
1190 1189 1191
1183 1182 1192
1182 1190 1192
1190 1191 1193
1193 1192 1190
1193 1191 1194
1195 1183 1192
1193 1195 1192
1194 1195 1193
1195 1196 1183
1194 1197 1195
1197 1196 1195
1198 1199 1200
1201 1199 1198
1201 1198 1202
1203 1201 1202
1204 1201 1203
1203 1202 1205
1204 1203 1206
1204 1206 1207
1206 1208 1207
1208 1206 1203
1208 1203 1209
1209 1203 1205
1205 1210 1209
1211 1210 1205
1212 1213 1214
1213 1215 1214
1213 1216 1215
1216 1213 1217
1218 1214 1215
1218 1219 1214
1215 1220 1218
1221 1218 1220
1221 1219 1218
1221 1222 1219
1222 1223 1219
1222 1224 1223
1216 1225 1215
1216 1217 1226
1226 1217 1227
1216 1228 1225
1228 1216 1226
1228 1229 1225
1230 1229 1228
1228 1226 1230
1226 1227 1231
1231 1232 1226
1233 1231 1227
1231 1234 1232
1234 1235 1232
1233 1236 1231
1236 1234 1231
1236 1233 1237
1238 1235 1234
1236 1238 1234
1235 1238 1239
1239 1238 1236
1236 1237 1240
1239 1236 1240
1237 1241 1240
1237 1242 1241
1235 1239 1243
1235 1243 1244
1245 1244 1243
1245 1243 1239
1245 1239 1246
1246 1239 1240
1246 1240 1241
1241 1242 1247
1247 1242 1248
1241 1249 1246
1241 1247 1249
1249 1250 1246
1251 1250 1249
1251 1249 1247
1251 1247 1252
1248 1252 1247
1248 1253 1252
1248 1254 1253
1248 1255 1254
1255 1256 1254
1255 1257 1256
1252 1253 1258
1252 1258 1259
1258 1260 1259
1261 1260 1258
1253 1261 1258
1253 1262 1261
1262 1253 1254
1262 1254 1256
1263 1256 1257
1263 1257 1264
1265 1262 1256
1265 1256 1263
1264 1266 1263
1264 1267 1266
1268 1263 1266
1268 1265 1263
1269 1265 1268
1270 1262 1265
1269 1270 1265
1270 1271 1262
1270 1269 1272
1271 1270 1272
1273 1274 1275
1273 1275 1276
1277 1278 1279
1280 1279 1278
1281 1279 1280
1281 1282 1279
1282 1283 1279
1282 1284 1283
1283 1284 1285
1285 1284 1286
1282 1286 1284
1282 1287 1286
1287 1282 1281
1287 1281 1288
1280 1289 1281
1289 1288 1281
1280 1290 1289
1289 1291 1288
1290 1292 1289
1292 1291 1289
1290 1293 1292
1292 1294 1291
1293 1290 1295
1293 1295 1296
1295 1297 1296
1295 1298 1297
1295 1299 1298
1290 1300 1295
1295 1300 1299
1290 1280 1300
1301 1299 1300
1301 1300 1302
1301 1302 1303
1280 1304 1300
1280 1305 1304
1306 1304 1305
1294 1307 1291
1294 1308 1307
1309 1307 1308
1309 1308 1310
1311 1307 1309
1291 1307 1312
1311 1312 1307
1313 1312 1311
1291 1312 1288
1314 1288 1312
1314 1315 1288
1316 1315 1314
1317 1318 1319
1319 1320 1317
1319 1321 1320
1321 1322 1320
1321 1323 1322
1324 1325 1326
1324 1327 1325
1325 1327 1328
1329 1330 1331
1330 1329 1332
1330 1332 1333
1334 1335 1336
1334 1337 1335
1335 1337 1338
1339 1340 1341
1339 1341 1342
1343 1342 1341
1344 1345 1346
1344 1346 1347
1346 1348 1347
1349 1350 1351
1349 1352 1350
1352 1349 1353
1354 1355 1356
1354 1356 1357
1358 1357 1356
1359 1360 1361
1359 1362 1360
1363 1362 1359
1364 1360 1362
1364 1365 1360
1364 1366 1365
1363 1367 1362
1368 1367 1363
1369 1362 1367
1369 1364 1362
1368 1370 1367
1370 1369 1367
1371 1370 1368
1371 1372 1370
1370 1372 1373
1370 1373 1374
1370 1374 1369
1374 1373 1375
1374 1375 1376
1376 1369 1374
1376 1375 1377
1378 1364 1369
1376 1378 1369
1376 1377 1379
1379 1378 1376
1379 1377 1380
1378 1381 1364
1364 1381 1366
1382 1381 1378
1379 1382 1378
1383 1366 1381
1382 1383 1381
1383 1384 1366
1385 1382 1379
1385 1383 1382
1386 1384 1383
1385 1386 1383
1386 1387 1384
1379 1380 1388
1385 1379 1388
1389 1387 1386
1389 1390 1387
1391 1386 1385
1388 1391 1385
1391 1389 1386
1380 1392 1388
1388 1392 1391
1380 1393 1392
1394 1392 1393
1395 1390 1389
1395 1396 1390
1396 1395 1397
1398 1389 1391
1398 1395 1389
1392 1398 1391
1395 1398 1397
1394 1399 1392
1392 1399 1398
1399 1394 1397
1398 1399 1397
1400 1401 1402
1400 1402 1403
1404 1400 1403
1404 1403 1405
1406 1405 1403
1403 1402 1407
1406 1403 1408
1403 1407 1408
1408 1409 1406
1407 1410 1408
1408 1410 1409
1407 1411 1410
1410 1412 1409
1411 1413 1410
1410 1413 1412
1414 1412 1413
1411 1415 1413
1414 1413 1415
1414 1416 1412
1414 1415 1417
1414 1418 1416
1414 1417 1419
1414 1420 1418
1414 1419 1420
1420 1421 1418
1419 1422 1420
1420 1422 1421
1419 1423 1422
1421 1422 1424
1422 1423 1424
1425 1426 1427
1425 1427 1428
1428 1427 1429
1430 1428 1429
1428 1430 1431
1428 1431 1425
1431 1432 1425
1433 1434 1435
1433 1435 1436
1436 1437 1433
1435 1438 1436
1436 1439 1437
1439 1436 1438
1439 1440 1437
1439 1438 1441
1441 1440 1439
1442 1443 1444
1444 1443 1445
1444 1445 1446
1446 1445 1447
1447 1448 1446
1449 1447 1445
1450 1448 1447
1450 1447 1449
1450 1451 1448
1450 1449 1452
1450 1453 1451
1452 1453 1450
1453 1454 1451
1453 1452 1455
1453 1456 1454
1453 1455 1456
1454 1456 1457
1455 1458 1456
1456 1458 1457
1459 1460 1461
1462 1459 1461
1462 1463 1459
1463 1464 1459
1463 1462 1465
1466 1464 1463
1463 1465 1467
1467 1466 1463
1467 1465 1468
1467 1469 1466
1469 1467 1468
1470 1471 1472
1473 1472 1471
1473 1471 1474
1474 1475 1473
1474 1471 1476
1474 1477 1475
1476 1478 1474
1474 1478 1477
1479 1480 1481
1481 1480 1482
1483 1484 1485
1483 1485 1486
1483 1486 1487
1487 1486 1488
1489 1490 1491
1489 1491 1492
1492 1491 1493
1494 1495 1496
1494 1496 1497
1494 1497 1498
1498 1497 1499
1498 1499 1500
1501 1502 1503
1501 1504 1502
1501 1505 1504
1506 1507 1508
1506 1509 1507
1506 1510 1509
1511 1512 1513
1511 1513 1514
1514 1513 1515
1516 1517 1518
1519 1517 1516
1519 1520 1517
1521 1520 1519
1521 1522 1520
1523 1524 1525
1526 1523 1525
1523 1527 1524
1528 1524 1527
1526 1529 1523
1530 1529 1526
1531 1527 1523
1529 1531 1523
1532 1529 1530
1529 1532 1531
1530 1533 1532
1532 1533 1534
1528 1527 1535
1531 1535 1527
1528 1535 1536
1531 1536 1535
1528 1536 1537
1536 1538 1537
1531 1539 1536
1536 1539 1538
1532 1539 1531
1539 1540 1538
1532 1534 1541
1532 1541 1539
1539 1541 1540
1534 1542 1541
1541 1542 1540
1543 1544 1545
1544 1543 1546
1544 1547 1545
1544 1546 1548
1544 1549 1547
1548 1549 1544
1548 1550 1549
1549 1551 1547
1552 1549 1550
1549 1553 1551
1552 1553 1549
1551 1553 1554
1554 1553 1552
1555 1556 1557
1558 1557 1556
1558 1556 1559
1559 1560 1558
1559 1561 1560
1561 1562 1560
1562 1561 1563
1563 1561 1564
1565 1564 1561
1565 1561 1566
1566 1561 1559
1567 1565 1566
1566 1559 1568
1568 1567 1566
1568 1559 1556
1568 1569 1567
1567 1569 1570
1569 1568 1571
1571 1568 1556
1556 1572 1571
1570 1569 1573
1571 1573 1569
1556 1574 1572
1555 1574 1556
1574 1555 1575
1575 1572 1574
1575 1555 1576
1577 1575 1576
1578 1575 1577
1575 1578 1572
1579 1578 1577
1579 1572 1578
1577 1580 1579
1572 1581 1571
1571 1581 1573
1582 1579 1580
1582 1580 1583
1579 1584 1572
1582 1584 1579
1572 1584 1581
1585 1582 1583
1585 1584 1582
1585 1581 1584
1585 1583 1586
1585 1586 1587
1581 1585 1588
1585 1587 1588
1581 1588 1573
1589 1588 1587
1573 1588 1589
1573 1589 1590
1590 1570 1573
1590 1589 1591
1570 1590 1592
1590 1591 1592
1593 1594 1595
1594 1596 1595
1593 1597 1594
1593 1598 1597
1599 1597 1598
1599 1600 1597
1600 1594 1597
1601 1600 1599
1600 1602 1594
1594 1602 1596
1601 1603 1600
1603 1602 1600
1604 1603 1601
1603 1604 1605
1606 1603 1605
1603 1606 1602
1606 1605 1607
1596 1602 1608
1608 1602 1606
1606 1607 1609
1609 1607 1610
1606 1611 1608
1611 1596 1608
1609 1611 1606
1610 1612 1609
1610 1613 1612
1614 1612 1613
1615 1612 1614
1596 1611 1616
1596 1616 1617
1609 1618 1611
1612 1618 1609
1616 1611 1618
1615 1619 1612
1612 1619 1618
1619 1615 1620
1617 1616 1621
1622 1617 1621
1622 1621 1623
1616 1618 1624
1624 1618 1619
1624 1621 1616
1620 1625 1619
1624 1619 1625
1626 1625 1620
1624 1627 1621
1623 1621 1627
1625 1627 1624
1626 1628 1625
1623 1628 1626
1623 1627 1628
1625 1628 1627
1629 1630 1631
1632 1630 1629
1630 1633 1631
1632 1634 1630
1630 1634 1633
1632 1635 1634
1636 1633 1634
1637 1634 1635
1636 1634 1637
1637 1635 1638
1637 1639 1636
1638 1640 1637
1637 1640 1639
1638 1641 1640
1642 1639 1640
1643 1640 1641
1642 1640 1643
1643 1641 1644
1643 1645 1642
1644 1646 1643
1643 1646 1645
1644 1647 1646
1648 1645 1646
1647 1649 1646
1648 1646 1649
1647 1650 1649
1651 1649 1650
1652 1648 1649
1651 1652 1649
1652 1653 1648
1652 1651 1654
1653 1652 1655
1652 1654 1655
1653 1655 1656
1655 1654 1657
1656 1655 1657
1658 1659 1660
1661 1660 1659
1661 1659 1662
1661 1662 1663
1662 1664 1663
1664 1662 1659
1664 1665 1663
1665 1666 1663
1666 1665 1667
1664 1667 1665
1666 1667 1668
1664 1659 1669
1664 1669 1667
1658 1670 1659
1670 1669 1659
1671 1668 1667
1671 1672 1668
1671 1673 1672
1674 1667 1669
1670 1674 1669
1674 1671 1667
1658 1675 1670
1674 1670 1675
1658 1676 1675
1671 1677 1673
1674 1677 1671
1673 1677 1678
1673 1678 1679
1674 1680 1677
1674 1675 1680
1678 1677 1680
1681 1675 1676
1681 1676 1682
1681 1682 1683
1684 1680 1675
1678 1680 1684
1684 1675 1681
1685 1679 1678
1684 1685 1678
1685 1686 1679
1681 1683 1687
1684 1681 1687
1686 1685 1688
1686 1688 1689
1684 1690 1685
1684 1687 1690
1690 1688 1685
1683 1691 1687
1683 1692 1691
1691 1692 1693
1687 1694 1690
1690 1694 1688
1687 1691 1694
1695 1689 1688
1694 1695 1688
1695 1696 1689
1695 1697 1696
1694 1698 1695
1698 1694 1691
1698 1697 1695
1697 1699 1693
1691 1693 1699
1697 1698 1699
1698 1691 1699
1700 1701 1702
1700 1703 1701
1701 1703 1704
1702 1701 1705
1701 1704 1705
1702 1705 1706
1707 1706 1705
1704 1708 1705
1707 1705 1708
1704 1709 1708
1708 1710 1707
1709 1711 1708
1708 1711 1710
1709 1712 1711
1713 1711 1712
1710 1711 1714
1713 1714 1711
1710 1714 1715
1713 1716 1714
1715 1714 1716
1713 1717 1716
1715 1716 1718
1719 1716 1717
1720 1718 1716
1719 1720 1716
1720 1721 1718
1720 1719 1722
1721 1720 1723
1720 1722 1723
1721 1723 1724
1722 1725 1723
1724 1723 1725
1726 1727 1728
1728 1727 1729
1726 1728 1730
1731 1726 1730
1731 1730 1732
1732 1733 1731
1732 1734 1733
1735 1733 1734
1730 1736 1732
1734 1732 1736
1728 1737 1730
1730 1737 1736
1738 1728 1729
1728 1738 1737
1739 1738 1729
1729 1740 1739
1739 1740 1741
1738 1739 1742
1739 1741 1742
1738 1742 1737
1742 1741 1743
1737 1742 1744
1742 1743 1744
1737 1744 1736
1744 1743 1745
1744 1745 1746
1736 1744 1746
1746 1745 1747
1736 1746 1748
1734 1736 1748
1746 1747 1749
1748 1746 1749
1750 1749 1747
1734 1748 1751
1748 1749 1751
1750 1752 1749
1753 1752 1750
1754 1749 1752
1754 1751 1749
1753 1755 1752
1754 1752 1755
1755 1753 1756
1734 1751 1757
1735 1734 1757
1757 1758 1735
1751 1759 1757
1757 1759 1758
1751 1754 1759
1760 1758 1759
1755 1756 1761
1761 1756 1762
1754 1755 1763
1763 1759 1754
1763 1755 1761
1760 1759 1764
1763 1764 1759
1765 1760 1764
1765 1764 1766
1766 1764 1763
1766 1767 1765
1761 1762 1768
1768 1762 1769
1763 1761 1770
1766 1763 1770
1761 1768 1770
1766 1771 1767
1767 1771 1769
1771 1768 1769
1770 1771 1766
1770 1768 1771
