byte offset: 0
first index: 0
index count: 11670
topology: trianglelist
format: DXGI_FORMAT_R16_UINT

0 1 2
3 4 5
6 7 8
9 10 11
12 13 14
15 16 17
18 19 20
20 19 21
22 20 21
22 23 20
22 24 23
22 25 24
26 24 25
26 25 27
27 28 26
27 29 28
28 29 30
28 30 31
32 31 30
32 33 31
32 34 33
32 35 34
36 34 35
36 35 37
37 38 36
37 39 38
40 41 42
40 42 43
44 43 42
44 45 43
46 45 44
46 47 45
48 47 46
48 49 47
50 49 48
50 51 49
51 50 52
51 52 53
53 52 54
53 54 55
55 54 56
55 56 57
58 57 56
58 56 59
59 60 58
59 61 60
62 63 64
62 65 63
65 66 63
65 67 66
67 68 66
67 69 68
70 68 69
70 69 71
72 70 71
72 71 73
74 72 73
74 73 75
76 74 75
76 75 77
77 78 76
77 79 78
80 78 79
80 81 78
82 81 80
82 83 81
84 85 86
84 86 87
87 86 88
87 88 89
90 89 88
90 91 89
90 92 91
90 93 92
94 92 93
94 95 92
96 95 94
96 97 95
98 97 96
98 99 97
99 98 100
99 100 101
102 101 100
102 100 103
103 104 102
102 104 105
106 107 108
106 108 109
110 109 108
110 108 111
110 111 112
110 112 113
114 115 116
114 117 115
118 117 114
118 119 117
120 121 122
123 120 122
123 124 120
125 123 122
126 123 125
126 127 123
126 128 127
129 128 126
129 126 130
131 127 128
131 132 127
132 131 133
132 133 134
134 133 135
133 136 135
133 137 136
138 137 133
138 139 137
140 141 142
140 143 141
144 141 143
144 145 141
146 145 144
146 147 145
148 147 146
148 146 149
149 150 148
149 151 150
152 153 154
152 155 153
156 153 155
156 157 153
158 157 156
158 159 157
160 159 158
160 161 159
160 162 161
160 163 162
164 165 166
167 164 166
168 164 167
168 169 164
170 169 168
170 171 169
170 172 171
170 173 172
174 175 176
174 176 177
178 179 180
178 180 181
181 180 182
178 181 183
181 182 184
178 183 185
184 182 186
184 186 187
186 188 187
186 189 188
188 189 190
190 189 191
185 183 192
185 192 193
194 193 192
194 192 195
194 195 196
197 193 194
197 194 198
199 200 201
199 202 200
199 203 202
199 204 203
200 202 205
205 202 203
200 205 206
207 203 204
207 204 208
209 207 208
210 205 203
207 210 203
211 206 205
210 211 205
211 212 206
207 209 213
210 207 213
213 209 214
215 211 210
210 213 215
216 212 211
215 216 211
216 217 212
218 217 216
218 216 219
219 216 215
220 218 219
213 214 221
221 214 222
223 215 213
219 215 223
223 213 221
224 220 219
220 224 225
225 224 226
226 224 227
224 219 228
223 228 219
228 227 224
221 222 229
229 222 230
221 231 223
231 228 223
221 229 231
228 232 227
233 227 232
234 228 231
234 231 229
234 232 228
229 230 235
234 229 235
233 232 236
233 236 237
236 238 237
239 238 236
240 238 239
239 241 240
239 242 241
243 232 234
243 236 232
243 234 235
239 236 243
244 235 230
243 235 244
244 230 245
246 243 244
239 243 246
245 247 244
246 244 247
245 248 247
239 249 242
249 250 242
251 239 246
251 246 247
251 249 239
248 252 247
251 247 252
251 252 253
248 254 252
252 254 253
253 254 255
256 253 255
256 257 253
253 257 250
251 258 249
251 253 258
253 250 258
249 258 250
259 260 261
259 261 262
259 262 263
263 262 264
265 259 263
263 264 266
266 267 263
268 267 266
265 263 269
267 269 263
270 265 269
271 267 268
271 268 272
271 272 273
274 271 273
275 271 274
276 275 274
275 276 277
270 269 278
278 279 270
280 267 271
275 280 271
281 275 277
281 277 282
281 282 283
283 282 284
283 284 285
281 286 275
280 275 286
281 283 286
280 286 283
285 287 283
285 288 287
280 283 289
283 287 289
287 288 290
290 288 291
290 292 287
292 289 287
293 290 291
292 290 293
294 280 289
280 294 267
289 292 295
292 293 295
294 289 296
289 295 296
267 294 297
296 297 294
293 291 298
291 299 298
300 298 299
300 301 298
302 301 300
298 303 293
298 301 303
301 304 303
302 305 301
301 305 304
305 302 306
305 306 307
308 305 307
308 304 305
304 308 309
303 310 293
295 293 310
311 310 303
311 303 304
310 312 295
310 311 312
313 295 312
313 296 295
296 313 297
311 314 312
313 312 314
304 315 311
311 315 314
304 309 316
304 316 315
317 316 309
317 315 316
317 309 318
313 314 319
297 313 319
315 320 314
320 319 314
317 321 315
315 321 320
321 322 320
323 317 318
323 318 324
325 323 324
325 326 323
327 321 317
327 317 323
327 323 326
321 327 322
327 326 328
328 322 327
328 329 322
330 322 329
322 331 320
320 331 319
330 332 322
322 332 331
330 333 332
333 331 332
330 334 333
333 334 335
336 335 334
337 331 333
333 335 337
338 319 331
337 338 331
338 339 319
297 319 339
340 297 339
267 297 340
267 340 269
269 340 341
340 339 341
269 341 278
339 342 341
339 338 342
278 341 342
338 343 342
338 337 343
278 342 344
343 344 342
278 344 279
279 344 345
343 345 344
279 345 346
345 347 346
346 347 348
345 349 347
343 349 345
337 349 343
337 350 349
350 351 349
335 350 337
335 352 350
336 352 335
336 353 352
336 354 353
353 355 352
356 357 358
358 357 359
357 360 359
360 361 359
362 361 360
363 361 362
364 365 366
367 364 366
368 369 370
368 371 369
371 368 372
373 371 372
373 372 374
375 373 374
375 376 373
377 376 375
377 378 376
379 378 377
380 371 373
376 380 373
381 369 371
380 381 371
380 382 381
383 369 381
382 383 381
383 384 369
385 384 383
385 383 382
385 382 386
385 387 384
387 385 388
386 388 385
376 389 380
378 389 376
390 380 389
390 382 380
389 378 390
391 387 388
392 387 391
392 391 393
392 393 394
395 392 394
393 391 396
396 391 388
396 388 397
388 398 397
399 397 398
382 390 400
390 378 401
390 401 400
382 400 402
386 382 402
403 402 400
386 402 403
404 400 401
403 400 404
378 405 401
404 401 405
378 406 405
378 379 406
406 379 407
404 405 408
408 405 406
406 407 409
409 407 410
406 409 411
406 411 408
412 409 410
412 411 409
411 413 408
413 411 412
408 414 404
413 414 408
403 404 415
414 415 404
416 412 410
417 416 410
418 413 412
418 412 416
419 414 413
414 419 415
419 413 418
403 415 420
386 403 420
421 416 417
421 417 422
422 423 421
424 416 421
423 424 421
418 416 425
424 425 416
426 419 418
425 426 418
427 415 419
426 427 419
425 428 426
428 425 424
427 426 428
429 424 423
429 428 424
429 423 430
429 430 431
429 431 432
429 432 428
432 431 433
427 434 415
434 420 415
427 428 435
435 428 432
434 427 435
434 436 420
436 386 420
434 435 437
437 436 434
438 437 435
435 432 439
438 435 439
432 433 440
439 432 440
441 440 433
439 440 441
441 433 442
439 441 443
443 441 442
438 439 443
443 442 444
444 445 443
443 445 438
444 446 445
446 447 445
438 445 447
446 448 447
447 448 449
450 437 438
437 450 436
438 447 451
450 438 451
449 452 447
447 452 451
449 453 452
451 452 454
452 453 454
451 454 450
455 454 453
456 436 450
436 456 386
386 456 388
456 450 457
388 456 457
450 454 457
457 398 388
458 457 454
458 398 457
455 458 454
399 398 458
399 458 455
399 455 459
460 461 462
460 462 463
463 464 460
462 465 463
463 465 464
462 466 465
467 464 465
467 465 468
465 466 469
465 469 468
466 470 469
466 471 470
471 472 470
473 469 470
468 469 473
474 467 468
474 475 467
476 475 474
476 474 477
477 474 468
476 477 478
470 472 479
473 470 479
479 472 480
473 479 480
473 481 468
468 482 477
468 481 482
473 483 481
473 480 483
484 481 483
484 482 481
480 484 483
485 477 482
485 482 484
486 485 484
480 487 484
487 486 484
480 488 487
480 472 488
488 486 487
488 489 486
490 488 472
490 489 488
472 491 490
490 491 489
472 492 491
493 491 492
494 477 485
486 494 485
495 477 494
486 496 494
495 494 496
486 489 497
497 496 486
497 498 496
489 498 497
495 499 477
499 478 477
495 496 500
496 498 500
478 499 501
478 501 502
502 501 503
502 503 504
503 505 504
499 506 501
501 506 503
489 507 498
508 507 489
491 508 489
509 508 491
493 509 491
493 510 509
511 510 493
511 512 510
513 509 510
512 513 510
509 514 508
513 514 509
508 515 507
514 515 508
512 516 513
512 517 516
518 516 517
518 517 519
520 513 516
520 516 518
513 521 514
520 521 513
514 521 522
522 515 514
520 523 521
522 521 523
518 519 524
524 519 525
518 526 520
520 526 523
524 525 527
525 528 527
529 518 524
529 526 518
527 529 524
526 530 523
529 530 526
529 531 530
527 528 532
532 528 533
527 534 529
529 534 531
535 527 532
535 534 527
532 533 536
536 533 537
538 532 536
538 536 537
538 535 532
538 537 539
537 540 539
539 540 541
542 535 538
542 538 539
539 541 543
542 539 543
544 543 541
545 534 535
542 545 535
544 546 543
547 546 544
542 543 548
548 543 546
545 549 534
549 545 550
531 534 549
551 545 542
551 542 548
550 545 551
531 549 552
550 552 549
531 552 553
523 531 553
523 553 554
522 523 554
548 555 551
546 556 548
556 555 548
550 551 557
557 551 555
522 554 558
522 558 559
559 515 522
554 560 558
554 561 560
560 561 562
562 563 560
563 562 552
563 552 564
550 564 552
559 565 515
515 565 507
559 558 566
566 558 567
564 568 567
566 567 568
564 569 568
569 564 550
566 570 559
570 565 559
507 565 571
507 571 498
550 572 569
573 569 572
573 574 569
550 557 572
573 575 574
576 566 575
566 576 570
577 565 570
577 571 565
577 570 576
576 575 578
573 578 575
579 576 578
577 576 579
571 580 498
500 498 580
500 580 581
495 500 581
580 571 582
582 581 580
583 571 577
583 582 571
584 582 583
585 583 577
579 585 577
585 584 583
578 573 586
579 578 586
587 579 586
587 588 579
585 579 588
582 589 581
584 589 582
586 573 590
586 590 587
573 591 590
591 587 590
585 592 584
588 592 585
573 593 591
572 593 573
588 594 592
587 595 588
595 594 588
587 596 595
595 597 594
587 598 596
594 597 599
592 594 600
600 594 599
584 592 600
587 601 598
591 601 587
598 601 602
591 602 601
603 602 591
603 591 604
604 605 603
604 591 593
606 605 604
607 605 606
604 593 608
608 606 604
600 599 609
599 610 609
610 611 609
610 612 611
612 613 611
609 614 600
611 614 609
600 614 615
615 584 600
615 614 616
616 614 611
616 611 617
611 618 617
611 613 618
618 613 619
618 619 620
618 621 617
622 617 621
617 622 623
624 584 615
624 615 616
584 624 589
625 624 616
589 624 626
625 626 624
617 627 616
627 625 616
589 626 628
589 628 581
581 628 629
626 629 628
581 629 495
495 629 630
629 626 630
495 630 499
625 631 626
631 630 626
499 630 632
506 499 632
633 630 631
633 632 630
625 633 631
633 506 632
627 634 625
625 634 633
633 635 506
634 635 633
636 634 627
636 627 617
506 635 637
503 506 637
634 638 635
636 638 634
637 635 638
639 636 617
617 623 639
503 637 640
503 640 505
641 640 637
640 641 505
637 638 641
638 636 642
639 642 636
639 623 643
644 643 623
639 643 645
639 645 642
644 646 643
646 645 643
647 646 644
638 642 648
638 648 641
649 648 642
649 642 645
641 648 649
641 650 505
641 649 650
505 650 651
647 652 646
652 647 653
652 653 654
655 652 654
656 645 646
656 646 652
656 649 645
656 652 655
656 657 649
657 656 655
650 649 657
657 655 658
657 658 659
651 650 660
650 657 660
657 659 660
651 660 661
660 659 662
660 662 661
663 664 665
663 665 666
607 666 665
667 666 607
607 606 667
663 666 668
667 668 666
606 669 667
669 668 667
663 668 670
671 663 670
672 671 670
672 670 673
670 668 674
670 674 673
669 674 668
675 674 669
674 676 673
675 676 674
606 677 669
675 669 677
608 677 606
675 678 676
679 676 678
608 680 677
680 675 677
681 678 675
682 678 681
683 682 681
683 684 682
683 685 684
675 686 681
680 686 675
683 681 686
680 683 686
687 685 683
688 685 687
689 688 687
690 683 680
690 687 683
608 691 680
691 690 680
691 608 692
593 692 608
572 692 593
691 692 693
693 692 572
693 690 691
693 572 557
555 693 557
555 694 693
693 694 690
555 556 694
695 690 694
695 687 690
694 556 695
696 687 695
696 689 687
696 697 689
689 697 698
698 697 699
700 695 556
700 556 546
695 701 696
700 701 695
700 546 702
702 546 547
702 547 703
702 704 700
701 700 704
705 704 702
706 701 704
701 706 696
704 705 706
707 699 697
707 708 699
707 709 708
709 707 710
710 707 711
711 707 697
710 711 712
713 712 711
711 697 713
713 714 712
713 715 714
697 696 716
713 697 716
716 696 706
713 717 715
713 716 717
717 718 715
717 719 718
716 706 720
717 716 720
721 719 717
717 720 721
721 722 719
723 720 706
723 721 720
723 706 705
723 705 724
725 722 721
723 725 721
725 726 722
727 726 725
723 728 725
727 725 728
723 724 728
728 729 727
728 724 729
729 724 730
729 730 731
729 731 732
730 733 731
734 735 736
734 737 735
738 737 734
737 739 735
738 740 737
737 740 739
741 740 738
739 740 742
741 742 740
739 742 743
744 742 741
745 743 742
744 745 742
745 746 743
747 745 744
747 746 745
747 744 748
747 749 746
747 748 750
747 750 749
751 752 753
751 754 752
755 752 754
755 754 756
757 758 759
760 757 759
761 762 763
764 763 762
764 762 765
766 764 765
766 765 767
768 766 767
768 767 769
770 768 769
770 769 771
772 770 771
772 771 773
774 772 773
774 773 775
775 776 774
777 778 779
777 779 780
781 780 779
782 783 784
784 785 782
786 782 785
787 788 789
787 790 788
788 790 791
792 793 794
792 795 793
795 792 796
795 796 797
798 799 800
798 800 801
802 803 804
805 802 804
805 806 802
806 807 802
807 808 802
809 808 807
809 810 808
811 810 809
812 813 814
812 815 813
816 815 812
817 813 815
816 817 815
818 817 816
817 819 813
818 820 817
820 819 817
821 820 818
819 820 822
821 822 820
819 822 823
824 822 821
823 822 825
824 825 822
826 823 825
826 825 824
827 828 829
829 828 830
831 832 833
831 834 832
834 835 832
836 837 838
836 839 837
840 837 839
841 842 843
843 842 844
843 844 845
845 844 846
847 848 849
850 848 847
850 851 848
852 851 850
853 850 847
854 853 847
853 854 855
852 850 856
852 856 857
857 856 858
858 856 859
860 850 853
853 855 860
856 850 860
856 861 859
856 860 861
860 855 861
861 862 859
861 855 862
863 864 865
863 865 866
866 865 867
866 867 868
869 868 867
869 870 868
871 870 869
871 872 870
873 872 871
873 871 874
873 874 875
873 875 876
877 876 875
877 875 878
877 878 879
877 879 880
880 879 881
880 881 882
882 881 883
882 883 884
884 883 885
884 885 886
886 885 887
886 887 888
888 887 889
888 889 890
890 889 891
890 891 892
892 891 893
892 893 894
894 893 895
894 895 896
896 895 897
896 897 898
898 897 899
898 899 900
900 899 901
900 901 902
902 901 903
902 903 904
904 903 905
904 905 906
906 905 907
906 907 908
908 907 909
908 909 910
911 912 913
911 913 914
914 913 915
911 914 916
911 916 917
916 918 917
916 919 918
920 919 916
914 920 916
920 921 919
914 915 922
922 915 923
924 920 914
922 924 914
924 925 920
922 923 926
926 923 927
922 928 924
928 922 926
929 925 924
929 930 925
929 931 930
924 932 929
924 928 932
929 933 931
933 929 932
928 933 932
933 934 931
928 935 933
933 935 934
935 928 926
936 934 935
926 927 937
937 927 938
935 926 939
936 935 939
939 926 937
936 939 937
937 940 936
937 938 941
941 940 937
941 938 942
941 943 940
941 942 944
944 943 941
944 945 943
946 947 948
946 948 949
950 951 952
950 952 953
953 954 950
953 952 955
953 955 956
954 957 950
958 953 956
958 954 953
958 956 959
958 959 960
954 961 957
962 961 954
962 963 961
961 963 957
958 964 954
958 960 964
964 965 954
962 954 965
966 965 964
966 964 960
966 962 965
967 966 960
967 960 968
967 968 969
966 967 970
967 969 970
966 970 962
971 962 970
970 969 972
970 972 971
972 973 971
974 971 973
973 975 974
974 976 971
976 974 975
977 971 976
977 976 975
978 962 971
977 978 971
978 979 962
962 979 963
963 979 980
978 980 979
963 980 981
982 981 980
983 980 978
982 980 983
983 978 977
983 984 982
977 985 983
983 985 984
977 986 985
977 975 986
984 985 987
986 987 985
984 987 988
989 988 987
990 987 986
989 987 990
990 986 975
991 989 990
991 990 992
990 975 993
992 990 993
993 975 994
992 993 995
993 994 996
993 996 995
997 998 999
998 1000 999
999 1000 1001
1001 1000 1002
1002 1000 1003
1002 1003 1004
1002 1004 1005
1005 1004 1006
1007 1008 1009
1009 1008 1010
1011 1010 1008
1011 1008 1012
1011 1012 1013
1011 1013 1014
1015 1014 1013
1015 1016 1014
1016 1015 1017
1016 1017 1018
1017 1019 1018
1017 1020 1019
1021 1019 1020
1021 1020 1022
1021 1022 1023
1021 1023 1024
1025 1024 1023
1025 1026 1024
1026 1025 1027
1026 1027 1028
1029 1030 1031
1029 1032 1030
1033 1030 1032
1033 1032 1034
1035 1033 1034
1035 1034 1036
1037 1035 1036
1037 1036 1038
1039 1037 1038
1039 1038 1040
1040 1041 1039
1040 1042 1041
1042 1043 1041
1042 1044 1043
1044 1045 1043
1044 1046 1045
1047 1045 1046
1047 1048 1045
1048 1047 1049
1048 1049 1050
1051 1052 1053
1051 1053 1054
1054 1053 1055
1054 1055 1056
1056 1055 1057
1056 1057 1058
1059 1058 1057
1059 1060 1058
1061 1060 1059
1061 1062 1060
1063 1062 1061
1063 1064 1062
1065 1064 1063
1065 1066 1064
1066 1065 1067
1066 1067 1068
1069 1068 1067
1069 1067 1070
1071 1069 1070
1071 1070 1072
1073 1074 1075
1073 1076 1074
1076 1077 1074
1076 1078 1077
1079 1077 1078
1079 1078 1080
1079 1080 1081
1079 1081 1082
1083 1082 1081
1083 1081 1084
1085 1083 1084
1085 1084 1086
1087 1085 1086
1087 1086 1088
1088 1089 1087
1088 1090 1089
1091 1089 1090
1091 1092 1089
1092 1091 1093
1093 1091 1094
1095 1096 1097
1095 1098 1096
1099 1096 1098
1099 1100 1096
1099 1101 1100
1099 1102 1101
1103 1104 1105
1103 1105 1106
1107 1103 1106
1107 1106 1108
1109 1110 1111
1112 1110 1109
1112 1109 1113
1114 1110 1112
1115 1114 1112
1115 1112 1116
1115 1116 1117
1118 1115 1117
1118 1119 1115
1120 1117 1116
1120 1116 1121
1121 1122 1120
1121 1123 1122
1123 1124 1122
1122 1124 1125
1122 1125 1126
1127 1122 1126
1127 1126 1128
1129 1130 1131
1129 1131 1132
1133 1132 1131
1133 1131 1134
1135 1133 1134
1135 1134 1136
1137 1135 1136
1137 1138 1135
1138 1137 1139
1138 1139 1140
1141 1142 1143
1141 1143 1144
1145 1144 1143
1145 1143 1146
1147 1145 1146
1147 1146 1148
1149 1147 1148
1149 1148 1150
1149 1150 1151
1149 1151 1152
1153 1154 1155
1156 1154 1153
1157 1156 1153
1157 1153 1158
1159 1157 1158
1159 1158 1160
1159 1160 1161
1159 1161 1162
1163 1164 1165
1163 1165 1166
1167 1168 1169
1167 1170 1168
1170 1171 1168
1167 1172 1170
1170 1173 1171
1167 1174 1172
1173 1175 1171
1173 1176 1175
1175 1176 1177
1175 1177 1178
1177 1179 1178
1179 1180 1178
1174 1181 1172
1174 1182 1181
1183 1181 1182
1183 1184 1181
1183 1185 1184
1186 1183 1182
1186 1187 1183
1188 1189 1190
1188 1190 1191
1188 1191 1192
1188 1192 1193
1190 1194 1191
1194 1192 1191
1190 1195 1194
1196 1193 1192
1196 1197 1193
1198 1197 1196
1199 1194 1195
1199 1195 1200
1201 1192 1194
1196 1192 1201
1201 1194 1199
1196 1202 1198
1201 1202 1196
1202 1203 1198
1204 1199 1200
1204 1200 1205
1206 1204 1205
1207 1201 1199
1207 1199 1204
1201 1207 1202
1206 1208 1204
1208 1207 1204
1209 1208 1206
1202 1210 1203
1210 1211 1203
1212 1202 1207
1208 1212 1207
1212 1210 1202
1213 1208 1209
1209 1214 1213
1214 1215 1213
1215 1216 1213
1213 1217 1208
1212 1208 1217
1217 1213 1216
1210 1218 1211
1218 1219 1211
1210 1212 1220
1220 1212 1217
1210 1220 1218
1217 1216 1221
1222 1221 1216
1223 1220 1217
1223 1218 1220
1223 1217 1221
1218 1224 1219
1223 1224 1218
1222 1225 1221
1222 1226 1225
1225 1226 1227
1228 1225 1227
1229 1228 1227
1228 1229 1230
1228 1230 1231
1232 1223 1221
1232 1221 1225
1232 1224 1223
1228 1232 1225
1233 1219 1224
1232 1233 1224
1233 1234 1219
1235 1233 1232
1228 1235 1232
1234 1233 1236
1235 1236 1233
1234 1236 1237
1228 1231 1238
1238 1231 1239
1240 1235 1228
1240 1236 1235
1240 1228 1238
1237 1236 1241
1240 1241 1236
1240 1242 1241
1237 1241 1243
1241 1242 1243
1242 1244 1243
1245 1244 1242
1245 1242 1246
1242 1239 1246
1240 1238 1247
1240 1247 1242
1242 1247 1239
1238 1239 1247
1248 1249 1250
1248 1251 1249
1248 1252 1251
1252 1253 1251
1254 1252 1248
1252 1255 1253
1255 1252 1256
1257 1255 1256
1254 1258 1252
1256 1252 1258
1259 1258 1254
1260 1257 1256
1260 1261 1257
1260 1262 1261
1263 1262 1260
1264 1263 1260
1265 1263 1264
1264 1266 1265
1259 1267 1258
1267 1259 1268
1269 1260 1256
1264 1260 1269
1270 1266 1264
1270 1271 1266
1270 1272 1271
1272 1273 1271
1272 1274 1273
1270 1264 1275
1269 1275 1264
1270 1275 1272
1269 1272 1275
1274 1272 1276
1274 1276 1277
1269 1278 1272
1272 1278 1276
1276 1279 1277
1279 1280 1277
1279 1276 1281
1281 1276 1278
1282 1280 1279
1281 1282 1279
1283 1278 1269
1269 1256 1283
1278 1284 1281
1281 1284 1282
1283 1285 1278
1278 1285 1284
1256 1286 1283
1285 1283 1286
1282 1287 1280
1280 1287 1288
1289 1288 1287
1289 1287 1290
1291 1289 1290
1287 1282 1292
1287 1292 1290
1290 1292 1293
1291 1290 1294
1290 1293 1294
1294 1295 1291
1294 1296 1295
1297 1296 1294
1297 1294 1293
1293 1298 1297
1292 1282 1299
1284 1299 1282
1300 1292 1299
1300 1293 1292
1299 1284 1301
1299 1301 1300
1302 1301 1284
1302 1284 1285
1285 1286 1302
1300 1301 1303
1302 1303 1301
1293 1300 1304
1300 1303 1304
1293 1305 1298
1293 1304 1305
1306 1298 1305
1306 1305 1304
1306 1307 1298
1302 1308 1303
1286 1308 1302
1304 1303 1309
1309 1303 1308
1306 1304 1310
1304 1309 1310
1310 1309 1311
1312 1307 1306
1312 1313 1307
1314 1313 1312
1314 1312 1315
1316 1306 1310
1316 1312 1306
1316 1315 1312
1310 1311 1316
1316 1317 1315
1317 1316 1311
1317 1311 1318
1319 1318 1311
1311 1309 1320
1309 1308 1320
1319 1311 1321
1311 1320 1321
1319 1321 1322
1322 1321 1320
1319 1322 1323
1322 1324 1323
1325 1323 1324
1326 1322 1320
1322 1326 1324
1327 1320 1308
1326 1320 1327
1327 1308 1328
1286 1328 1308
1329 1328 1286
1256 1329 1286
1256 1258 1329
1258 1330 1329
1329 1330 1328
1258 1267 1330
1328 1330 1331
1328 1331 1327
1267 1331 1330
1327 1331 1332
1327 1332 1326
1267 1333 1331
1332 1331 1333
1267 1268 1333
1268 1334 1333
1332 1333 1334
1268 1335 1334
1334 1335 1336
1335 1337 1336
1334 1336 1338
1332 1334 1338
1326 1332 1338
1326 1338 1339
1339 1338 1340
1324 1326 1339
1324 1339 1341
1325 1324 1341
1325 1341 1342
1325 1342 1343
1342 1341 1344
1345 1346 1347
1346 1348 1347
1347 1348 1349
1349 1348 1350
1351 1349 1350
1352 1351 1350
1353 1354 1355
1356 1354 1353
1357 1358 1359
1357 1359 1360
1360 1361 1357
1362 1361 1360
1362 1363 1361
1364 1363 1362
1364 1362 1365
1366 1364 1365
1366 1365 1367
1368 1366 1367
1369 1362 1360
1365 1362 1369
1370 1360 1359
1369 1360 1370
1369 1370 1371
1372 1370 1359
1371 1370 1372
1372 1359 1373
1374 1372 1373
1374 1371 1372
1374 1375 1371
1374 1373 1376
1376 1377 1374
1375 1374 1377
1365 1369 1378
1367 1365 1378
1379 1378 1369
1379 1369 1371
1378 1379 1367
1380 1377 1376
1381 1380 1376
1381 1382 1380
1381 1383 1382
1384 1383 1381
1382 1385 1380
1385 1377 1380
1385 1386 1377
1377 1386 1387
1388 1387 1386
1371 1389 1379
1379 1390 1367
1379 1389 1390
1371 1391 1389
1375 1391 1371
1392 1389 1391
1375 1392 1391
1393 1390 1389
1392 1393 1389
1367 1390 1394
1393 1394 1390
1367 1394 1395
1367 1395 1368
1395 1396 1368
1393 1397 1394
1397 1395 1394
1395 1398 1396
1398 1399 1396
1395 1400 1398
1395 1397 1400
1401 1399 1398
1401 1398 1400
1400 1397 1402
1402 1401 1400
1397 1393 1403
1402 1397 1403
1392 1404 1393
1403 1393 1404
1401 1405 1399
1406 1399 1405
1407 1401 1402
1407 1405 1401
1408 1402 1403
1403 1404 1408
1408 1407 1402
1392 1409 1404
1375 1409 1392
1410 1406 1405
1410 1411 1406
1411 1410 1412
1413 1410 1405
1412 1410 1413
1407 1414 1405
1413 1405 1414
1415 1407 1408
1414 1407 1415
1416 1408 1404
1415 1408 1416
1414 1415 1417
1417 1413 1414
1416 1417 1415
1418 1412 1413
1418 1413 1417
1418 1419 1412
1418 1420 1419
1418 1421 1420
1418 1417 1421
1421 1422 1420
1416 1404 1423
1423 1404 1409
1416 1424 1417
1424 1421 1417
1423 1424 1416
1423 1409 1425
1425 1409 1375
1423 1426 1424
1426 1423 1425
1427 1424 1426
1424 1428 1421
1427 1428 1424
1421 1429 1422
1428 1429 1421
1430 1422 1429
1428 1430 1429
1430 1431 1422
1428 1432 1430
1432 1431 1430
1427 1432 1428
1432 1433 1431
1433 1432 1434
1432 1427 1434
1433 1434 1435
1435 1434 1436
1427 1436 1434
1435 1436 1437
1436 1438 1437
1439 1427 1426
1426 1425 1439
1427 1440 1436
1439 1440 1427
1438 1436 1441
1436 1440 1441
1438 1441 1442
1440 1443 1441
1441 1443 1442
1440 1439 1443
1444 1442 1443
1445 1439 1425
1425 1375 1445
1375 1377 1445
1445 1446 1439
1377 1446 1445
1439 1446 1443
1446 1377 1387
1447 1443 1446
1447 1446 1387
1444 1443 1447
1388 1447 1387
1388 1444 1447
1388 1448 1444
1449 1450 1451
1449 1452 1450
1452 1449 1453
1450 1452 1454
1452 1453 1454
1450 1454 1455
1456 1454 1453
1456 1457 1454
1454 1458 1455
1454 1457 1458
1455 1458 1459
1455 1459 1460
1460 1459 1461
1462 1459 1458
1457 1462 1458
1463 1457 1456
1463 1456 1464
1465 1463 1464
1465 1466 1463
1466 1457 1463
1465 1467 1466
1459 1468 1461
1462 1468 1459
1468 1469 1461
1462 1469 1468
1462 1457 1470
1457 1466 1471
1457 1471 1470
1462 1470 1472
1462 1472 1469
1473 1472 1470
1473 1470 1471
1469 1472 1473
1474 1471 1466
1474 1473 1471
1475 1473 1474
1469 1473 1476
1476 1473 1475
1469 1476 1477
1469 1477 1461
1477 1476 1475
1477 1475 1478
1479 1461 1477
1479 1477 1478
1461 1479 1480
1479 1478 1480
1461 1480 1481
1482 1481 1480
1483 1474 1466
1475 1474 1483
1484 1483 1466
1475 1483 1485
1484 1485 1483
1475 1486 1478
1486 1475 1485
1486 1485 1487
1478 1486 1487
1484 1466 1488
1488 1466 1467
1484 1489 1485
1485 1489 1487
1467 1490 1488
1467 1491 1490
1491 1492 1490
1491 1493 1492
1492 1493 1494
1488 1490 1495
1490 1492 1495
1478 1487 1496
1497 1478 1496
1480 1478 1497
1498 1480 1497
1482 1480 1498
1482 1498 1499
1500 1482 1499
1500 1499 1501
1502 1499 1498
1501 1499 1502
1498 1497 1503
1502 1498 1503
1497 1496 1504
1503 1497 1504
1501 1502 1505
1501 1505 1506
1507 1506 1505
1507 1508 1506
1509 1505 1502
1509 1507 1505
1502 1503 1510
1509 1502 1510
1503 1511 1510
1511 1503 1504
1509 1510 1512
1511 1512 1510
1507 1513 1508
1513 1514 1508
1507 1509 1515
1509 1512 1515
1513 1516 1514
1514 1516 1517
1518 1513 1507
1518 1507 1515
1516 1513 1518
1515 1512 1519
1518 1515 1519
1518 1519 1520
1516 1521 1517
1521 1522 1517
1516 1518 1523
1518 1520 1523
1524 1521 1516
1524 1516 1523
1521 1525 1522
1525 1526 1522
1527 1525 1521
1527 1526 1525
1527 1521 1524
1527 1528 1526
1526 1528 1529
1528 1530 1529
1531 1527 1524
1531 1528 1527
1528 1532 1530
1531 1532 1528
1533 1530 1532
1534 1524 1523
1531 1524 1534
1533 1532 1535
1536 1533 1535
1531 1537 1532
1537 1535 1532
1534 1523 1538
1538 1539 1534
1520 1538 1523
1540 1531 1534
1540 1537 1531
1539 1540 1534
1520 1541 1538
1539 1538 1541
1520 1542 1541
1512 1542 1520
1512 1543 1542
1511 1543 1512
1537 1540 1544
1535 1537 1545
1545 1537 1544
1539 1546 1540
1546 1544 1540
1511 1547 1543
1511 1548 1547
1548 1511 1504
1543 1547 1549
1543 1549 1550
1549 1551 1550
1551 1549 1552
1552 1541 1551
1552 1553 1541
1539 1541 1553
1548 1504 1554
1504 1496 1554
1548 1555 1547
1555 1556 1547
1553 1556 1557
1555 1557 1556
1553 1557 1558
1558 1539 1553
1555 1548 1559
1559 1548 1554
1496 1560 1554
1496 1487 1560
1539 1558 1561
1562 1561 1558
1562 1558 1563
1539 1561 1546
1562 1563 1564
1565 1564 1555
1555 1559 1565
1566 1559 1554
1566 1554 1560
1566 1565 1559
1565 1567 1564
1562 1564 1567
1568 1567 1565
1566 1568 1565
1560 1487 1569
1489 1569 1487
1489 1570 1569
1484 1570 1489
1569 1571 1560
1571 1569 1570
1572 1566 1560
1572 1560 1571
1573 1572 1571
1574 1566 1572
1568 1566 1574
1574 1572 1573
1567 1575 1562
1568 1575 1567
1576 1575 1568
1576 1568 1577
1574 1577 1568
1571 1570 1578
1573 1571 1578
1575 1579 1562
1575 1576 1579
1562 1579 1580
1580 1579 1576
1574 1573 1581
1577 1574 1581
1562 1580 1582
1561 1562 1582
1577 1581 1583
1576 1577 1584
1584 1577 1583
1576 1584 1585
1584 1583 1586
1576 1585 1587
1583 1588 1586
1581 1589 1583
1589 1588 1583
1573 1589 1581
1576 1587 1590
1580 1576 1590
1587 1591 1590
1580 1590 1591
1592 1580 1591
1592 1593 1580
1593 1592 1594
1593 1582 1580
1595 1593 1594
1596 1595 1594
1593 1597 1582
1597 1593 1595
1582 1597 1598
1561 1582 1598
1599 1561 1598
1599 1546 1561
1544 1546 1599
1600 1598 1597
1600 1599 1598
1544 1599 1601
1544 1601 1545
1599 1600 1602
1599 1602 1601
1597 1603 1600
1600 1603 1602
1602 1603 1604
1601 1605 1545
1605 1601 1602
1597 1595 1606
1597 1606 1603
1603 1606 1607
1595 1608 1606
1607 1606 1608
1602 1604 1609
1605 1602 1609
1610 1545 1605
1610 1535 1545
1603 1607 1611
1603 1611 1604
1595 1612 1608
1596 1612 1595
1612 1596 1613
1596 1614 1613
1608 1612 1615
1612 1613 1615
1616 1613 1614
1616 1615 1613
1616 1614 1617
1608 1615 1618
1607 1608 1618
1616 1619 1615
1619 1618 1615
1620 1619 1616
1621 1619 1620
1621 1622 1619
1619 1622 1618
1618 1622 1623
1607 1618 1623
1607 1623 1624
1625 1624 1623
1626 1607 1624
1607 1626 1611
1627 1626 1624
1604 1611 1626
1604 1626 1627
1604 1627 1628
1604 1628 1629
1609 1604 1629
1630 1609 1629
1631 1609 1630
1632 1609 1631
1632 1631 1633
1631 1634 1633
1632 1605 1609
1634 1635 1633
1605 1632 1636
1610 1605 1636
1637 1633 1635
1637 1635 1638
1637 1638 1639
1639 1640 1637
1640 1641 1637
1641 1633 1637
1640 1642 1641
1643 1641 1642
1641 1643 1633
1643 1642 1644
1643 1644 1645
1633 1646 1632
1643 1646 1633
1643 1645 1647
1643 1647 1646
1647 1645 1648
1647 1648 1649
1646 1650 1632
1636 1632 1650
1651 1647 1649
1651 1649 1652
1647 1653 1646
1646 1653 1650
1647 1651 1653
1654 1651 1652
1654 1652 1655
1656 1654 1655
1657 1653 1651
1657 1651 1654
1657 1650 1653
1656 1658 1654
1657 1654 1658
1658 1656 1659
1650 1660 1636
1636 1660 1610
1657 1658 1661
1658 1659 1661
1657 1662 1650
1657 1661 1662
1660 1650 1662
1662 1663 1660
1663 1610 1660
1610 1663 1535
1663 1536 1535
1663 1664 1536
1659 1665 1661
1659 1666 1665
1659 1667 1666
1665 1666 1668
1669 1670 1671
1669 1671 1672
1673 1669 1672
1673 1674 1669
1669 1674 1675
1676 1673 1672
1677 1675 1674
1678 1673 1676
1674 1679 1677
1678 1680 1673
1588 1680 1678
1589 1680 1588
1673 1680 1681
1680 1589 1681
1682 1673 1681
1682 1674 1673
1589 1683 1681
1683 1682 1681
1683 1589 1573
1684 1683 1573
1684 1682 1683
1573 1578 1684
1685 1682 1684
1578 1686 1684
1685 1684 1686
1674 1682 1687
1687 1682 1685
1578 1688 1686
1578 1570 1688
1570 1689 1688
1686 1688 1689
1570 1484 1689
1484 1690 1689
1689 1690 1686
1484 1488 1690
1685 1686 1691
1691 1686 1690
1488 1692 1690
1495 1692 1488
1693 1691 1690
1693 1690 1692
1685 1691 1693
1693 1692 1495
1687 1685 1694
1685 1693 1694
1693 1495 1695
1694 1693 1695
1696 1687 1694
1696 1674 1687
1495 1697 1695
1492 1697 1495
1694 1695 1698
1696 1694 1698
1697 1698 1695
1699 1674 1696
1674 1699 1679
1492 1700 1697
1492 1494 1700
1701 1697 1700
1700 1494 1701
1697 1701 1698
1698 1702 1696
1699 1696 1702
1699 1703 1679
1704 1679 1703
1699 1705 1703
1699 1702 1705
1704 1703 1706
1706 1703 1705
1707 1704 1706
1698 1708 1702
1698 1701 1708
1709 1702 1708
1709 1705 1702
1701 1709 1708
1701 1494 1710
1701 1710 1709
1494 1711 1710
1707 1706 1712
1712 1713 1707
1712 1714 1713
1715 1714 1712
1716 1706 1705
1716 1712 1706
1716 1705 1709
1716 1715 1712
1716 1709 1717
1717 1715 1716
1710 1717 1709
1717 1718 1715
1717 1719 1718
1711 1720 1710
1710 1720 1717
1717 1720 1719
1711 1721 1720
1720 1722 1719
1720 1721 1722
1723 1724 1725
1723 1725 1726
1727 1723 1726
1726 1725 1728
1727 1726 1729
1726 1728 1729
1730 1727 1729
1728 1731 1729
1730 1729 1731
1728 1732 1731
1733 1730 1731
1734 1731 1732
1733 1731 1734
1734 1732 1735
1736 1733 1734
1736 1734 1735
1736 1737 1733
1736 1735 1738
1736 1739 1737
1736 1738 1739
1740 1741 1742
1740 1742 1743
1744 1743 1742
1744 1745 1743
1746 1747 1748
1749 1747 1746
1750 1751 1752
1753 1752 1751
1753 1754 1752
1755 1754 1753
1755 1756 1754
1757 1756 1755
1757 1758 1756
1759 1758 1757
1759 1760 1758
1761 1760 1759
1761 1762 1760
1763 1762 1761
1763 1764 1762
1764 1763 1765
1766 1767 1768
1766 1769 1767
1770 1767 1769
1771 1772 1773
1772 1771 1774
1775 1774 1771
1776 1777 1778
1776 1778 1779
1778 1780 1779
1781 1782 1783
1781 1783 1784
1784 1785 1781
1784 1786 1785
1787 1788 1789
1787 1789 1790
1791 1792 1793
1794 1792 1791
1794 1791 1795
1795 1791 1796
1796 1791 1797
1798 1796 1797
1798 1797 1799
1800 1798 1799
1801 1802 1803
1801 1803 1804
1805 1801 1804
1803 1806 1804
1805 1804 1806
1807 1805 1806
1808 1806 1803
1807 1806 1809
1809 1806 1808
1810 1807 1809
1808 1811 1809
1810 1809 1811
1808 1812 1811
1813 1810 1811
1811 1812 1814
1813 1811 1814
1815 1814 1812
1815 1813 1814
1816 1817 1818
1817 1819 1818
1820 1821 1822
1820 1822 1823
1823 1822 1824
1825 1826 1827
1825 1827 1828
1829 1828 1827
1830 1831 1832
1831 1833 1832
1831 1834 1833
1834 1835 1833
1836 1837 1838
1839 1836 1838
1839 1838 1840
1841 1839 1840
1842 1836 1839
1843 1836 1842
1842 1844 1843
1841 1845 1839
1841 1846 1845
1846 1847 1845
1847 1848 1845
1849 1842 1839
1842 1849 1844
1845 1849 1839
1845 1848 1850
1845 1850 1849
1849 1850 1844
1850 1848 1851
1850 1851 1844
1852 1853 1854
1852 1855 1853
1855 1856 1853
1855 1857 1856
1858 1856 1857
1858 1857 1859
1860 1858 1859
1860 1859 1861
1862 1860 1861
1862 1863 1860
1862 1864 1863
1862 1865 1864
1866 1864 1865
1866 1867 1864
1866 1868 1867
1866 1869 1868
1869 1870 1868
1869 1871 1870
1871 1872 1870
1871 1873 1872
1873 1874 1872
1873 1875 1874
1875 1876 1874
1875 1877 1876
1877 1878 1876
1877 1879 1878
1879 1880 1878
1879 1881 1880
1881 1882 1880
1881 1883 1882
1883 1884 1882
1883 1885 1884
1885 1886 1884
1885 1887 1886
1887 1888 1886
1887 1889 1888
1889 1890 1888
1889 1891 1890
1891 1892 1890
1891 1893 1892
1893 1894 1892
1893 1895 1894
1895 1896 1894
1895 1897 1896
1897 1898 1896
1897 1899 1898
1900 1901 1902
1900 1903 1901
1903 1904 1901
1900 1905 1903
1900 1906 1905
1905 1906 1907
1905 1907 1908
1909 1905 1908
1903 1905 1909
1909 1908 1910
1903 1911 1904
1911 1912 1904
1913 1903 1909
1911 1903 1913
1913 1909 1914
1911 1915 1912
1915 1916 1912
1911 1913 1917
1917 1915 1911
1918 1913 1914
1918 1914 1919
1918 1919 1920
1913 1918 1921
1913 1921 1917
1918 1920 1922
1922 1921 1918
1917 1921 1922
1922 1920 1923
1917 1922 1924
1922 1923 1924
1924 1915 1917
1925 1924 1923
1915 1926 1916
1926 1927 1916
1924 1928 1915
1925 1928 1924
1928 1926 1915
1925 1926 1928
1926 1925 1929
1926 1930 1927
1930 1926 1929
1930 1931 1927
1930 1929 1932
1930 1933 1931
1933 1930 1932
1933 1932 1934
1935 1936 1937
1935 1937 1938
1939 1940 1941
1939 1942 1940
1942 1939 1943
1942 1944 1940
1942 1945 1944
1943 1939 1946
1947 1945 1942
1947 1942 1943
1947 1948 1945
1947 1949 1948
1943 1946 1950
1951 1943 1950
1951 1950 1952
1950 1946 1952
1947 1943 1953
1947 1953 1949
1953 1943 1954
1951 1954 1943
1955 1953 1954
1955 1949 1953
1955 1954 1951
1956 1949 1955
1956 1957 1949
1956 1958 1957
1955 1959 1956
1956 1959 1958
1955 1951 1959
1960 1959 1951
1959 1961 1958
1959 1960 1961
1961 1960 1962
1963 1962 1960
1962 1963 1964
1963 1960 1965
1965 1964 1963
1966 1965 1960
1966 1964 1965
1967 1960 1951
1966 1960 1967
1967 1951 1968
1951 1952 1968
1952 1969 1968
1967 1968 1969
1952 1970 1969
1971 1969 1970
1972 1967 1969
1971 1972 1969
1972 1966 1967
1972 1971 1973
1966 1972 1974
1972 1973 1974
1966 1974 1975
1966 1975 1964
1973 1976 1974
1975 1974 1976
1973 1977 1976
1978 1976 1977
1976 1979 1975
1978 1979 1976
1979 1964 1975
1980 1979 1978
1980 1981 1979
1979 1982 1964
1981 1982 1979
1964 1982 1983
1981 1984 1982
1982 1985 1983
1982 1984 1985
1986 1987 1988
1988 1987 1989
1987 1990 1989
1990 1991 1989
1991 1992 1989
1991 1993 1992
1991 1994 1993
1994 1995 1993
1996 1997 1998
1996 1998 1999
1996 1999 2000
1996 2000 2001
2000 2002 2001
2000 2003 2002
2003 2004 2002
2003 2005 2004
2006 2004 2005
2004 2006 2007
2006 2005 2008
2008 2005 2009
2010 2011 2012
2010 2012 2013
2014 2013 2012
2014 2012 2015
2014 2015 2016
2014 2016 2017
2017 2016 2018
2017 2018 2019
2019 2018 2020
2019 2020 2021
2022 2023 2024
2022 2024 2025
2026 2022 2025
2026 2027 2022
2026 2028 2027
2026 2029 2028
2030 2028 2029
2030 2031 2028
2032 2031 2030
2032 2030 2033
2034 2035 2036
2034 2036 2037
2038 2037 2036
2038 2036 2039
2038 2039 2040
2038 2040 2041
2040 2042 2041
2040 2043 2042
2044 2042 2043
2044 2045 2042
2044 2046 2045
2044 2047 2046
2048 2047 2044
2048 2049 2047
2050 2049 2048
2050 2051 2049
2052 2051 2050
2052 2053 2051
2052 2054 2053
2053 2054 2055
2056 2057 2058
2056 2058 2059
2059 2058 2060
2059 2060 2061
2059 2061 2062
2062 2061 2063
2063 2064 2062
2063 2065 2064
2064 2065 2066
2064 2066 2067
2066 2068 2067
2066 2069 2068
2067 2068 2070
2067 2070 2071
2072 2073 2074
2072 2074 2075
2076 2075 2074
2076 2077 2075
2078 2077 2076
2078 2079 2077
2080 2079 2078
2080 2081 2079
2082 2081 2080
2082 2080 2083
2084 2085 2086
2084 2086 2087
2088 2087 2086
2088 2086 2089
2090 2089 2086
2090 2091 2089
2092 2091 2090
2092 2090 2093
2093 2094 2092
2095 2094 2093
2095 2096 2094
2097 2096 2095
2098 2097 2095
2098 2095 2099
2100 2101 2102
2100 2102 2103
2100 2103 2104
2100 2104 2105
2105 2104 2106
2105 2106 2107
2107 2106 2108
2109 2110 2111
2109 2111 2112
2113 2114 2115
2113 2115 2116
2117 2118 2119
2117 2119 2120
2121 2122 2123
2123 2122 2124
2123 2124 2125
2124 2122 2126
2124 2126 2127
2128 2127 2126
2129 2127 2128
2128 2126 2130
2131 2132 2133
2131 2133 2134
2135 2136 2137
2135 2137 2138
2139 2140 2141
2140 2142 2141
2140 2143 2142
2140 2144 2143
2140 2145 2144
2146 2144 2145
2146 2145 2147
2148 2149 2150
2148 2150 2151
2152 2153 2154
2154 2153 2155
2156 2154 2155
2156 2157 2154
2158 2156 2155
2159 2157 2156
2160 2157 2159
2158 2161 2156
2162 2161 2158
2162 2158 2163
2164 2162 2163
2164 2163 2165
2166 2164 2165
2166 2165 2167
2167 2168 2166
2167 2169 2168
2168 2169 2170
2168 2170 2171
2172 2173 2174
2172 2175 2173
2176 2173 2175
2176 2177 2173
2178 2177 2176
2178 2179 2177
2178 2180 2179
2178 2181 2180
2181 2182 2180
2181 2183 2182
2183 2184 2182
2182 2184 2185
2182 2185 2186
2186 2185 2187
2186 2187 2188
2186 2188 2189
2189 2188 2190
2190 2188 2191
2190 2191 2192
2192 2191 2193
2194 2195 2196
2194 2197 2195
2198 2197 2194
2197 2199 2195
2198 2200 2197
2197 2200 2199
2198 2201 2200
2200 2202 2199
2203 2200 2201
2200 2203 2202
2204 2205 2206
2204 2207 2205
2204 2208 2207
2204 2209 2208
2208 2209 2210
2208 2210 2211
2211 2210 2212
2211 2212 2213
2214 2213 2212
2212 2215 2214
2214 2216 2213
2216 2217 2213
2218 2219 2220
2218 2221 2219
2222 2219 2221
2222 2223 2219
2222 2224 2223
2222 2225 2224
2225 2226 2224
2225 2227 2226
2227 2228 2226
2227 2229 2228
2230 2231 2232
2230 2233 2231
2234 2233 2230
2234 2230 2235
2234 2235 2236
2234 2236 2237
2238 2237 2236
2238 2236 2239
2240 2238 2239
2240 2241 2238
2242 2243 2244
2242 2245 2243
2246 2243 2245
2246 2247 2243
2246 2248 2247
2246 2249 2248
2248 2249 2250
2248 2250 2251
2252 2251 2250
2252 2250 2253
2252 2253 2254
2252 2254 2255
2256 2252 2255
2256 2255 2257
2258 2256 2257
2258 2257 2259
2260 2258 2259
2260 2259 2261
2260 2261 2262
2261 2263 2262
2264 2265 2266
2264 2267 2265
2267 2268 2265
2267 2269 2268
2267 2270 2269
2270 2271 2269
2271 2270 2272
2271 2272 2273
2272 2274 2273
2272 2275 2274
2274 2275 2276
2274 2276 2277
2275 2278 2276
2275 2279 2278
2280 2281 2282
2280 2283 2281
2284 2281 2283
2284 2283 2285
2286 2284 2285
2286 2285 2287
2288 2286 2287
2288 2287 2289
2290 2288 2289
2290 2291 2288
2292 2293 2294
2292 2295 2293
2296 2293 2295
2296 2297 2293
2298 2293 2297
2298 2297 2299
2300 2298 2299
2300 2301 2298
2301 2300 2302
2303 2301 2302
2303 2302 2304
2305 2303 2304
2306 2303 2305
2306 2307 2303
2308 2309 2310
2308 2311 2309
2308 2312 2311
2308 2313 2312
2313 2314 2312
2313 2315 2314
2315 2316 2314
2317 2318 2319
2317 2319 2320
2321 2322 2323
2321 2323 2324
2325 2326 2327
2325 2327 2328
2329 2330 2331
2330 2332 2331
2330 2333 2332
2332 2334 2331
2332 2335 2334
2336 2334 2335
2337 2336 2335
2336 2338 2334
2339 2340 2341
2339 2341 2342
2343 2344 2345
2343 2345 2346
2347 2348 2349
2349 2348 2350
2349 2350 2351
2349 2351 2352
2349 2352 2353
2354 2353 2352
2354 2355 2353
2356 2357 2358
2356 2358 2359
2360 2361 2362
2361 2363 2362
2364 2363 2361
2364 2361 2365
2366 2363 2364
2367 2364 2365
2368 2367 2365
2366 2364 2369
2370 2366 2369
2370 2371 2366
2372 2371 2370
2372 2373 2371
2374 2373 2372
2374 2375 2373
2375 2374 2376
2375 2376 2377
2376 2378 2377
2376 2379 2378
2380 2381 2382
2380 2382 2383
2384 2383 2382
2384 2382 2385
2386 2384 2385
2386 2385 2387
2386 2387 2388
2386 2388 2389
2389 2388 2390
2389 2390 2391
2391 2390 2392
2390 2393 2392
2390 2394 2393
2394 2395 2393
2394 2396 2395
2394 2397 2396
2397 2398 2396
2398 2399 2396
2398 2400 2399
2400 2401 2399
2402 2403 2404
2402 2404 2405
2406 2402 2405
2405 2404 2407
2406 2405 2408
2405 2407 2408
2406 2408 2409
2408 2407 2410
2411 2409 2408
2408 2410 2411
2412 2413 2414
2415 2413 2412
2416 2413 2415
2417 2413 2416
2418 2413 2417
2418 2419 2413
2420 2419 2418
2420 2421 2419
2422 2421 2420
2423 2421 2422
2423 2424 2421
2425 2424 2423
2426 2424 2425
2426 2427 2424
2428 2427 2426
2429 2427 2428
2430 2427 2429
2431 2427 2430
2432 2433 2434
2432 2435 2433
2436 2435 2432
2436 2432 2437
2436 2437 2438
2436 2438 2439
2440 2441 2442
2440 2442 2443
2444 2440 2443
2444 2443 2445
2446 2444 2445
2446 2445 2447
2448 2446 2447
2448 2447 2449
2450 2448 2449
2450 2449 2451
2452 2450 2451
2452 2451 2453
2454 2452 2453
2454 2453 2455
2456 2454 2455
2456 2455 2457
2458 2459 2460
2458 2460 2461
2461 2460 2462
2461 2462 2463
2464 2463 2462
2464 2462 2465
2466 2467 2468
2466 2468 2469
2470 2466 2469
2470 2471 2466
2470 2472 2471
2470 2473 2472
2474 2475 2476
2474 2477 2475
2478 2477 2474
2478 2479 2477
2480 2479 2478
2480 2481 2479
2482 2481 2480
2482 2483 2481
2484 2483 2482
2484 2485 2483
2486 2485 2484
2486 2487 2485
2488 2487 2486
2488 2489 2487
2490 2489 2488
2490 2491 2489
2492 2493 2494
2492 2495 2493
2495 2496 2493
2495 2497 2496
2498 2496 2497
2498 2499 2496
2500 2501 2502
2502 2501 2503
2504 2503 2501
2505 2503 2504
2506 2505 2504
2507 2505 2506
2508 2507 2506
2509 2507 2508
2510 2509 2508
2511 2509 2510
2512 2511 2510
2513 2511 2512
2514 2513 2512
2514 2512 2515
2516 2514 2515
2516 2515 2517
2517 2518 2516
2517 2519 2518
2520 2518 2519
2520 2519 2521
2521 2522 2520
2521 2523 2522
2524 2522 2523
2524 2523 2525
2525 2526 2524
2525 2527 2526
2528 2526 2527
2528 2527 2529
2529 2530 2528
2529 2531 2530
2532 2530 2531
2532 2531 2533
2533 2534 2532
2533 2535 2534
2536 2534 2535
2536 2535 2537
2537 2538 2536
2537 2539 2538
2540 2538 2539
2540 2539 2541
2542 2543 2544
2542 2545 2543
2545 2542 2546
2545 2546 2547
2548 2547 2546
2548 2549 2547
2549 2548 2550
2549 2550 2551
2552 2551 2550
2552 2553 2551
2553 2552 2554
2553 2554 2555
2556 2555 2554
2556 2557 2555
2557 2556 2558
2557 2558 2559
2560 2559 2558
2560 2561 2559
2561 2560 2562
2561 2562 2563
2564 2563 2562
2564 2565 2563
2565 2564 2566
2565 2566 2567
2568 2567 2566
2568 2569 2567
2570 2569 2568
2570 2571 2569
2570 2572 2571
2573 2572 2570
2573 2574 2572
2575 2574 2573
2575 2576 2574
2577 2576 2575
2577 2578 2576
2579 2578 2577
2579 2580 2578
2581 2580 2579
2580 2581 2582
2582 2581 2583
2584 2585 2586
2584 2587 2585
2588 2587 2584
2588 2589 2587
2590 2589 2588
2590 2591 2589
2592 2591 2590
2592 2593 2591
2594 2593 2592
2594 2595 2593
2596 2595 2594
2596 2597 2595
2598 2597 2596
2598 2599 2597
2600 2599 2598
2600 2601 2599
2602 2601 2600
2602 2603 2601
2604 2603 2602
2604 2605 2603
2606 2605 2604
2606 2607 2605
2608 2607 2606
2608 2609 2607
2610 2609 2608
2610 2611 2609
2612 2611 2610
2612 2613 2611
2614 2613 2612
2614 2615 2613
2616 2615 2614
2616 2617 2615
2618 2617 2616
2618 2619 2617
2620 2619 2618
2620 2621 2619
2622 2621 2620
2622 2623 2621
2624 2623 2622
2624 2625 2623
2626 2627 2628
2626 2628 2629
2629 2628 2630
2629 2630 2631
2631 2630 2632
2631 2632 2633
2633 2632 2634
2633 2634 2635
2635 2634 2636
2635 2636 2637
2637 2636 2638
2637 2638 2639
2639 2638 2640
2639 2640 2641
2641 2640 2642
2641 2642 2643
2643 2642 2644
2643 2644 2645
2645 2644 2646
2645 2646 2647
2647 2646 2648
2647 2648 2649
2649 2648 2650
2649 2650 2651
2651 2650 2652
2651 2652 2653
2653 2652 2654
2653 2654 2655
2655 2654 2656
2655 2656 2657
2657 2656 2658
2657 2658 2659
2659 2658 2660
2659 2660 2661
2661 2660 2662
2661 2662 2663
2663 2662 2664
2663 2664 2665
2665 2664 2666
2665 2666 2667
2668 2669 2670
2668 2670 2671
2672 2673 2674
2672 2674 2675
2676 2677 2678
2676 2678 2679
2680 2681 2682
2680 2682 2683
2684 2685 2686
2685 2684 2687
2688 2685 2687
2688 2687 2689
2687 2684 2690
2687 2690 2691
2692 2693 2694
2692 2695 2693
2696 2693 2695
2693 2696 2697
2695 2698 2696
2698 2695 2699
2700 2701 2702
2700 2703 2701
2704 2701 2703
2704 2703 2705
2706 2704 2705
2706 2705 2707
2707 2708 2706
2707 2709 2708
2709 2710 2708
2709 2711 2710
2711 2712 2710
2711 2713 2712
2714 2712 2713
2714 2713 2715
2716 2717 2718
2717 2719 2718
2720 2718 2719
2721 2720 2719
2722 2720 2721
2723 2722 2721
2724 2722 2723
2725 2724 2723
2726 2724 2725
2727 2726 2725
2728 2726 2727
2729 2728 2727
2730 2728 2729
2730 2731 2728
2732 2731 2730
2732 2733 2731
2733 2732 2734
2733 2734 2735
2736 2735 2734
2736 2737 2735
2737 2736 2738
2737 2738 2739
2740 2739 2738
2740 2741 2739
2741 2740 2742
2741 2742 2743
2744 2743 2742
2744 2745 2743
2745 2744 2746
2745 2746 2747
2748 2747 2746
2748 2749 2747
2749 2748 2750
2749 2750 2751
2752 2751 2750
2752 2753 2751
2753 2752 2754
2753 2754 2755
2756 2755 2754
2756 2757 2755
2758 2759 2760
2758 2760 2761
2761 2762 2758
2761 2763 2762
2764 2762 2763
2764 2763 2765
2765 2766 2764
2765 2767 2766
2768 2766 2767
2768 2767 2769
2769 2770 2768
2769 2771 2770
2772 2770 2771
2772 2771 2773
2773 2774 2772
2773 2775 2774
2776 2774 2775
2776 2775 2777
2777 2778 2776
2777 2779 2778
2780 2778 2779
2780 2779 2781
2781 2782 2780
2781 2783 2782
2784 2782 2783
2784 2783 2785
2786 2784 2785
2786 2785 2787
2786 2787 2788
2789 2786 2788
2789 2788 2790
2791 2789 2790
2791 2790 2792
2793 2791 2792
2793 2792 2794
2795 2793 2794
2795 2794 2796
2797 2795 2796
2796 2798 2797
2798 2799 2797
2800 2801 2802
2800 2802 2803
2804 2800 2803
2804 2803 2805
2806 2804 2805
2806 2805 2807
2808 2806 2807
2808 2807 2809
2810 2808 2809
2810 2809 2811
2812 2810 2811
2812 2811 2813
2814 2812 2813
2814 2813 2815
2816 2814 2815
2816 2815 2817
2818 2816 2817
2818 2817 2819
2820 2818 2819
2820 2819 2821
2822 2820 2821
2822 2821 2823
2824 2822 2823
2824 2823 2825
2826 2824 2825
2826 2825 2827
2828 2826 2827
2828 2827 2829
2830 2828 2829
2830 2829 2831
2832 2830 2831
2832 2831 2833
2834 2832 2833
2834 2833 2835
2836 2834 2835
2836 2835 2837
2838 2836 2837
2838 2837 2839
2840 2838 2839
2840 2839 2841
2842 2843 2844
2842 2845 2843
2845 2846 2843
2845 2847 2846
2847 2848 2846
2847 2849 2848
2849 2850 2848
2849 2851 2850
2851 2852 2850
2851 2853 2852
2853 2854 2852
2853 2855 2854
2855 2856 2854
2855 2857 2856
2857 2858 2856
2857 2859 2858
2859 2860 2858
2859 2861 2860
2861 2862 2860
2861 2863 2862
2863 2864 2862
2863 2865 2864
2865 2866 2864
2865 2867 2866
2867 2868 2866
2867 2869 2868
2869 2870 2868
2869 2871 2870
2871 2872 2870
2871 2873 2872
2873 2874 2872
2873 2875 2874
2875 2876 2874
2875 2877 2876
2877 2878 2876
2877 2879 2878
2879 2880 2878
2879 2881 2880
2881 2882 2880
2881 2883 2882
2884 2885 2886
2884 2886 2887
2888 2889 2890
2888 2890 2891
2892 2893 2894
2892 2894 2895
2896 2897 2898
2896 2898 2899
2900 2901 2902
2902 2903 2900
2904 2903 2902
2904 2905 2903
2903 2906 2900
2903 2907 2906
2908 2909 2910
2908 2910 2911
2912 2911 2910
2910 2913 2912
2911 2912 2914
2914 2915 2911
2916 2917 2918
2916 2918 2919
2920 2919 2918
2920 2921 2919
2922 2921 2920
2922 2923 2921
2923 2922 2924
2923 2924 2925
2925 2924 2926
2925 2926 2927
2927 2926 2928
2927 2928 2929
2930 2929 2928
2930 2931 2929
2932 2933 2934
2934 2933 2935
2936 2937 2938
2939 2937 2936
2940 2941 2942
2940 2942 2943
2944 2942 2941
2944 2941 2945
2944 2945 2946
2946 2947 2944
2947 2942 2944
2946 2948 2947
2948 2949 2947
2942 2950 2943
2950 2951 2943
2947 2952 2942
2942 2952 2950
2952 2947 2949
2953 2951 2950
2954 2951 2953
2954 2955 2951
2956 2955 2954
2956 2954 2957
2957 2954 2953
2956 2957 2958
2957 2953 2959
2959 2953 2960
2957 2961 2958
2957 2962 2961
2959 2962 2957
2958 2961 2963
2958 2963 2964
2964 2963 2965
2964 2965 2966
2966 2965 2967
2966 2967 2968
2968 2967 2969
2968 2969 2970
2970 2969 2971
2970 2971 2972
2972 2971 2973
2972 2973 2974
2974 2973 2975
2974 2975 2976
2976 2975 2977
2976 2977 2978
2978 2977 2979
2978 2979 2959
2959 2979 2962
2959 2960 2978
2978 2960 2980
2978 2980 2976
2960 2981 2980
2980 2982 2976
2981 2982 2980
2976 2982 2983
2984 2983 2982
2985 2982 2981
2984 2982 2985
2985 2986 2984
2987 2985 2981
2985 2987 2986
2988 2987 2981
2986 2987 2988
2986 2989 2984
2984 2989 2990
2984 2990 2991
2991 2990 2992
2991 2992 2993
2986 2994 2989
2993 2992 2995
2993 2995 2996
2997 2996 2995
2997 2995 2998
2997 2998 2999
2997 2999 2949
2986 3000 2994
2949 2999 3001
3002 3000 2986
2986 2988 3002
3002 3003 3000
2988 3004 3002
3004 3003 3002
3004 3001 3003
2952 3004 2988
2952 2949 3005
2949 3001 3005
3005 3004 2952
3004 3005 3001
3006 3007 3008
3006 3009 3007
3010 3008 3007
3010 3011 3008
3010 3012 3011
3012 3010 3013
3013 3010 3007
3012 3013 3014
3014 3013 3015
3007 3009 3016
3016 3009 3017
3013 3007 3018
3007 3016 3018
3018 3015 3013
3019 3016 3017
3020 3019 3017
3020 3017 3021
3022 3020 3021
3022 3023 3020
3023 3019 3020
3022 3024 3023
3023 3025 3019
3025 3026 3019
3023 3024 3027
3023 3027 3028
3025 3023 3028
3024 3029 3027
3024 3030 3029
3030 3031 3029
3030 3032 3031
3032 3033 3031
3032 3034 3033
3034 3035 3033
3034 3036 3035
3036 3037 3035
3036 3038 3037
3038 3039 3037
3038 3040 3039
3040 3041 3039
3040 3042 3041
3042 3043 3041
3042 3044 3043
3044 3045 3043
3044 3025 3045
3025 3028 3045
3025 3044 3026
3044 3046 3026
3044 3042 3046
3026 3046 3047
3046 3042 3048
3047 3046 3048
3042 3049 3048
3050 3048 3049
3051 3047 3048
3050 3051 3048
3051 3050 3052
3053 3047 3051
3051 3052 3053
3054 3047 3053
3052 3054 3053
3052 3050 3055
3050 3056 3055
3050 3057 3056
3057 3058 3056
3057 3059 3058
3052 3055 3060
3059 3061 3058
3059 3062 3061
3063 3061 3062
3063 3064 3061
3063 3065 3064
3063 3015 3065
3052 3060 3066
3015 3067 3065
3068 3052 3066
3052 3068 3054
3068 3066 3069
3054 3068 3070
3070 3068 3069
3070 3069 3067
3018 3054 3070
3018 3071 3015
3015 3071 3067
3071 3018 3070
3070 3067 3071
3072 3073 3074
3073 3072 3075
3073 3076 3074
3073 3075 3077
3076 3073 3078
3077 3079 3073
3080 3078 3073
3073 3079 3080
3081 3082 3083
3082 3084 3083
3085 3082 3081
3082 3086 3084
3085 3087 3082
3082 3087 3086
3088 3087 3085
3088 3089 3087
3090 3086 3087
3089 3090 3087
3090 3091 3086
3089 3092 3090
3090 3093 3091
3092 3093 3090
3094 3095 3096
3094 3097 3095
3094 3096 3098
3098 3096 3099
3098 3099 3100
3094 3098 3100
3100 3099 3101
3094 3102 3097
3102 3103 3097
3094 3100 3104
3100 3101 3104
3104 3102 3094
3105 3104 3101
3104 3105 3102
3105 3101 3106
3107 3105 3106
3102 3105 3107
3107 3106 3108
3109 3108 3103
3102 3109 3103
3109 3107 3108
3102 3107 3109
3110 3111 3112
3111 3110 3113
3111 3114 3112
3111 3113 3115
3111 3116 3114
3116 3111 3115
3116 3117 3114
3116 3115 3118
3119 3117 3116
3119 3116 3118
3120 3121 3122
3122 3123 3120
3122 3121 3124
3122 3125 3123
3122 3124 3126
3126 3125 3122
3126 3124 3127
3126 3128 3125
3129 3126 3127
3129 3128 3126
3130 3131 3132
3130 3132 3133
3134 3132 3131
3135 3133 3132
3135 3136 3133
3134 3137 3132
3137 3135 3132
3138 3137 3134
3138 3139 3137
3137 3139 3140
3141 3140 3136
3141 3136 3135
3137 3140 3141
3137 3141 3135
3142 3143 3144
3144 3143 3145
3142 3146 3143
3147 3146 3142
3145 3143 3148
3145 3148 3149
3143 3150 3148
3149 3148 3150
3146 3150 3143
3149 3150 3151
3151 3150 3152
3146 3152 3150
3151 3152 3153
3153 3152 3154
3146 3154 3152
3153 3154 3155
3147 3156 3146
3156 3154 3146
3157 3156 3147
3157 3158 3156
3158 3154 3156
3159 3158 3157
3155 3154 3160
3160 3154 3158
3155 3160 3161
3161 3162 3159
3159 3162 3158
3160 3158 3162
3161 3160 3162
3163 3164 3165
3166 3165 3164
3163 3167 3164
3168 3167 3163
3166 3164 3169
3166 3169 3170
3169 3164 3171
3164 3167 3171
3170 3169 3172
3169 3171 3172
3170 3172 3173
3174 3173 3172
3174 3172 3171
3174 3171 3175
3171 3167 3175
3174 3175 3176
3177 3176 3175
3168 3178 3167
3179 3178 3168
3175 3167 3180
3177 3175 3180
3180 3167 3178
3179 3181 3178
3177 3181 3179
3180 3178 3181
3177 3180 3181
3182 3183 3184
3183 3185 3184
3182 3184 3186
3187 3182 3186
3185 3188 3184
3185 3189 3188
3184 3188 3190
3189 3190 3188
3186 3184 3190
3189 3191 3190
3191 3192 3190
3186 3190 3192
3191 3193 3192
3193 3194 3192
3186 3192 3194
3193 3195 3194
3187 3186 3196
3196 3186 3194
3197 3187 3196
3197 3196 3198
3198 3196 3194
3199 3197 3198
3195 3200 3194
3200 3198 3194
3195 3201 3200
3201 3199 3202
3199 3198 3202
3200 3202 3198
3201 3202 3200
3203 3204 3205
3206 3205 3204
3203 3205 3207
3208 3203 3207
3206 3209 3205
3206 3210 3209
3209 3211 3205
3205 3211 3207
3210 3212 3209
3209 3212 3211
3210 3213 3212
3214 3212 3213
3214 3211 3212
3214 3215 3211
3211 3215 3207
3214 3216 3215
3217 3215 3216
3208 3207 3218
3219 3208 3218
3215 3220 3207
3217 3220 3215
3220 3218 3207
3219 3218 3221
3217 3219 3221
3220 3221 3218
3217 3221 3220
3222 3223 3224
3225 3222 3224
3222 3226 3223
3226 3227 3223
3225 3228 3222
3228 3225 3229
3226 3230 3227
3230 3231 3227
3232 3226 3222
3228 3232 3222
3230 3226 3232
3228 3229 3233
3233 3229 3234
3228 3235 3232
3235 3228 3233
3233 3234 3236
3236 3235 3233
3236 3234 3237
3231 3238 3237
3236 3237 3238
3230 3239 3231
3231 3239 3238
3230 3232 3240
3240 3232 3235
3230 3240 3239
3236 3241 3235
3241 3236 3238
3240 3235 3241
3239 3240 3241
3239 3241 3238
3242 3243 3244
3242 3244 3245
3242 3245 3246
3246 3245 3247
3246 3247 3248
3248 3247 3249
3246 3248 3250
3248 3249 3250
3246 3250 3242
3250 3249 3251
3242 3252 3243
3250 3252 3242
3250 3251 3253
3250 3253 3252
3254 3253 3251
3254 3252 3253
3254 3251 3255
3256 3243 3252
3254 3256 3252
3256 3257 3243
3256 3258 3257
3256 3259 3258
3259 3256 3254
3259 3260 3258
3261 3254 3255
3259 3254 3261
3261 3255 3260
3259 3261 3260
3262 3263 3264
3262 3264 3265
3266 3265 3264
3267 3264 3263
3267 3263 3268
3266 3264 3269
3269 3264 3267
3270 3266 3269
3270 3269 3271
3269 3272 3271
3273 3267 3268
3269 3267 3273
3273 3268 3272
3269 3273 3272
3274 3275 3276
3274 3276 3277
3278 3275 3274
3277 3276 3279
3278 3280 3275
3277 3279 3281
3282 3280 3278
3281 3279 3283
3282 3284 3280
3281 3283 3285
3285 3284 3282
3285 3283 3284
3286 3287 3288
3286 3289 3287
3290 3286 3288
3289 3291 3287
3290 3288 3292
3289 3293 3291
3294 3290 3292
3293 3295 3291
3294 3292 3296
3293 3297 3295
3297 3294 3296
3297 3296 3295
3298 3299 3300
3298 3300 3301
3302 3299 3298
3301 3300 3303
3301 3303 3304
3302 3305 3299
3306 3305 3302
3299 3307 3300
3300 3307 3303
3305 3307 3299
3303 3307 3308
3304 3303 3308
3309 3307 3305
3306 3309 3305
3304 3308 3310
3311 3309 3306
3310 3308 3312
3308 3307 3312
3310 3312 3313
3311 3314 3309
3314 3307 3309
3315 3314 3311
3313 3312 3316
3312 3307 3316
3313 3316 3317
3315 3318 3314
3318 3307 3314
3319 3318 3315
3317 3316 3320
3316 3307 3320
3317 3320 3321
3321 3322 3319
3319 3322 3318
3322 3307 3318
3321 3320 3322
3320 3307 3322
3323 3324 3325
3323 3325 3326
3327 3323 3326
3324 3328 3325
3324 3329 3328
3327 3326 3330
3331 3327 3330
3326 3325 3332
3325 3328 3332
3330 3326 3332
3328 3333 3332
3329 3333 3328
3334 3330 3332
3331 3330 3334
3329 3335 3333
3336 3331 3334
3335 3337 3333
3333 3337 3332
3335 3338 3337
3336 3334 3339
3339 3334 3332
3340 3336 3339
3338 3341 3337
3337 3341 3332
3338 3342 3341
3340 3339 3343
3343 3339 3332
3344 3340 3343
3342 3345 3341
3341 3345 3332
3342 3346 3345
3346 3344 3347
3344 3343 3347
3347 3343 3332
3346 3347 3345
3345 3347 3332
