byte offset: 0
first index: 0
index count: 2844
topology: trianglelist
format: DXGI_FORMAT_R16_UINT

0 1 2
0 2 3
2 4 3
2 5 4
5 6 4
5 7 6
8 6 7
8 7 9
9 10 8
9 11 10
12 10 11
12 13 10
14 15 16
14 16 17
18 14 17
18 17 19
18 19 20
18 20 21
21 20 22
21 22 23
24 23 22
24 25 23
24 26 25
24 27 26
28 29 30
28 30 31
32 31 30
32 33 31
33 32 34
32 35 34
34 35 36
34 36 37
34 37 38
37 39 38
36 40 37
41 40 36
42 40 41
43 44 45
43 46 44
47 46 43
47 48 46
49 50 51
51 50 52
52 50 53
50 54 53
55 56 57
57 56 58
58 56 59
59 60 58
59 61 60
62 60 61
62 61 63
62 63 64
65 66 67
65 68 66
69 66 68
69 70 66
71 70 69
72 70 71
73 74 75
76 73 75
76 77 73
76 78 77
79 80 81
82 79 81
82 83 79
84 83 82
85 86 87
85 87 88
85 88 89
88 90 89
91 92 93
91 93 94
91 94 95
95 94 96
91 95 97
91 97 98
97 95 99
97 99 100
97 100 101
102 101 100
102 100 103
102 103 104
104 103 105
104 105 106
107 108 109
107 110 108
108 110 111
108 111 112
112 111 113
112 113 114
115 114 113
115 116 114
116 115 117
116 117 118
119 118 117
119 117 120
121 122 123
121 124 122
125 124 121
125 126 124
125 127 126
125 128 127
128 129 127
128 130 129
131 129 130
131 130 132
131 132 133
131 133 134
135 136 137
135 138 136
139 136 138
139 138 140
140 141 139
139 141 142
141 143 142
141 144 143
141 145 144
144 145 146
143 144 147
148 143 147
149 148 147
150 151 152
150 152 153
154 150 153
154 153 155
156 157 158
157 159 158
159 160 158
158 160 161
162 163 164
163 165 164
165 166 164
166 165 167
166 167 168
169 168 167
169 170 168
169 171 170
172 173 174
172 174 175
176 175 174
176 174 177
178 176 177
179 178 177
180 181 182
183 181 180
183 180 184
183 184 185
186 187 188
189 187 186
189 186 190
191 189 190
192 193 194
192 195 193
192 196 195
195 196 197
198 199 200
198 201 199
198 202 201
202 203 201
198 204 202
198 205 204
204 206 202
204 207 206
204 208 207
209 207 208
209 210 207
209 211 210
211 212 210
211 213 212
214 215 216
214 216 217
217 218 214
217 219 218
219 220 218
219 221 220
221 222 220
221 223 222
224 222 223
224 223 225
226 224 225
226 227 224
228 227 226
228 226 229
228 229 230
230 229 231
229 232 231
233 231 232
228 234 227
235 227 234
234 236 235
234 237 236
238 236 237
239 240 241
241 240 242
241 242 243
243 242 244
243 244 245
245 244 246
245 246 247
247 246 248
245 247 249
247 248 250
249 247 251
250 248 252
253 249 251
250 252 254
253 255 249
254 252 256
257 255 253
257 258 255
257 259 258
254 256 260
260 256 261
260 261 262
263 264 265
263 266 264
267 266 263
267 268 266
269 268 267
269 270 268
271 270 269
271 272 270
273 272 271
273 274 272
275 274 273
275 276 274
277 276 275
277 275 278
279 277 278
279 278 280
281 282 283
281 284 282
284 285 282
284 286 285
286 287 285
286 288 287
289 287 288
289 288 290
291 289 290
291 290 292
291 292 293
291 293 294
293 295 294
294 295 296
294 296 297
298 297 296
298 296 299
300 301 302
300 303 301
300 304 303
300 305 304
305 306 304
305 307 306
306 307 308
306 308 309
310 311 312
310 312 313
313 312 314
313 314 315
316 315 314
316 314 317
318 319 320
318 321 319
321 318 322
321 322 323
323 322 324
323 324 325
325 324 326
325 326 327
328 327 326
328 329 327
330 329 328
330 328 331
332 330 331
332 333 330
332 334 333
334 335 333
333 335 336
337 336 335
332 331 338
339 338 331
338 339 340
338 340 341
342 341 340
343 344 345
344 346 345
344 347 346
347 348 346
347 349 348
349 350 348
349 351 350
351 352 350
349 353 351
351 354 352
353 355 351
354 356 352
357 355 353
354 358 356
357 353 359
358 360 356
361 357 359
361 359 362
361 362 363
358 364 360
364 365 360
364 366 365
367 368 369
367 369 370
371 367 370
371 370 372
373 371 372
373 372 374
375 373 374
375 374 376
377 375 376
377 376 378
379 377 378
379 378 380
381 379 380
381 382 379
383 382 381
383 384 382
385 386 387
385 387 388
388 387 389
388 389 390
390 389 391
390 391 392
393 392 391
393 394 392
395 394 393
395 396 394
395 397 396
395 398 397
397 398 399
398 400 399
398 401 400
402 400 401
402 403 400
404 405 406
404 406 407
404 407 408
404 408 409
409 408 410
409 410 411
410 412 411
410 413 412
414 415 416
414 417 415
417 418 415
417 419 418
420 418 419
420 421 418
422 423 424
422 424 425
426 427 428
426 428 429
430 431 432
430 432 433
434 435 436
434 436 437
438 439 440
438 440 441
442 443 444
442 444 445
446 447 448
446 448 449
450 451 452
450 452 453
454 455 456
454 456 457
458 459 460
458 460 461
462 463 464
462 464 465
466 467 468
466 468 469
470 471 472
470 472 473
474 475 476
474 476 477
478 479 480
478 480 481
482 483 484
482 484 485
486 487 488
486 488 489
490 491 492
490 492 493
494 495 496
494 496 497
498 499 500
498 500 501
502 503 504
502 504 505
506 507 508
506 508 509
510 511 512
510 512 513
514 515 516
514 516 517
518 519 520
518 520 521
522 523 524
522 524 525
526 527 528
526 528 529
530 531 532
530 532 533
534 535 536
534 536 537
538 539 540
538 540 541
542 543 544
542 544 545
546 547 548
546 548 549
550 551 552
550 552 553
554 555 556
554 556 557
558 559 560
558 560 561
562 563 564
562 564 565
566 567 568
566 568 569
570 571 572
570 572 573
574 575 576
574 576 577
578 579 580
578 580 581
582 583 584
582 584 585
586 587 588
586 589 587
587 589 590
587 590 591
590 592 591
590 593 592
594 592 593
594 593 595
595 596 594
596 595 597
598 599 600
598 600 601
602 603 604
602 605 603
602 606 605
607 605 606
607 608 605
608 607 609
610 608 609
610 611 608
608 611 612
612 611 613
612 613 614
614 613 615
614 615 616
617 618 619
617 620 618
621 620 617
621 622 620
623 622 621
623 624 622
623 625 624
623 626 625
627 625 626
627 628 625
629 630 631
629 632 630
632 633 630
632 634 633
633 634 635
629 636 632
636 629 637
634 638 635
635 638 639
638 640 639
640 638 641
640 641 642
642 641 643
644 643 641
638 645 641
634 645 638
644 641 646
641 645 646
646 647 644
646 645 647
648 647 645
634 648 645
648 649 647
650 637 649
648 650 649
634 650 648
636 637 650
634 651 650
650 651 636
634 652 651
636 651 652
634 632 652
636 652 632
653 654 655
653 655 656
656 655 657
657 655 658
657 658 659
660 659 658
660 658 661
660 661 662
660 662 663
664 665 666
667 664 666
667 666 668
667 668 669
670 671 672
670 672 673
672 674 673
675 674 672
675 672 676
677 675 676
677 676 678
679 677 678
679 678 680
680 681 679
680 682 681
683 681 682
683 682 684
683 684 685
683 685 686
686 685 687
688 687 685
688 685 689
690 691 692
692 691 693
692 693 694
694 693 695
692 694 696
692 696 697
697 696 698
698 696 699
698 699 700
701 702 703
701 704 702
705 706 707
705 707 708
707 709 708
707 710 709
709 710 711
709 711 712
713 712 711
713 714 712
714 713 715
715 716 714
717 718 719
717 719 720
721 722 723
721 723 724
721 724 725
726 725 724
726 724 727
727 728 726
729 728 727
729 727 730
727 731 730
731 732 730
731 733 732
733 734 732
733 735 734
736 737 738
736 738 739
740 736 739
740 739 741
742 740 741
742 741 743
742 743 744
742 744 745
746 745 744
746 744 747
748 749 750
748 750 751
751 750 752
751 752 753
752 754 753
748 751 755
755 756 748
753 754 757
754 758 757
757 758 759
759 760 757
759 761 760
761 762 760
763 760 762
757 760 764
753 757 764
763 765 760
760 765 764
765 763 766
765 766 764
767 764 766
753 764 767
767 766 768
769 768 756
767 768 769
753 767 769
755 769 756
753 769 770
769 755 770
753 770 771
755 771 770
753 771 751
755 751 771
772 773 774
772 775 773
775 776 773
776 777 773
776 778 777
779 777 778
779 780 777
779 781 780
779 782 781
783 784 785
786 784 783
786 787 784
786 788 787
789 790 791
789 792 790
790 792 793
794 790 793
794 795 790
796 795 794
796 797 795
798 797 796
798 799 797
799 798 800
799 800 801
802 801 800
802 803 801
802 804 803
802 805 804
805 806 804
807 804 806
807 808 804
809 810 811
810 812 811
810 813 812
813 814 812
810 815 813
810 816 815
816 817 815
817 818 815
817 819 818
820 821 822
823 820 822
820 823 824
820 824 825
825 824 826
825 826 827
827 826 828
827 828 829
829 828 830
831 832 833
833 832 834
835 836 837
835 837 838
838 839 835
838 840 839
841 839 840
841 840 842
843 841 842
843 842 844
845 843 844
845 844 846
847 848 849
850 848 847
851 848 850
851 850 852
852 850 853
852 853 854
854 853 855
854 855 856
856 855 857
856 857 858
859 860 861
862 860 859
862 863 860
862 859 864
865 863 862
865 866 863
862 864 867
868 867 864
868 864 869
870 868 869
870 869 871
870 871 872
873 874 875
873 875 876
873 876 877
873 877 878
878 877 879
880 881 882
883 881 880
880 884 883
880 885 884
885 886 884
885 887 886
887 888 886
887 889 888
889 890 888
891 892 893
892 894 893
895 896 897
895 898 896
898 895 899
898 899 900
901 900 899
901 902 900
903 902 901
903 904 902
905 904 903
905 906 904
907 908 909
910 907 909
911 910 909
911 912 910
912 913 910
912 914 913
914 915 913
914 916 915
916 917 915
916 918 917
919 920 921
922 919 921
922 921 923
922 924 919
925 922 923
925 923 926
922 927 924
928 924 927
928 929 924
930 929 928
930 931 929
930 932 931
933 934 935
933 936 934
933 937 936
933 938 937
938 939 937
940 941 942
940 942 943
944 945 946
944 946 947
948 949 950
948 950 951
952 953 954
952 954 955
956 957 958
956 958 959
960 961 962
960 962 963
964 965 966
964 966 967
968 969 970
968 970 971
972 973 974
972 974 975
976 977 978
976 978 979
980 981 982
980 982 983
984 985 986
984 986 987
988 989 990
988 990 991
992 993 994
992 994 995
996 997 998
996 998 999
1000 1001 1002
1000 1002 1003
1004 1005 1006
1004 1006 1007
1008 1009 1010
1008 1010 1011
1012 1013 1014
1012 1014 1015
1016 1017 1018
1016 1018 1019
1020 1021 1022
1020 1022 1023
1024 1025 1026
1024 1026 1027
1028 1029 1030
1028 1030 1031
1032 1033 1034
1032 1034 1035
1036 1037 1038
1036 1038 1039
1040 1041 1042
1040 1042 1043
1044 1045 1046
1044 1046 1047
1048 1049 1050
1048 1050 1051
1052 1053 1054
1052 1054 1055
1056 1057 1058
1056 1058 1059
1060 1061 1062
1060 1062 1063
1064 1065 1066
1064 1066 1067
1068 1069 1070
1068 1070 1071
1072 1073 1074
1072 1074 1075
1076 1077 1078
1076 1078 1079
1080 1081 1082
1080 1082 1083
1084 1085 1086
1084 1086 1087
1088 1089 1090
1088 1090 1091
1092 1093 1094
1092 1094 1095
1096 1097 1098
1096 1098 1099
1100 1101 1102
1103 1100 1102
1100 1104 1101
1100 1103 1105
1100 1106 1104
1100 1105 1106
1104 1106 1107
1106 1105 1107
1108 1109 1110
1111 1109 1108
1108 1110 1112
1108 1113 1111
1108 1112 1114
1108 1114 1113
1112 1115 1114
1114 1115 1113
1116 1117 1118
1119 1116 1118
1120 1119 1118
1121 1118 1117
1120 1118 1121
1121 1117 1122
1120 1121 1123
1121 1122 1123
1124 1125 1126
1126 1125 1127
1124 1126 1128
1124 1128 1129
1130 1129 1128
1126 1127 1131
1131 1127 1132
1131 1132 1133
1134 1128 1126
1131 1134 1126
1135 1128 1134
1130 1128 1136
1136 1128 1135
1137 1131 1133
1138 1137 1133
1131 1139 1134
1135 1134 1139
1137 1139 1131
1135 1139 1137
1138 1140 1137
1135 1137 1140
1141 1140 1138
1141 1135 1140
1142 1135 1141
1136 1135 1142
1130 1136 1143
1130 1143 1144
1142 1141 1145
1146 1145 1141
1136 1142 1147
1147 1143 1136
1147 1142 1145
1146 1148 1145
1149 1148 1146
1150 1148 1149
1144 1151 1150
1143 1151 1144
1150 1151 1148
1143 1148 1151
1147 1152 1143
1147 1145 1152
1152 1148 1143
1152 1145 1148
1153 1154 1155
1156 1154 1153
1157 1154 1156
1158 1155 1154
1157 1158 1154
1158 1159 1155
1157 1160 1158
1158 1160 1159
1161 1162 1163
1162 1164 1163
1161 1165 1162
1161 1166 1165
1167 1165 1166
1162 1168 1164
1168 1169 1164
1168 1170 1169
1171 1162 1165
1168 1162 1171
1172 1171 1165
1167 1173 1165
1173 1172 1165
1174 1170 1168
1175 1170 1174
1168 1171 1176
1172 1176 1171
1174 1168 1176
1172 1174 1176
1175 1174 1177
1172 1177 1174
1178 1175 1177
1178 1177 1172
1179 1178 1172
1173 1179 1172
1167 1180 1173
1167 1181 1180
1179 1182 1178
1183 1178 1182
1173 1184 1179
1184 1173 1180
1184 1182 1179
1183 1182 1185
1186 1183 1185
1187 1186 1185
1181 1187 1188
1180 1181 1188
1187 1185 1188
1180 1188 1185
1184 1180 1189
1184 1189 1182
1189 1180 1185
1189 1185 1182
