byte offset: 0
first index: 0
index count: 14424
topology: trianglelist
format: DXGI_FORMAT_R16_UINT

0 1 2
2 1 3
2 3 4
4 5 2
6 3 1
6 1 7
8 6 7
8 7 9
10 8 9
3 6 11
8 11 6
12 4 3
12 3 11
5 4 13
13 4 12
10 14 8
10 15 14
8 16 11
14 16 8
14 15 17
17 15 18
14 19 16
19 14 17
20 17 18
20 19 17
21 20 18
11 16 22
22 16 19
23 12 11
11 22 23
21 24 20
21 25 24
26 24 25
27 19 20
22 19 27
20 24 27
27 28 22
27 24 28
28 23 22
28 24 26
23 29 12
12 29 13
28 30 23
30 29 23
26 31 28
28 31 30
30 31 32
30 33 29
30 32 33
34 31 26
34 26 35
33 36 29
29 36 13
37 31 34
32 31 37
38 34 35
37 34 38
33 39 36
32 39 33
40 13 36
36 39 40
41 38 35
42 41 35
41 42 43
44 38 41
41 43 44
44 37 38
45 44 43
46 37 44
46 44 45
32 37 46
45 47 46
46 47 48
48 32 46
48 47 49
48 49 50
48 51 32
50 51 48
32 51 39
50 52 51
39 51 52
39 52 53
40 39 53
53 52 54
55 54 52
55 52 56
55 56 57
58 57 56
58 59 57
59 58 60
61 55 57
59 62 57
61 57 62
63 59 60
59 63 62
64 63 60
65 64 60
66 64 65
63 64 67
66 67 64
63 67 62
68 67 66
62 67 69
68 69 67
62 69 61
70 55 61
70 54 55
70 71 54
70 61 72
72 61 69
72 71 70
73 69 68
72 69 73
73 68 74
73 75 72
75 71 72
74 76 73
73 76 75
74 77 76
76 77 78
76 78 79
75 76 79
79 78 80
79 80 81
81 82 79
75 79 82
83 75 82
83 71 75
71 83 84
85 84 83
84 85 86
84 86 87
84 87 88
88 87 89
71 84 90
84 88 90
91 71 90
91 90 88
91 54 71
53 54 91
89 92 88
91 88 92
53 91 92
92 89 93
53 92 40
92 93 94
94 40 92
94 93 95
94 96 40
40 96 13
5 13 96
96 97 5
96 94 97
94 95 97
98 97 95
98 95 99
95 100 99
99 100 101
99 101 102
99 102 103
99 103 98
104 103 102
105 97 98
106 97 105
107 98 103
105 98 107
104 108 103
108 107 103
106 105 109
110 105 107
109 105 110
108 111 107
111 110 107
108 104 112
112 111 108
106 109 113
109 114 113
115 106 113
115 113 114
115 114 116
115 116 117
114 118 116
110 119 109
109 119 114
114 120 118
121 118 120
114 122 120
120 122 121
114 119 122
122 123 121
119 123 122
123 124 121
123 125 124
119 126 123
123 126 125
110 126 119
126 127 125
126 110 127
111 127 110
128 129 111
112 128 111
128 130 129
130 131 129
130 132 131
132 133 131
134 133 132
133 134 135
134 136 135
132 136 134
132 137 136
137 132 130
137 130 138
138 130 128
138 128 139
128 112 139
139 112 140
141 140 112
112 104 141
142 141 104
142 143 141
143 142 144
145 141 143
145 143 144
141 146 140
145 146 141
140 146 147
145 147 146
145 144 148
145 149 147
148 149 145
140 147 150
150 147 151
151 152 150
150 153 140
152 153 150
140 153 154
154 153 155
152 155 153
154 155 156
156 155 157
155 152 157
156 157 158
159 158 157
160 158 159
160 159 161
162 147 149
151 147 162
163 161 159
163 164 161
165 164 163
162 149 166
166 149 148
167 151 162
162 168 167
162 166 168
167 169 151
170 168 166
151 169 171
170 166 172
166 148 172
172 173 170
151 171 174
174 152 151
174 171 175
172 148 176
176 148 144
172 177 173
172 176 177
178 173 177
176 178 177
179 173 178
152 174 180
174 175 181
181 180 174
152 180 182
157 152 182
183 181 175
183 175 184
185 183 184
185 184 186
187 181 183
185 187 183
188 180 181
187 188 181
157 182 189
159 157 189
189 182 190
190 159 189
180 191 182
190 182 191
188 192 180
180 193 191
194 159 190
163 159 194
195 192 188
196 192 195
197 188 187
195 188 197
195 198 196
198 195 197
196 198 199
198 200 199
193 201 191
202 201 193
200 198 203
204 200 203
204 203 205
203 198 206
198 197 206
203 207 205
207 203 206
208 205 207
209 208 207
206 210 207
206 197 210
209 207 210
197 211 210
209 210 211
197 187 211
209 211 212
211 213 212
185 211 187
185 213 211
185 214 213
186 214 185
215 214 186
215 186 216
217 218 219
219 218 220
221 219 220
222 223 224
225 224 223
225 226 224
224 226 227
228 227 226
228 229 227
230 229 228
229 230 231
230 228 232
228 233 232
228 234 233
235 233 234
236 228 226
236 234 228
235 234 237
237 234 236
235 237 238
237 239 238
237 236 239
239 240 238
226 241 236
241 239 236
241 240 239
226 225 241
241 242 240
225 242 241
243 242 225
244 245 246
245 244 247
248 247 244
245 247 249
248 250 247
249 247 251
249 251 252
252 251 253
247 254 251
251 254 253
247 250 254
254 255 253
250 255 254
250 256 255
257 258 259
257 259 260
260 259 261
260 261 262
261 263 262
262 263 264
264 263 265
264 265 266
267 264 266
268 266 265
267 266 269
270 267 269
270 269 271
268 272 266
272 269 266
272 268 273
274 271 269
272 274 269
274 272 273
274 275 271
275 274 273
276 277 278
276 278 279
279 280 276
279 278 281
278 282 281
282 283 281
282 284 283
285 279 281
285 281 283
286 285 283
284 287 283
286 283 287
279 285 288
288 285 286
289 287 284
290 289 284
287 289 291
291 286 287
290 292 289
291 289 292
293 280 279
293 279 288
288 286 294
295 294 286
290 296 292
290 297 296
291 298 286
295 286 298
291 299 298
299 295 298
292 300 291
291 300 299
301 296 297
301 297 302
296 303 292
292 303 300
296 304 303
304 296 301
305 301 302
306 305 302
300 303 307
304 307 303
308 295 299
295 308 309
310 299 300
300 307 310
310 307 311
309 308 312
309 312 313
312 308 314
315 299 310
315 308 299
308 316 314
316 308 315
317 314 316
317 316 315
315 310 318
310 311 318
317 315 319
315 318 319
320 317 319
320 321 317
321 320 322
319 318 323
319 323 320
311 323 318
320 323 322
323 324 322
311 324 323
324 325 322
325 324 311
325 326 322
325 327 326
325 328 327
325 311 328
327 328 329
330 328 311
329 328 330
330 311 307
329 330 304
304 330 307
331 304 301
331 332 304
305 331 301
333 332 331
334 331 305
333 331 335
334 335 331
333 335 336
337 335 334
337 336 335
333 336 338
339 333 338
339 338 340
338 341 340
342 338 336
338 342 341
343 336 337
342 336 343
344 341 342
344 345 341
345 344 346
347 344 342
347 342 343
344 347 346
343 337 348
343 348 347
349 337 334
337 349 348
347 350 346
348 350 347
350 351 346
346 351 352
348 353 350
350 353 351
353 348 349
351 354 352
353 354 351
352 354 355
354 356 355
355 356 357
358 357 356
354 359 356
358 356 359
354 353 359
358 359 360
359 353 361
359 361 360
353 349 361
360 361 362
362 361 349
362 363 360
362 349 364
349 334 364
305 364 334
365 363 362
365 362 364
365 366 363
306 366 365
306 367 305
305 367 364
365 364 367
367 306 365
368 369 370
368 370 371
368 371 372
368 372 373
373 372 374
371 374 372
371 375 374
375 371 376
375 376 377
378 379 380
380 381 378
380 382 381
383 381 382
383 382 384
385 381 383
383 384 386
385 383 387
388 385 387
388 387 389
383 386 390
387 383 390
390 386 391
389 387 392
387 390 392
392 390 391
389 392 393
393 392 391
394 395 396
397 395 394
395 397 398
397 394 399
397 399 400
395 398 401
397 400 402
402 398 397
401 398 403
402 404 398
404 402 405
403 398 406
407 403 406
404 405 408
409 408 405
410 398 404
410 406 398
408 410 404
407 406 411
410 411 406
407 411 412
411 413 412
410 413 411
413 414 412
410 415 413
408 415 410
416 414 413
413 415 416
408 416 415
417 414 416
408 418 416
417 416 418
409 418 408
417 418 419
418 409 419
419 409 420
421 422 423
422 424 423
422 425 424
426 425 422
426 427 425
427 426 428
429 427 428
425 430 424
427 431 425
425 431 430
429 432 427
427 432 431
429 433 432
431 432 433
434 433 429
433 434 435
433 435 436
437 436 435
431 433 438
438 433 436
439 436 437
440 439 437
440 441 439
431 438 442
431 442 430
443 438 436
439 443 436
442 438 443
444 439 441
443 439 444
441 445 444
444 445 446
443 447 442
443 444 447
430 442 447
444 446 447
430 447 448
448 447 446
448 424 430
448 446 449
450 424 448
448 449 451
448 451 450
450 451 452
453 454 455
453 456 454
457 456 453
457 453 458
457 458 459
457 459 460
461 459 458
461 458 462
460 459 463
460 463 464
464 463 465
459 466 463
459 461 466
463 466 465
467 461 462
466 461 467
466 468 465
466 467 468
468 469 465
469 468 467
469 467 470
467 462 471
471 470 467
471 472 470
471 462 473
471 474 472
471 473 474
474 473 475
476 477 478
478 479 476
478 480 479
476 479 481
482 479 480
481 479 483
482 484 479
483 479 484
484 482 485
483 484 486
486 484 485
486 487 483
488 486 485
488 487 486
489 488 485
487 488 489
490 489 485
487 489 491
491 489 490
491 490 492
493 494 495
493 495 496
497 493 496
497 498 493
495 499 496
497 496 499
495 500 499
499 500 501
499 501 502
502 501 503
497 499 504
504 499 502
502 503 505
505 503 506
504 502 507
507 502 505
508 497 504
508 504 507
509 498 497
508 509 497
505 506 510
510 506 511
507 505 512
510 512 505
509 513 498
498 513 514
514 513 515
513 516 515
513 517 516
513 509 517
509 508 517
517 508 518
508 507 519
518 508 519
519 507 512
510 511 520
520 511 521
518 519 522
523 518 522
523 522 524
519 512 525
522 519 525
510 526 512
520 526 510
512 526 525
527 520 521
520 527 526
528 527 521
524 522 529
522 525 529
529 525 526
524 529 530
531 527 528
527 531 526
529 526 531
531 530 529
531 528 532
531 532 530
533 534 535
533 536 534
536 533 537
536 537 538
534 536 539
539 536 538
534 539 540
541 540 539
541 539 542
542 543 541
539 538 544
544 542 539
538 545 544
546 545 538
547 545 546
544 545 548
544 548 542
542 549 543
549 550 543
548 545 551
551 545 547
552 542 548
552 549 542
552 548 551
549 553 550
550 553 554
549 555 553
549 552 555
553 555 554
556 555 552
552 551 556
555 557 554
556 557 555
557 558 554
557 559 558
557 556 559
559 556 551
559 551 560
547 560 551
561 560 547
562 561 547
563 564 565
563 566 564
567 564 566
567 568 564
569 566 563
570 567 566
570 566 569
571 570 569
572 567 570
572 570 571
573 568 567
572 573 567
569 563 574
563 575 574
575 576 574
576 569 574
575 577 576
576 577 578
579 569 576
571 569 579
576 578 580
579 576 580
578 581 580
578 582 581
581 582 583
584 581 583
581 584 585
581 585 580
579 580 585
585 571 579
586 571 585
586 585 587
586 587 588
586 588 589
590 589 588
571 586 591
591 586 589
592 589 590
593 592 590
593 594 592
595 589 592
591 589 595
596 592 594
592 596 595
594 597 596
571 591 598
572 571 598
591 595 599
596 599 595
599 598 591
600 596 597
596 600 599
600 597 601
599 602 598
598 602 572
600 602 599
601 603 600
600 603 602
601 604 603
572 602 605
603 605 602
605 573 572
604 606 603
606 605 603
604 607 606
608 605 606
605 608 573
609 573 608
609 610 573
611 610 609
573 610 568
611 568 610
612 613 614
614 615 612
616 615 614
617 616 614
618 615 616
616 617 619
620 619 617
618 616 621
621 616 619
618 621 622
621 619 623
623 619 620
622 621 624
621 623 624
622 624 625
624 626 625
623 626 624
623 627 626
623 620 627
627 620 628
628 620 629
630 631 632
633 631 630
630 634 633
633 635 631
635 636 631
635 637 636
637 638 636
637 639 638
640 639 637
641 637 635
640 637 641
642 635 633
641 635 642
643 640 641
643 644 640
645 633 634
642 633 645
641 642 646
641 646 643
647 644 643
647 648 644
648 647 649
643 650 647
647 650 649
643 646 650
650 651 649
646 651 650
646 652 651
646 642 652
653 642 645
652 642 653
645 634 654
654 655 645
645 655 653
656 654 634
655 654 656
656 634 657
656 657 658
659 658 657
658 659 660
653 661 652
655 662 653
653 662 661
655 656 663
663 662 655
656 658 664
663 656 664
658 660 665
664 658 665
652 661 666
652 666 667
661 668 666
661 669 668
662 669 661
668 669 670
662 671 669
669 671 670
663 672 662
672 671 662
663 664 673
672 663 673
671 674 670
674 675 670
676 671 672
673 676 672
676 674 671
673 664 677
664 665 677
678 675 674
679 675 678
680 676 673
673 677 680
681 674 676
681 678 674
680 681 676
679 678 682
681 682 678
680 682 681
679 682 683
682 684 683
680 685 682
677 685 680
682 685 684
684 685 686
684 686 687
688 686 685
677 688 685
665 688 677
665 689 688
665 660 689
660 690 689
689 691 688
692 688 691
693 692 691
692 694 688
695 692 693
696 694 692
692 695 696
696 697 694
696 695 698
697 696 699
696 698 699
700 701 702
700 703 701
704 701 703
704 705 701
704 706 705
704 707 706
706 707 708
709 710 711
709 711 712
713 709 712
713 712 714
714 715 713
714 716 715
715 716 717
716 718 717
718 719 717
720 719 718
721 718 716
720 718 721
721 716 714
721 722 720
723 721 714
721 723 722
723 714 712
723 724 722
712 725 723
712 711 725
723 725 724
711 726 725
724 725 726
711 727 726
728 726 727
724 726 729
726 728 730
726 730 729
729 730 731
732 733 734
735 734 733
734 735 736
735 733 737
738 737 733
738 739 737
735 740 736
740 735 737
737 739 741
742 741 739
742 743 741
740 737 744
737 741 744
736 740 745
744 746 740
745 740 746
747 736 745
748 736 747
747 745 749
745 746 749
746 750 749
751 744 741
744 751 746
746 752 750
751 752 746
753 741 743
751 741 753
754 750 752
754 755 750
756 755 754
756 757 755
758 757 756
754 752 759
756 754 759
758 756 760
759 760 756
758 760 761
751 762 752
759 752 762
763 761 760
761 763 764
759 765 760
765 759 762
763 760 765
751 766 762
765 762 766
751 753 766
767 765 766
767 763 765
753 767 766
763 768 764
763 767 768
764 768 769
768 770 769
768 771 770
767 771 768
771 772 770
743 772 771
753 743 773
753 773 767
743 771 773
767 773 771
774 775 776
777 776 775
778 776 777
779 778 777
780 778 779
781 780 779
780 782 778
783 780 781
782 780 783
784 783 781
784 785 783
782 783 786
785 786 783
785 787 786
788 782 786
788 786 787
788 787 789
789 790 788
788 790 791
791 792 788
792 791 793
792 793 794
795 793 791
795 791 790
790 796 795
790 797 796
798 796 797
799 800 801
799 802 800
803 800 802
802 799 804
805 804 799
803 802 806
803 806 807
803 807 808
808 807 809
808 809 810
810 809 811
806 812 807
809 807 812
809 813 811
809 812 813
813 814 811
815 814 813
815 813 812
812 816 815
806 817 812
812 817 816
817 806 802
817 818 816
817 802 819
817 819 818
819 820 818
802 804 819
819 804 820
804 821 820
822 821 804
823 821 822
805 822 804
823 822 824
824 822 805
825 823 824
824 826 825
824 805 826
825 826 827
828 825 827
829 827 826
830 826 805
830 829 826
805 831 830
829 830 832
831 832 830
831 833 832
831 834 833
805 835 831
835 805 836
836 837 835
837 831 835
836 838 837
837 838 839
831 840 834
837 840 831
840 837 839
834 840 839
827 829 841
841 829 842
843 842 829
841 844 827
844 828 827
842 843 845
843 846 845
843 829 847
847 829 848
843 849 846
847 849 843
846 849 850
848 851 847
847 851 849
850 849 851
848 852 851
851 852 850
853 844 841
853 854 844
841 855 853
856 844 854
856 854 857
856 828 844
841 858 855
858 859 855
841 842 858
858 860 859
858 842 860
860 861 859
860 862 861
860 863 862
860 842 863
862 863 864
865 856 857
865 857 866
863 842 867
864 863 867
865 868 856
868 828 856
869 865 866
869 866 870
865 871 868
871 828 868
867 842 872
842 873 872
872 873 874
874 875 872
867 872 875
864 867 876
864 876 877
876 878 877
879 876 867
867 875 879
874 880 875
874 881 880
880 881 882
875 880 883
875 883 879
883 880 882
879 884 876
876 884 878
883 884 879
885 883 882
883 885 884
885 878 884
886 885 882
885 886 878
887 888 889
889 890 887
891 887 890
889 892 890
891 890 893
893 890 892
891 893 894
893 895 894
893 892 895
895 892 896
896 892 897
898 899 900
901 899 898
901 898 902
901 902 903
902 898 904
902 905 903
902 904 905
905 906 903
905 904 907
905 907 906
908 909 910
910 909 911
909 912 911
909 913 912
911 912 914
915 911 914
910 911 915
916 910 915
916 915 917
918 916 917
917 919 918
919 920 918
920 916 918
919 921 920
922 910 916
922 916 920
921 923 920
920 923 922
924 923 921
925 923 924
910 922 926
922 923 926
925 926 923
910 926 927
926 928 927
928 926 925
927 928 929
930 928 925
925 931 930
932 931 925
932 925 933
925 934 933
935 933 934
935 934 936
932 937 931
938 931 937
932 933 939
939 933 935
936 940 935
936 941 940
938 937 942
942 943 938
942 944 943
937 932 945
939 945 932
942 937 946
942 946 944
937 945 946
944 946 947
945 947 946
944 947 948
949 940 941
949 941 950
949 950 951
949 952 940
952 949 951
940 952 953
940 953 935
935 953 954
939 935 954
939 955 945
954 955 939
953 956 954
954 956 955
952 957 953
953 957 956
958 952 951
952 958 957
959 958 951
957 958 959
960 959 951
961 959 960
957 959 961
961 960 962
963 957 961
962 963 961
963 956 957
962 964 963
963 964 965
963 965 966
963 966 956
956 966 955
966 967 955
955 967 945
967 947 945
968 967 966
969 968 966
970 947 967
968 970 967
969 971 968
971 969 972
973 971 972
971 973 974
971 974 968
970 968 974
970 975 947
948 947 975
976 975 970
976 970 977
948 975 978
978 979 948
979 978 980
978 981 980
980 981 982
978 975 983
981 978 983
984 982 981
981 983 984
984 985 982
985 984 986
986 984 983
985 986 987
975 988 983
975 976 988
986 983 988
976 977 989
989 977 990
991 988 976
986 988 991
991 976 989
992 987 986
986 991 992
992 993 987
992 994 993
991 995 992
992 995 994
989 996 991
991 996 995
997 994 995
996 997 995
997 998 994
998 997 999
989 990 1000
989 1000 996
996 1001 997
997 1001 999
1000 1001 996
990 1002 1000
1000 1002 1001
1001 1002 999
990 1003 1002
1002 1003 999
1004 1005 1006
1007 1004 1006
1007 1006 1008
1007 1008 1009
1007 1009 1010
1011 1010 1009
1007 1010 1012
1011 1013 1010
1012 1010 1013
1012 1013 1014
1014 1013 1015
1014 1015 1016
1016 1015 1017
1018 1019 1020
1018 1020 1021
1021 1020 1022
1018 1021 1023
1022 1023 1021
1018 1023 1024
1025 1023 1022
1026 1024 1023
1026 1023 1025
1027 1028 1029
1028 1030 1029
1028 1031 1030
1029 1030 1032
1029 1032 1033
1033 1032 1034
1033 1034 1035
1034 1036 1035
1036 1034 1037
1034 1038 1037
1034 1039 1038
1034 1032 1039
1038 1039 1040
1038 1040 870
870 1040 869
1032 1041 1039
1040 1039 1041
1040 1042 869
1043 1040 1041
1044 869 1042
1044 865 869
1042 280 1044
1044 871 865
871 1044 280
871 280 293
1032 1045 1041
1045 1032 1030
1043 1041 1046
1046 1041 1045
1043 1046 1047
1048 871 293
871 1048 828
1049 828 1048
1049 1050 828
1049 1051 1050
1048 293 1052
1052 1049 1048
293 288 1052
1047 1046 1053
1047 1053 1054
1055 1052 288
1055 288 1056
1057 1052 1055
1052 1057 1049
1058 1055 1056
1058 1057 1055
1058 1056 1059
1058 1059 1060
1061 1049 1057
1061 1057 1058
1058 1060 1062
1062 1061 1058
1062 1060 1063
1061 1064 1049
1049 1064 1051
1062 1065 1061
1064 1061 1065
1062 1063 1066
1065 1062 1066
1066 1063 1067
1068 1051 1064
1064 1065 1068
1068 1069 1051
1065 1066 1070
1070 1066 1067
1070 1068 1065
1069 1068 1071
1070 1071 1068
1071 1070 1067
1069 1071 1072
1072 1071 1067
1073 1074 1075
1073 1076 1074
1073 1077 1076
1077 1073 1078
1076 1077 1079
1076 1079 1080
1080 1079 1081
1077 1078 1082
1077 1082 1079
1079 1082 1081
1082 1078 1083
1082 1084 1081
1082 1083 1084
1085 1086 1087
1088 1085 1087
1088 1087 1089
1088 1089 1090
1090 1091 1088
1088 1091 1092
1088 1092 1085
1092 1093 1085
1094 1095 1096
1094 1096 1097
1098 1097 1096
1098 1096 1099
1098 1099 1100
1101 1102 1103
1101 1104 1102
1104 1101 1105
1106 1107 1108
1107 1106 1109
1107 1109 1110
1110 1111 1107
1110 1109 1112
1110 1113 1111
1113 1110 1112
1114 1115 1116
1117 1114 1116
1117 1118 1114
1119 1118 1117
1120 1118 1119
1114 1118 1120
1114 1120 1121
1122 1123 1124
1122 1125 1123
1125 1122 1126
1127 1125 1126
1127 1123 1125
1127 1128 1123
1129 1130 1131
1131 1132 1129
1133 1134 1135
1136 1134 1133
1136 1133 1137
1137 1138 1136
1137 1139 1138
1140 1138 1139
1140 1139 1141
1142 1143 1144
1145 1143 1142
1145 1142 1146
1146 1142 1147
1148 1149 1150
1151 1149 1148
1151 1152 1149
1153 1152 1151
1153 1151 1154
1154 1155 1153
1154 1156 1155
1156 1154 1157
1158 1157 1154
1158 1159 1157
1159 1158 1160
1157 1159 1161
1162 1157 1161
1161 1163 1162
1159 1160 1164
1164 1161 1159
1160 1165 1164
1164 1165 1166
1166 1165 1167
1168 1166 1167
1164 1166 1169
1169 1166 1168
1164 1169 1161
1169 1168 1170
1169 1170 1171
1169 1171 1161
1171 1163 1161
1171 1172 1163
1173 1163 1172
1174 1175 1176
1177 1175 1174
1177 1178 1175
1178 1179 1175
1180 1178 1177
1178 1181 1179
1180 1182 1178
1181 1178 1182
1182 1180 1183
1181 1182 1184
1184 1182 1183
1185 1186 1187
1185 1187 1188
1188 1189 1185
1190 1189 1188
1190 1191 1189
1191 1190 1192
1192 1190 1193
1192 1193 1194
1190 1195 1193
1193 1196 1194
1195 1196 1193
1196 1197 1194
1197 1198 1194
1195 1199 1196
1200 1199 1195
1199 1200 1201
1199 1202 1196
1196 1202 1197
1199 1201 1202
1203 1198 1197
1202 1203 1197
1201 1203 1202
1203 1204 1198
1205 1203 1201
1206 1204 1203
1203 1205 1206
1206 1207 1204
1208 1206 1205
1206 1209 1207
1209 1206 1208
1210 1211 1212
1210 1212 1213
1210 1213 1214
1213 1212 1215
1215 1212 1216
1217 1215 1216
1217 1218 1215
1215 1218 1219
1214 1213 1220
1213 1215 1220
1215 1219 1220
1214 1220 1221
1220 1219 1221
1222 1223 1224
1224 1225 1222
1225 1224 1226
1225 1227 1222
1228 1222 1227
1229 1222 1228
1229 1228 1230
1228 1227 1231
1230 1228 1231
1229 1230 1232
1232 1233 1229
1233 1232 1234
1234 1232 1230
1234 1230 1235
1236 1235 1230
1236 1230 1231
1236 1231 1237
1227 1237 1231
1238 1236 1237
1237 1239 1238
1227 1240 1237
1240 1227 1225
1237 1241 1239
1240 1241 1237
1241 1242 1239
1243 1241 1240
1240 1225 1243
1244 1243 1225
1245 1242 1241
1243 1245 1241
1244 1245 1243
1246 1242 1245
1246 1245 1244
1247 1246 1244
1248 1247 1244
1244 1225 1249
1225 1226 1249
1248 1244 1250
1244 1249 1250
1250 1251 1248
1249 1226 1252
1249 1252 1250
1250 1252 1251
1226 1253 1252
1251 1252 1253
1251 1253 1254
1254 1253 1255
1254 1255 1256
1257 1258 1259
1257 1259 1260
1257 1260 1261
1262 1257 1261
1263 1260 1259
1263 1259 1264
1262 1261 1265
1266 1262 1265
1267 1263 1264
1268 1267 1264
1269 1267 1268
1269 1268 1270
1270 1271 1269
1270 1272 1271
1273 1269 1271
1273 1274 1269
1267 1269 1274
1274 1273 1275
1276 1263 1267
1276 1267 1274
1277 1274 1275
1277 1276 1274
1278 1263 1276
1278 1260 1263
1279 1278 1276
1279 1276 1277
1260 1278 1280
1278 1279 1280
1260 1280 1261
1281 1277 1275
1281 1275 1282
1281 1282 1283
1277 1281 1284
1281 1283 1284
1277 1284 1279
1284 1283 1285
1285 1279 1284
1285 1283 1286
1285 1287 1279
1286 1287 1285
1279 1287 1280
1286 1288 1287
1261 1280 1289
1287 1289 1280
1288 1289 1287
1261 1289 1265
1288 1290 1289
1289 1291 1265
1291 1289 1290
1291 1290 1292
1266 1265 1291
1266 1291 1292
1293 1266 1292
1266 1293 1294
1293 1295 1294
1296 1297 1298
1298 1297 1299
1298 1299 1300
1301 1298 1300
1301 1302 1298
1301 1300 1303
1304 1303 1300
1305 1300 1299
1304 1300 1305
1305 1299 1306
1305 1307 1304
1306 1307 1305
1308 1309 1310
1309 1308 1311
1308 1312 1311
1312 1313 1311
1309 1311 1314
1311 1313 1315
1314 1311 1316
1311 1315 1316
1314 1316 1317
1315 1318 1316
1316 1319 1317
1318 1319 1316
1320 1319 1318
1321 1322 1323
1321 1323 1324
1324 1325 1321
1325 1326 1321
1326 1325 1327
1327 1325 1328
1324 1328 1325
1329 1324 1323
1329 1323 1330
1331 1327 1328
1331 1332 1327
1333 1328 1324
1333 1324 1329
1331 1328 1333
1334 1329 1330
1334 1330 1335
1332 1331 1336
1332 1336 1337
1338 1337 1336
1329 1334 1339
1329 1339 1333
1340 1334 1335
1339 1334 1340
1340 1335 1341
1331 1342 1336
1331 1333 1342
1343 1338 1336
1342 1343 1336
1343 1344 1338
1345 1342 1333
1343 1342 1345
1345 1333 1339
1346 1344 1343
1346 1343 1345
1347 1344 1346
1347 1346 1348
1346 1349 1348
1346 1350 1349
1345 1350 1346
1351 1349 1350
1352 1345 1339
1352 1350 1345
1351 1350 1353
1353 1350 1352
1353 1354 1351
1352 1339 1355
1339 1340 1355
1353 1352 1356
1356 1354 1353
1355 1356 1352
1357 1355 1340
1357 1356 1355
1357 1354 1356
1357 1340 1341
1358 1354 1357
1357 1341 1358
1359 1360 1361
1362 1361 1360
1362 1360 1363
1360 1364 1363
1362 1363 1365
1362 1365 1366
1367 1366 1365
1364 1368 1363
1364 1369 1368
1369 1370 1368
1371 1365 1363
1371 1363 1368
1370 1372 1368
1372 1371 1368
1370 1373 1372
1374 1367 1365
1374 1365 1371
1375 1371 1372
1375 1374 1371
1375 1372 1373
1367 1374 1376
1375 1376 1374
1367 1376 1377
1376 1378 1377
1375 1379 1376
1379 1378 1376
1380 1375 1373
1379 1375 1380
1381 1378 1379
1379 1380 1381
1382 1378 1381
1383 1382 1381
1383 1381 1380
1380 1373 1384
1383 1380 1384
1384 1373 1385
1383 1384 1386
1385 1386 1384
1385 1387 1386
1388 1389 1390
1391 1388 1390
1388 1391 1392
1388 1392 1393
1393 1392 1394
1393 1394 1395
1396 1395 1394
1396 1394 1397
1398 1396 1397
1397 1399 1398
1400 1398 1399
1400 1399 1401
1402 1401 1399
1403 1397 1394
1397 1403 1399
1402 1399 1404
1404 1399 1403
1405 1402 1404
1392 1406 1394
1403 1394 1406
1407 1404 1403
1407 1403 1406
1405 1404 1408
1408 1404 1407
1392 1409 1406
1409 1392 1391
1410 1407 1406
1409 1410 1406
1405 1408 1411
1405 1411 1412
1413 1412 1411
1408 1407 1414
1414 1407 1410
1413 1411 1415
1415 1416 1413
1417 1416 1415
1415 1418 1417
1415 1411 1418
1408 1418 1411
1408 1414 1418
1409 1391 1419
1419 1391 1390
1419 1390 1420
1390 1421 1420
1422 1420 1421
1409 1419 1423
1423 1419 1420
1422 1424 1420
1423 1420 1424
1424 1422 1425
1426 1424 1425
1426 1425 1427
1409 1423 1428
1409 1428 1410
1414 1410 1429
1428 1429 1410
1424 1430 1423
1424 1426 1430
1423 1431 1428
1428 1431 1429
1423 1430 1431
1432 1414 1429
1431 1432 1429
1432 1433 1414
1434 1426 1427
1434 1427 1435
1426 1436 1430
1426 1434 1436
1430 1437 1431
1431 1437 1432
1430 1436 1437
1438 1433 1432
1438 1439 1433
1438 1440 1439
1432 1437 1441
1441 1437 1436
1432 1441 1438
1440 1438 1442
1441 1442 1438
1443 1440 1442
1441 1436 1444
1444 1436 1434
1444 1442 1441
1434 1435 1445
1444 1434 1445
1435 1446 1445
1447 1443 1442
1444 1447 1442
1446 1443 1447
1445 1447 1444
1446 1447 1445
1448 1449 1450
1448 1450 1451
1450 1452 1451
1452 1453 1451
1451 1454 1448
1455 1451 1453
1451 1456 1454
1455 1456 1451
1456 1457 1454
1458 1456 1455
1456 1458 1457
1458 1455 1459
1457 1458 1460
1460 1458 1459
1457 1460 1461
1460 1459 1462
1463 1461 1460
1464 1460 1462
1463 1460 1464
1464 1462 1465
1464 1466 1463
1465 1466 1464
1467 1468 1469
1467 1470 1468
1468 1470 1471
1468 1471 1472
1468 1472 1473
1471 1474 1472
1473 1472 1474
1471 1475 1474
1476 1474 1475
1476 1475 1477
1478 1476 1477
1478 1477 1479
1479 1480 1478
1478 1480 1481
1481 1476 1478
1481 1482 1476
1474 1476 1482
1474 1482 1483
1483 1473 1474
1484 1473 1483
1473 1484 1485
1486 1485 1484
1486 1487 1485
1488 1487 1486
1489 1484 1483
1489 1486 1484
1490 1488 1486
1488 1490 1491
1492 1490 1486
1489 1492 1486
1492 1493 1490
1494 1493 1492
1494 1492 1495
1495 1492 1489
1496 1494 1495
1483 1497 1489
1495 1489 1497
1483 1498 1497
1496 1495 1499
1499 1495 1497
1500 1496 1499
1501 1497 1498
1499 1497 1501
1501 1498 1502
1500 1499 1503
1503 1499 1501
1503 1504 1500
1505 1501 1502
1503 1501 1505
1505 1504 1503
1505 1502 1506
1506 1504 1505
1507 1508 1509
1508 1510 1509
1508 1511 1510
1508 1512 1511
1513 1509 1510
1513 1514 1509
1513 1515 1514
1512 1516 1511
1512 1517 1516
1517 1518 1516
1517 1519 1518
1511 1516 1520
1518 1520 1516
1511 1520 1521
1511 1521 1510
1518 1522 1520
1523 1522 1518
1524 1518 1519
1523 1518 1524
1524 1519 1525
1524 1526 1523
1525 1526 1524
1510 1521 1527
1527 1513 1510
1521 1528 1527
1513 1527 1529
1528 1530 1527
1530 1529 1527
1528 1531 1530
1528 1532 1531
1532 1533 1531
1513 1529 1534
1513 1534 1515
1530 1535 1529
1531 1535 1530
1533 1536 1531
1537 1536 1533
1537 1538 1536
1531 1536 1539
1531 1539 1535
1536 1538 1540
1539 1536 1540
1540 1538 1541
1540 1541 1542
1543 1539 1540
1540 1542 1543
1543 1535 1539
1543 1542 1544
1545 1543 1544
1535 1543 1545
1535 1546 1529
1535 1545 1546
1546 1545 1547
1546 1534 1529
1548 1546 1547
1546 1548 1534
1547 1549 1548
1549 1534 1548
1549 1550 1534
1551 1550 1549
1550 1515 1534
1515 1550 1551
1552 1553 1554
1555 1553 1552
1556 1555 1552
1557 1555 1556
1557 1556 1558
1558 1559 1557
1556 1560 1558
1556 1561 1560
1558 1562 1559
1560 1562 1558
1560 1563 1562
1562 1564 1559
1563 1565 1562
1565 1564 1562
1566 1564 1565
1567 1568 1569
1567 1570 1568
1570 1567 1571
1570 1571 1572
1573 1572 1571
1573 1571 1574
1574 1575 1573
1576 1577 1578
1576 1578 1579
1580 1579 1578
1581 1576 1579
1576 1581 1582
1581 1583 1582
1583 1581 1584
1583 1584 1585
1586 1585 1584
1581 1579 1587
1587 1584 1581
1580 1588 1579
1587 1579 1588
1587 1589 1584
1589 1586 1584
1590 1588 1580
1590 1580 1591
1591 1592 1590
1587 1588 1593
1589 1587 1593
1594 1588 1590
1590 1592 1594
1594 1593 1588
1594 1592 1595
1595 1593 1594
1595 1592 1596
1596 1592 1597
1595 1598 1593
1596 1598 1595
1589 1593 1598
1597 1599 1596
1596 1599 1598
1599 1589 1598
1597 1600 1599
1601 1599 1600
1599 1602 1589
1601 1602 1599
1589 1602 1586
1586 1602 1601
1603 1586 1601
1604 1586 1603
1604 1603 1605
1604 1605 1606
1607 1605 1603
1605 1607 1608
1605 1608 1609
1609 1608 1610
1609 1610 1611
1612 1611 1610
1613 1614 1615
1616 1614 1613
1613 1617 1616
1616 1618 1614
1618 1619 1614
1618 1620 1619
1620 1621 1619
1617 1622 1616
1616 1623 1618
1616 1622 1623
1617 1624 1622
1617 1625 1624
1622 1624 1626
1627 1618 1623
1627 1620 1618
1628 1623 1622
1623 1628 1627
1622 1626 1629
1629 1628 1622
1630 1629 1626
1629 1630 1628
1630 1626 1631
1631 1632 1630
1630 1633 1628
1630 1632 1633
1628 1634 1627
1628 1633 1634
1633 1632 1635
1634 1633 1635
1635 1632 1636
1636 1637 1635
1634 1635 1637
1636 1638 1637
1634 1639 1627
1620 1627 1639
1638 1640 1637
1638 1641 1640
1641 1642 1640
1637 1643 1634
1643 1639 1634
1637 1640 1643
1620 1639 1644
1620 1644 1621
1643 1645 1639
1645 1643 1640
1645 1644 1639
1642 1646 1640
1645 1640 1646
1642 1647 1646
1647 1648 1646
1648 1645 1646
1649 1648 1647
1649 1650 1648
1648 1651 1645
1648 1650 1651
1645 1651 1644
1650 1652 1651
1621 1644 1653
1653 1644 1651
1653 1651 1652
1621 1653 1654
1653 1652 1655
1653 1655 1654
1656 1657 1658
1656 1659 1657
1660 1657 1659
1660 1659 1661
1662 1660 1661
1656 1663 1659
1661 1659 1663
1662 1661 1664
1664 1665 1662
1666 1664 1661
1661 1663 1666
1667 1665 1664
1666 1667 1664
1668 1665 1667
1669 1665 1668
1668 1670 1669
1668 1667 1671
1671 1667 1666
1666 1672 1671
1673 1668 1671
1668 1673 1670
1673 1671 1672
1673 1674 1670
1672 1674 1673
1674 1675 1670
1676 1675 1674
1676 1677 1675
1663 1678 1666
1666 1678 1672
1679 1678 1663
1672 1678 1679
1680 1674 1672
1680 1676 1674
1677 1676 1681
1677 1681 1682
1676 1683 1681
1683 1676 1680
1683 1684 1681
1685 1680 1672
1672 1679 1685
1686 1683 1680
1686 1684 1683
1686 1680 1685
1679 1663 1687
1656 1687 1663
1687 1656 1688
1684 1686 1689
1684 1689 1690
1691 1689 1686
1686 1685 1691
1691 1692 1689
1691 1693 1692
1685 1679 1694
1691 1685 1694
1694 1679 1687
1691 1694 1693
1695 1687 1688
1694 1687 1695
1695 1693 1694
1696 1695 1688
1695 1696 1693
1697 1698 1699
1700 1697 1699
1700 1701 1697
1699 1702 1700
1703 1701 1700
1703 1700 1702
1699 1704 1702
1704 1699 1705
1701 1703 1706
1701 1706 1707
1708 1707 1706
1708 1706 1709
1703 1709 1706
1703 1710 1709
1710 1703 1711
1703 1702 1711
1711 1702 1704
1711 1704 1712
1704 1705 1713
1712 1704 1713
1705 1714 1713
1712 1713 1715
1713 1714 1715
1712 1715 1716
1714 1717 1715
1716 1715 1717
1712 1716 1718
1712 1718 1719
1712 1719 1720
1718 1716 1721
1721 1719 1718
1722 1720 1719
1722 1723 1720
1723 1722 1724
1723 1724 1725
1726 1725 1724
1726 1724 1727
1722 1727 1724
1722 1728 1727
1729 1728 1722
1729 1722 1719
1729 1719 1730
1721 1730 1719
1729 1730 1731
1721 1731 1730
1716 1732 1721
1733 1732 1716
1733 1716 1734
1716 1717 1734
1735 1733 1734
1734 1736 1735
1734 1717 1736
1736 1717 1714
1714 1737 1736
1714 1738 1737
1705 1738 1714
1705 1739 1738
1739 1740 1738
1741 1740 1739
1742 1739 1705
1741 1739 1742
1743 1742 1705
1741 1742 1744
1742 1743 1745
1744 1742 1746
1742 1745 1746
1744 1746 1747
1748 1746 1745
1747 1746 1748
1748 1745 1749
1747 1748 1750
1751 1748 1749
1748 1751 1750
1752 1753 1754
1755 1752 1754
1755 1756 1752
1755 1757 1756
1755 1758 1757
1759 1757 1758
1754 1760 1755
1760 1758 1755
1761 1759 1758
1762 1759 1761
1762 1761 1763
1758 1764 1761
1760 1764 1758
1763 1761 1765
1761 1764 1765
1765 1766 1763
1767 1766 1765
1768 1765 1764
1768 1764 1760
1767 1765 1768
1754 1769 1760
1768 1760 1769
1754 1770 1769
1769 1770 1771
1768 1769 1771
1771 1767 1768
1771 1772 1767
1773 1774 1775
1775 1776 1773
1775 1777 1776
1778 1776 1777
1778 1779 1776
1779 1778 1780
1779 1780 1781
1781 1782 1779
1783 1784 1785
1783 1785 1786
1786 1785 1787
1783 1786 1788
1789 1783 1788
1790 1789 1788
1790 1788 1791
1790 1791 1792
1788 1793 1791
1793 1788 1786
1794 1786 1787
1795 1794 1787
1786 1794 1796
1793 1786 1796
1795 1797 1794
1797 1796 1794
1797 1798 1796
1799 1797 1795
1799 1795 1800
1793 1801 1791
1802 1791 1801
1802 1801 1803
1804 1803 1801
1805 1793 1796
1805 1796 1798
1806 1804 1801
1806 1807 1804
1801 1793 1808
1805 1808 1793
1801 1808 1806
1807 1806 1809
1810 1807 1809
1806 1808 1811
1811 1808 1805
1806 1811 1809
1810 1809 1812
1810 1812 1813
1812 1814 1813
1809 1811 1815
1809 1815 1812
1812 1816 1814
1816 1817 1814
1812 1815 1818
1812 1818 1816
1816 1819 1817
1816 1818 1819
1819 1820 1817
1821 1820 1819
1821 1819 1822
1822 1819 1818
1823 1821 1822
1815 1824 1818
1811 1824 1815
1824 1822 1818
1822 1825 1823
1822 1824 1825
1825 1826 1823
1827 1826 1825
1811 1828 1824
1825 1824 1828
1811 1805 1828
1827 1825 1829
1825 1828 1829
1827 1829 1830
1828 1805 1831
1829 1828 1831
1829 1831 1830
1831 1832 1830
1805 1798 1831
1798 1832 1831
1797 1833 1798
1797 1799 1833
1798 1833 1834
1835 1798 1834
1835 1836 1798
1836 1835 1837
1835 1834 1837
1838 1836 1837
1838 1839 1836
1837 1840 1838
1837 1841 1840
1840 1841 1842
1840 1842 1843
1843 1842 1844
1843 1844 1845
1846 1845 1844
1834 1847 1837
1847 1848 1837
1849 1847 1834
1849 1848 1847
1850 1849 1834
1851 1849 1850
1834 1833 1850
1833 1852 1850
1850 1852 1851
1799 1852 1833
1853 1848 1849
1853 1854 1848
1853 1855 1854
1851 1856 1849
1856 1853 1849
1853 1857 1855
1857 1858 1855
1858 1857 1859
1860 1857 1853
1859 1857 1860
1856 1860 1853
1859 1860 1861
1856 1861 1860
1856 1862 1861
1863 1862 1856
1863 1856 1851
1864 1863 1851
1864 1851 1865
1851 1866 1865
1852 1866 1851
1867 1866 1852
1799 1867 1852
1868 1867 1799
1799 1800 1868
1867 1869 1866
1869 1867 1868
1800 1870 1868
1800 1871 1870
1870 1871 1872
1865 1866 1873
1866 1869 1873
1874 1869 1868
1870 1874 1868
1874 1875 1869
1875 1873 1869
1870 1876 1874
1877 1873 1875
1870 1872 1878
1878 1876 1870
1878 1872 1879
1878 1880 1876
1878 1879 1881
1882 1880 1878
1882 1878 1881
1883 1865 1873
1877 1884 1873
1884 1883 1873
1877 1885 1884
1883 1884 1885
1877 1886 1885
1865 1883 1887
1865 1887 1888
1889 1888 1887
1887 1890 1889
1891 1889 1890
1883 1892 1887
1887 1892 1890
1891 1890 1893
1893 1894 1891
1886 1895 1885
1886 1896 1895
1885 1897 1883
1883 1897 1892
1895 1898 1885
1885 1898 1897
1895 1899 1898
1898 1899 1900
1901 1898 1900
1898 1901 1897
1901 1900 1902
1901 1903 1897
1897 1903 1892
1903 1901 1904
1905 1903 1904
1903 1905 1906
1903 1906 1892
1905 1907 1906
1907 1908 1906
1892 1906 1909
1892 1909 1890
1890 1909 1893
1910 1906 1908
1906 1910 1909
1910 1908 1911
1909 1910 1912
1909 1912 1893
1910 1911 1913
1910 1913 1912
1911 1914 1913
1915 1893 1912
1912 1913 1915
1914 1916 1913
1913 1916 1915
1914 1917 1916
1917 1918 1916
1918 1919 1916
1915 1916 1919
1920 1919 1918
1920 1921 1919
1915 1922 1893
1915 1919 1922
1919 1921 1922
1893 1922 1894
1922 1921 1894
1923 1924 1925
1923 1925 1926
1927 1926 1925
1927 1925 1928
1929 1927 1928
1929 1928 1930
1930 1931 1929
1932 1933 1934
1932 1935 1933
1935 1936 1933
1935 1937 1936
1938 1937 1935
1939 1935 1932
1938 1935 1939
1939 1932 1940
1939 1941 1938
1940 1941 1939
1942 1943 1944
1942 1945 1943
1942 1946 1945
1942 1947 1946
1943 1945 1948
1946 1948 1945
1943 1948 1949
1950 1946 1947
1950 1947 1951
1952 1950 1951
1953 1949 1948
1953 1954 1949
1955 1954 1953
1946 1956 1948
1956 1946 1950
1955 1953 1957
1957 1958 1955
1959 1953 1948
1959 1957 1953
1959 1948 1956
1960 1958 1957
1960 1957 1959
1958 1960 1961
1956 1962 1959
1962 1960 1959
1961 1960 1963
1963 1960 1962
1964 1961 1963
1964 1963 1965
1956 1966 1962
1956 1950 1966
1966 1963 1962
1963 1967 1965
1966 1967 1963
1950 1968 1966
1952 1968 1950
1968 1969 1966
1969 1968 1952
1969 1967 1966
1969 1952 1970
1971 1965 1967
1971 1967 1969
1971 1972 1965
1969 1970 1973
1969 1973 1971
1973 1972 1971
1970 1974 1973
1973 1975 1972
1974 1976 1973
1975 1973 1976
1974 1977 1976
1977 1978 1976
1975 1976 1978
1977 1979 1978
1978 1980 1975
1981 1975 1980
1982 1978 1979
1978 1982 1980
1982 1979 1983
1982 1983 1984
1982 1984 1985
1982 1985 1980
1986 1980 1985
1981 1980 1987
1986 1987 1980
1988 1981 1987
1989 1987 1986
1988 1987 1990
1989 1990 1987
1991 1988 1990
1992 1990 1989
1991 1990 1992
1992 1989 1993
1992 1994 1991
1993 1994 1992
1995 1996 1997
1996 1998 1997
1996 1999 1998
1999 1996 2000
2001 1997 1998
2001 2002 1997
2003 2002 2001
2003 2004 2002
2005 2004 2003
2006 2001 1998
2003 2001 2006
2007 1998 1999
2007 2006 1998
2000 2008 1999
2008 2007 1999
2005 2003 2009
2005 2009 2010
2003 2006 2011
2009 2003 2011
2009 2012 2010
2012 2013 2010
2009 2011 2014
2014 2012 2009
2015 2013 2012
2015 2012 2014
2016 2013 2015
2006 2017 2011
2017 2014 2011
2018 2006 2007
2006 2018 2017
2016 2015 2019
2016 2019 2020
2021 2020 2019
2022 2015 2014
2017 2022 2014
2015 2022 2019
2022 2017 2023
2022 2023 2019
2023 2017 2018
2023 2021 2019
2018 2007 2024
2007 2008 2024
2023 2018 2025
2025 2018 2024
2021 2023 2026
2023 2025 2026
2025 2027 2026
2025 2024 2028
2025 2028 2027
2029 2021 2026
2029 2030 2021
2028 2024 2031
2008 2031 2024
2032 2029 2026
2027 2032 2026
2033 2030 2029
2032 2033 2029
2028 2031 2034
2027 2028 2034
2035 2031 2008
2031 2035 2034
2036 2030 2033
2037 2030 2036
2036 2038 2037
2039 2036 2033
2036 2039 2038
2039 2033 2032
2040 2038 2039
2041 2039 2032
2041 2040 2039
2027 2041 2032
2040 2041 2042
2041 2043 2042
2043 2041 2027
2043 2044 2042
2043 2045 2044
2043 2027 2046
2045 2043 2046
2027 2034 2046
2045 2046 2047
2034 2047 2046
2034 2048 2047
2035 2048 2034
2048 2049 2047
2050 2047 2049
2050 2051 2047
2050 2052 2051
2053 2051 2052
2053 2052 2054
2054 2055 2053
2056 2052 2050
2054 2052 2057
2056 2057 2052
2058 2055 2054
2054 2057 2058
2059 2055 2058
2060 2055 2059
2061 2060 2059
2058 2062 2059
2061 2059 2062
2058 2057 2062
2063 2061 2062
2057 2064 2062
2063 2062 2064
2057 2056 2064
2065 2056 2050
2065 2050 2049
2065 2049 2066
2065 2067 2056
2067 2064 2056
2067 2065 2066
2068 2063 2064
2067 2068 2064
2068 2069 2063
2068 2067 2070
2070 2067 2066
2069 2068 2071
2068 2070 2071
2069 2071 2072
2071 2073 2072
2071 2074 2073
2070 2074 2071
2074 2075 2073
2074 2076 2075
2076 2074 2077
2070 2077 2074
2078 2077 2070
2078 2070 2066
2066 2079 2078
2080 2078 2079
2079 2081 2080
2079 2082 2081
2079 2083 2082
2083 2084 2082
2066 2085 2079
2079 2085 2083
2086 2085 2066
2086 2083 2085
2086 2066 2049
2048 2086 2049
2084 2083 2087
2086 2087 2083
2048 2087 2086
2087 2088 2084
2048 2035 2087
2087 2089 2088
2089 2087 2035
2089 2090 2088
2089 2035 2091
2035 2008 2091
2000 2091 2008
2091 2000 2092
2091 2092 2089
2089 2092 2090
2093 2090 2092
2093 2094 2090
2090 2094 2095
2094 2096 2095
2094 2097 2096
2094 2098 2097
2094 2093 2098
2099 2097 2098
2100 2093 2092
2101 2100 2092
2102 2098 2093
2100 2102 2093
2099 2098 2103
2103 2098 2102
2101 2104 2100
2105 2102 2100
2104 2105 2100
2103 2102 2106
2106 2102 2105
2103 2107 2099
2107 2103 2106
2101 2108 2104
2104 2108 2109
2110 2108 2101
2110 2109 2108
2110 2111 2109
2110 2112 2111
2109 2111 2113
2105 2104 2114
2104 2109 2114
2109 2113 2115
2116 2115 2113
2109 2115 2117
2115 2116 2117
2109 2117 2114
2117 2116 2118
2114 2117 2118
2118 2116 2119
2118 2119 2120
2114 2118 2121
2118 2120 2121
2105 2114 2121
2121 2120 2122
2121 2122 2105
2106 2105 2122
2123 2106 2124
2107 2106 2123
2123 2124 2125
2125 2124 2126
2125 2126 2127
2127 2126 2128
2129 2127 2128
2128 2130 2129
2129 2130 2131
2127 2129 2131
2127 2131 2132
2132 2125 2127
2132 2133 2125
2133 2123 2125
2133 2134 2123
2123 2134 2107
2134 2135 2107
2136 2107 2135
2107 2136 2099
2137 2099 2136
2137 2136 2138
2138 2139 2137
2140 2138 2136
2140 2139 2138
2136 2135 2141
2140 2136 2141
2135 2142 2141
2140 2141 2142
2140 2143 2139
2140 2142 2144
2143 2140 2144
2135 2145 2142
2145 2146 2142
2146 2145 2147
2145 2135 2148
2147 2145 2148
2135 2149 2148
2149 2150 2148
2147 2148 2150
2149 2151 2150
2151 2152 2150
2150 2152 2147
2151 2153 2152
2154 2152 2153
2155 2154 2153
2155 2156 2154
2157 2144 2142
2146 2157 2142
2158 2154 2156
2158 2156 2159
2160 2158 2159
2157 2161 2144
2161 2143 2144
2162 2157 2146
2157 2162 2163
2157 2163 2161
2162 2146 2164
2165 2161 2163
2146 2166 2164
2165 2167 2161
2161 2167 2143
2167 2165 2168
2146 2169 2166
2169 2146 2147
2169 2170 2166
2167 2171 2143
2171 2139 2143
2167 2168 2172
2167 2172 2171
2173 2172 2168
2171 2172 2173
2174 2173 2168
2147 2175 2169
2169 2176 2170
2176 2169 2175
2147 2177 2175
2152 2177 2147
2178 2170 2176
2178 2179 2170
2180 2179 2178
2180 2181 2179
2182 2178 2176
2180 2178 2182
2183 2176 2175
2182 2176 2183
2152 2184 2177
2154 2184 2152
2184 2185 2177
2185 2184 2154
2175 2177 2186
2185 2186 2177
2183 2175 2187
2175 2186 2188
2189 2185 2154
2158 2189 2154
2190 2183 2187
2191 2190 2187
2192 2182 2183
2190 2192 2183
2190 2191 2193
2193 2192 2190
2191 2194 2193
2193 2194 2195
2185 2196 2186
2189 2196 2185
2188 2186 2197
2186 2196 2197
2198 2188 2197
2195 2199 2193
2200 2199 2195
2200 2201 2199
2198 2197 2202
2198 2202 2203
2196 2204 2197
2197 2204 2202
2189 2205 2196
2196 2205 2204
2199 2206 2193
2193 2206 2192
2199 2201 2207
2207 2206 2199
2208 2207 2201
2209 2207 2208
2206 2207 2210
2206 2210 2192
2209 2210 2207
2192 2210 2211
2209 2211 2210
2192 2211 2182
2209 2212 2211
2211 2212 2213
2180 2182 2211
2180 2211 2213
2180 2213 2214
2181 2180 2214
2215 2181 2214
2215 2216 2181
2217 2218 2219
2218 2220 2219
2221 2220 2218
2222 2223 2224
2225 2224 2223
2225 2223 2226
2223 2227 2226
2228 2226 2227
2228 2227 2229
2230 2228 2229
2229 2231 2230
2230 2232 2228
2228 2232 2233
2228 2233 2234
2235 2234 2233
2236 2226 2228
2236 2228 2234
2235 2237 2234
2237 2236 2234
2235 2238 2237
2237 2238 2239
2237 2239 2236
2239 2238 2240
2226 2236 2241
2241 2236 2239
2241 2239 2240
2226 2241 2225
2241 2240 2242
2225 2241 2242
2243 2225 2242
2244 2245 2246
2246 2247 2244
2248 2244 2247
2246 2249 2247
2248 2247 2250
2249 2251 2247
2249 2252 2251
2252 2253 2251
2247 2251 2254
2251 2253 2254
2247 2254 2250
2254 2253 2255
2250 2254 2255
2250 2255 2256
2257 2258 2259
2257 2260 2258
2260 2261 2258
2260 2262 2261
2261 2262 2263
2262 2264 2263
2264 2265 2263
2264 2266 2265
2267 2266 2264
2268 2265 2266
2267 2269 2266
2270 2269 2267
2270 2271 2269
2268 2266 2272
2272 2266 2269
2272 2273 2268
2274 2269 2271
2272 2269 2274
2274 2273 2272
2274 2271 2275
2275 2273 2274
2276 2277 2278
2276 2279 2277
2279 2276 2280
2279 2281 2277
2277 2281 2282
2282 2281 2283
2282 2283 2284
2285 2281 2279
2285 2283 2281
2286 2283 2285
2284 2283 2287
2286 2287 2283
2279 2288 2285
2288 2286 2285
2289 2284 2287
2290 2284 2289
2287 2291 2289
2291 2287 2286
2290 2289 2292
2291 2292 2289
2293 2279 2280
2293 2288 2279
2288 2294 2286
2295 2286 2294
2290 2292 2296
2290 2296 2297
2291 2286 2298
2295 2298 2286
2291 2298 2299
2299 2298 2295
2292 2291 2300
2291 2299 2300
2301 2297 2296
2301 2302 2297
2296 2292 2303
2292 2300 2303
2296 2303 2304
2304 2301 2296
2305 2302 2301
2306 2302 2305
2300 2307 2303
2304 2303 2307
2308 2299 2295
2295 2309 2308
2310 2300 2299
2300 2310 2307
2310 2311 2307
2309 2312 2308
2309 2313 2312
2312 2314 2308
2315 2310 2299
2315 2299 2308
2316 2308 2314
2308 2316 2315
2317 2316 2314
2317 2315 2316
2315 2318 2310
2310 2318 2311
2317 2319 2315
2315 2319 2318
2320 2319 2317
2320 2317 2321
2321 2322 2320
2319 2323 2318
2319 2320 2323
2311 2318 2323
2320 2322 2323
2323 2322 2324
2311 2323 2324
2324 2322 2325
2325 2311 2324
2325 2322 2326
2325 2326 2327
2325 2327 2328
2325 2328 2311
2327 2329 2328
2330 2311 2328
2329 2330 2328
2330 2307 2311
2329 2304 2330
2304 2307 2330
2331 2301 2304
2331 2304 2332
2305 2301 2331
2333 2331 2332
2334 2305 2331
2333 2335 2331
2334 2331 2335
2333 2336 2335
2337 2334 2335
2337 2335 2336
2333 2338 2336
2339 2338 2333
2339 2340 2338
2338 2340 2341
2342 2336 2338
2338 2341 2342
2343 2337 2336
2342 2343 2336
2344 2342 2341
2344 2341 2345
2345 2346 2344
2347 2342 2344
2347 2343 2342
2344 2346 2347
2343 2348 2337
2343 2347 2348
2349 2334 2337
2337 2348 2349
2347 2346 2350
2348 2347 2350
2350 2346 2351
2346 2352 2351
2348 2350 2353
2350 2351 2353
2353 2349 2348
2351 2352 2354
2353 2351 2354
2352 2355 2354
2354 2355 2356
2355 2357 2356
2358 2356 2357
2354 2356 2359
2358 2359 2356
2354 2359 2353
2358 2360 2359
2359 2361 2353
2359 2360 2361
2353 2361 2349
2360 2362 2361
2362 2349 2361
2362 2360 2363
2362 2364 2349
2349 2364 2334
2305 2334 2364
2365 2362 2363
2365 2364 2362
2365 2363 2366
2365 2366 2306
2306 2305 2367
2305 2364 2367
2365 2367 2364
2367 2365 2306
2368 2369 2370
2368 2371 2369
2368 2372 2371
2368 2373 2372
2373 2374 2372
2371 2372 2374
2371 2374 2375
2375 2376 2371
2375 2377 2376
2378 2379 2380
2379 2378 2381
2379 2381 2382
2383 2382 2381
2383 2384 2382
2385 2383 2381
2383 2386 2384
2385 2387 2383
2388 2387 2385
2388 2389 2387
2383 2390 2386
2387 2390 2383
2390 2391 2386
2389 2392 2387
2387 2392 2390
2392 2391 2390
2389 2393 2392
2393 2391 2392
2394 2395 2396
2397 2394 2396
2396 2398 2397
2397 2399 2394
2397 2400 2399
2396 2401 2398
2397 2402 2400
2402 2397 2398
2401 2403 2398
2402 2398 2404
2404 2405 2402
2403 2406 2398
2407 2406 2403
2404 2408 2405
2409 2405 2408
2410 2404 2398
2410 2398 2406
2408 2404 2410
2407 2411 2406
2410 2406 2411
2407 2412 2411
2411 2412 2413
2410 2411 2413
2413 2412 2414
2410 2413 2415
2408 2410 2415
2416 2413 2414
2413 2416 2415
2408 2415 2416
2417 2416 2414
2408 2416 2418
2417 2418 2416
2409 2408 2418
2417 2419 2418
2418 2419 2409
2419 2420 2409
2421 2422 2423
2423 2422 2424
2423 2424 2425
2426 2423 2425
2426 2425 2427
2427 2428 2426
2429 2428 2427
2425 2424 2430
2427 2425 2431
2425 2430 2431
2429 2427 2432
2427 2431 2432
2429 2432 2433
2431 2433 2432
2434 2429 2433
2433 2435 2434
2433 2436 2435
2437 2435 2436
2431 2438 2433
2438 2436 2433
2439 2437 2436
2440 2437 2439
2440 2439 2441
2431 2442 2438
2431 2430 2442
2443 2436 2438
2439 2436 2443
2442 2443 2438
2444 2441 2439
2443 2444 2439
2441 2444 2445
2444 2446 2445
2443 2442 2447
2443 2447 2444
2430 2447 2442
2444 2447 2446
2430 2448 2447
2448 2446 2447
2448 2430 2424
2448 2449 2446
2450 2448 2424
2448 2451 2449
2448 2450 2451
2450 2452 2451
2453 2454 2455
2453 2455 2456
2457 2453 2456
2457 2458 2453
2457 2459 2458
2457 2460 2459
2461 2458 2459
2461 2462 2458
2460 2463 2459
2460 2464 2463
2464 2465 2463
2459 2463 2466
2459 2466 2461
2463 2465 2466
2467 2462 2461
2466 2467 2461
2466 2465 2468
2466 2468 2467
2468 2465 2469
2469 2467 2468
2469 2470 2467
2467 2471 2462
2471 2467 2470
2471 2470 2472
2471 2473 2462
2471 2472 2474
2471 2474 2473
2474 2475 2473
2476 2477 2478
2477 2476 2479
2477 2479 2480
2476 2481 2479
2482 2480 2479
2481 2483 2479
2482 2479 2484
2483 2484 2479
2484 2485 2482
2483 2486 2484
2486 2485 2484
2486 2483 2487
2488 2485 2486
2488 2486 2487
2489 2485 2488
2487 2489 2488
2490 2485 2489
2487 2491 2489
2491 2490 2489
2491 2492 2490
2493 2494 2495
2493 2496 2494
2497 2496 2493
2497 2493 2498
2494 2496 2499
2497 2499 2496
2494 2499 2500
2499 2501 2500
2499 2502 2501
2502 2503 2501
2497 2504 2499
2504 2502 2499
2502 2505 2503
2505 2506 2503
2504 2507 2502
2507 2505 2502
2508 2504 2497
2508 2507 2504
2509 2497 2498
2508 2497 2509
2505 2510 2506
2510 2511 2506
2507 2512 2505
2510 2505 2512
2509 2498 2513
2498 2514 2513
2514 2515 2513
2513 2515 2516
2513 2516 2517
2513 2517 2509
2509 2517 2508
2517 2518 2508
2508 2519 2507
2518 2519 2508
2519 2512 2507
2510 2520 2511
2520 2521 2511
2518 2522 2519
2523 2522 2518
2523 2524 2522
2519 2525 2512
2522 2525 2519
2510 2512 2526
2520 2510 2526
2512 2525 2526
2527 2521 2520
2520 2526 2527
2528 2521 2527
2524 2529 2522
2522 2529 2525
2529 2526 2525
2524 2530 2529
2531 2528 2527
2527 2526 2531
2529 2531 2526
2531 2529 2530
2531 2532 2528
2531 2530 2532
2533 2534 2535
2533 2535 2536
2536 2537 2533
2536 2538 2537
2535 2539 2536
2539 2538 2536
2535 2540 2539
2541 2539 2540
2541 2542 2539
2542 2541 2543
2539 2544 2538
2544 2539 2542
2538 2544 2545
2546 2538 2545
2547 2546 2545
2544 2548 2545
2544 2542 2548
2542 2543 2549
2549 2543 2550
2548 2551 2545
2551 2547 2545
2552 2548 2542
2552 2542 2549
2552 2551 2548
2549 2550 2553
2550 2554 2553
2549 2553 2555
2549 2555 2552
2553 2554 2555
2556 2552 2555
2552 2556 2551
2555 2554 2557
2556 2555 2557
2557 2554 2558
2557 2558 2559
2557 2559 2556
2559 2551 2556
2559 2560 2551
2547 2551 2560
2561 2547 2560
2562 2547 2561
2563 2564 2565
2563 2565 2566
2567 2566 2565
2567 2565 2568
2569 2563 2566
2570 2566 2567
2570 2569 2566
2571 2569 2570
2572 2570 2567
2572 2571 2570
2573 2567 2568
2572 2567 2573
2569 2574 2563
2563 2574 2575
2575 2574 2576
2576 2574 2569
2575 2576 2577
2576 2578 2577
2579 2576 2569
2571 2579 2569
2576 2580 2578
2579 2580 2576
2578 2580 2581
2578 2581 2582
2581 2583 2582
2584 2583 2581
2581 2585 2584
2581 2580 2585
2579 2585 2580
2585 2579 2571
2586 2585 2571
2586 2587 2585
2586 2588 2587
2586 2589 2588
2590 2588 2589
2571 2591 2586
2591 2589 2586
2592 2590 2589
2593 2590 2592
2593 2592 2594
2595 2592 2589
2591 2595 2589
2596 2594 2592
2592 2595 2596
2594 2596 2597
2571 2598 2591
2572 2598 2571
2591 2599 2595
2596 2595 2599
2599 2591 2598
2600 2597 2596
2596 2599 2600
2600 2601 2597
2599 2598 2602
2598 2572 2602
2600 2599 2602
2601 2600 2603
2600 2602 2603
2601 2603 2604
2572 2605 2602
2603 2602 2605
2605 2572 2573
2604 2603 2606
2606 2603 2605
2604 2606 2607
2608 2606 2605
2605 2573 2608
2609 2608 2573
2609 2573 2610
2611 2609 2610
2573 2568 2610
2611 2610 2568
2612 2613 2614
2613 2612 2615
2616 2613 2615
2617 2613 2616
2618 2616 2615
2616 2619 2617
2620 2617 2619
2618 2621 2616
2621 2619 2616
2618 2622 2621
2621 2623 2619
2623 2620 2619
2622 2624 2621
2621 2624 2623
2622 2625 2624
2624 2625 2626
2623 2624 2626
2623 2626 2627
2623 2627 2620
2627 2628 2620
2628 2629 2620
2630 2631 2632
2633 2630 2632
2630 2633 2634
2633 2632 2635
2635 2632 2636
2635 2636 2637
2637 2636 2638
2637 2638 2639
2640 2637 2639
2641 2635 2637
2640 2641 2637
2642 2633 2635
2641 2642 2635
2643 2641 2640
2643 2640 2644
2645 2634 2633
2642 2645 2633
2641 2643 2646
2641 2646 2642
2647 2643 2644
2647 2644 2648
2648 2649 2647
2643 2647 2650
2647 2649 2650
2643 2650 2646
2650 2649 2651
2646 2650 2651
2646 2651 2652
2646 2652 2642
2653 2645 2642
2652 2653 2642
2645 2654 2634
2654 2645 2655
2645 2653 2655
2656 2634 2654
2655 2656 2654
2656 2657 2634
2656 2658 2657
2659 2657 2658
2658 2660 2659
2653 2652 2661
2655 2653 2662
2653 2661 2662
2655 2663 2656
2663 2655 2662
2656 2664 2658
2663 2664 2656
2658 2665 2660
2664 2665 2658
2652 2666 2661
2652 2667 2666
2661 2666 2668
2661 2668 2669
2662 2661 2669
2668 2670 2669
2662 2669 2671
2669 2670 2671
2663 2662 2672
2672 2662 2671
2663 2673 2664
2672 2673 2663
2671 2670 2674
2674 2670 2675
2676 2672 2671
2673 2672 2676
2676 2671 2674
2673 2677 2664
2664 2677 2665
2678 2674 2675
2679 2678 2675
2680 2673 2676
2673 2680 2677
2681 2676 2674
2681 2674 2678
2680 2676 2681
2679 2682 2678
2681 2678 2682
2680 2681 2682
2679 2683 2682
2682 2683 2684
2680 2682 2685
2677 2680 2685
2682 2684 2685
2684 2686 2685
2684 2687 2686
2688 2685 2686
2677 2685 2688
2665 2677 2688
2665 2688 2689
2665 2689 2660
2660 2689 2690
2689 2688 2691
2692 2691 2688
2693 2691 2692
2692 2688 2694
2695 2693 2692
2696 2692 2694
2692 2696 2695
2696 2694 2697
2696 2698 2695
2697 2699 2696
2696 2699 2698
2700 2701 2702
2700 2702 2703
2704 2703 2702
2704 2702 2705
2704 2705 2706
2704 2706 2707
2706 2708 2707
2709 2710 2711
2709 2712 2710
2713 2712 2709
2713 2714 2712
2714 2713 2715
2714 2715 2716
2715 2717 2716
2716 2717 2718
2718 2717 2719
2720 2718 2719
2721 2716 2718
2720 2721 2718
2721 2714 2716
2721 2720 2722
2723 2714 2721
2721 2722 2723
2723 2712 2714
2723 2722 2724
2712 2723 2725
2712 2725 2710
2723 2724 2725
2710 2725 2726
2724 2726 2725
2710 2726 2727
2728 2727 2726
2724 2729 2726
2726 2730 2728
2726 2729 2730
2729 2731 2730
2732 2733 2734
2735 2734 2733
2733 2736 2735
2735 2737 2734
2738 2734 2737
2738 2737 2739
2735 2736 2740
2740 2737 2735
2737 2741 2739
2742 2739 2741
2742 2741 2743
2740 2744 2737
2737 2744 2741
2736 2745 2740
2744 2740 2746
2745 2746 2740
2747 2745 2736
2748 2747 2736
2747 2749 2745
2745 2749 2746
2746 2749 2750
2751 2741 2744
2744 2746 2751
2746 2750 2752
2751 2746 2752
2753 2743 2741
2751 2753 2741
2754 2752 2750
2754 2750 2755
2756 2754 2755
2756 2755 2757
2758 2756 2757
2754 2759 2752
2756 2759 2754
2758 2760 2756
2759 2756 2760
2758 2761 2760
2751 2752 2762
2759 2762 2752
2763 2760 2761
2761 2764 2763
2759 2760 2765
2765 2762 2759
2763 2765 2760
2751 2762 2766
2765 2766 2762
2751 2766 2753
2767 2766 2765
2767 2765 2763
2753 2766 2767
2763 2764 2768
2763 2768 2767
2764 2769 2768
2768 2769 2770
2768 2770 2771
2767 2768 2771
2771 2770 2772
2743 2771 2772
2753 2773 2743
2753 2767 2773
2743 2773 2771
2767 2771 2773
2774 2775 2776
2777 2776 2775
2778 2777 2775
2779 2777 2778
2780 2779 2778
2781 2779 2780
2780 2778 2782
2783 2781 2780
2782 2783 2780
2784 2781 2783
2784 2783 2785
2782 2786 2783
2785 2783 2786
2785 2786 2787
2788 2786 2782
2788 2787 2786
2788 2789 2787
2789 2788 2790
2788 2791 2790
2791 2788 2792
2792 2793 2791
2792 2794 2793
2795 2791 2793
2795 2790 2791
2790 2795 2796
2790 2796 2797
2798 2797 2796
2799 2800 2801
2799 2801 2802
2802 2803 2799
2804 2799 2803
2805 2802 2801
2805 2806 2802
2805 2807 2806
2805 2808 2807
2808 2809 2807
2808 2810 2809
2810 2811 2809
2806 2807 2812
2809 2812 2807
2809 2811 2813
2809 2813 2812
2813 2811 2814
2815 2813 2814
2815 2812 2813
2812 2815 2816
2806 2812 2817
2812 2816 2817
2817 2802 2806
2817 2816 2818
2817 2819 2802
2817 2818 2819
2802 2819 2803
2819 2818 2803
2803 2818 2820
2803 2820 2821
2822 2803 2821
2823 2822 2821
2804 2803 2822
2823 2824 2822
2824 2804 2822
2825 2824 2823
2824 2825 2826
2824 2826 2804
2825 2827 2826
2828 2827 2825
2829 2826 2827
2830 2804 2826
2830 2826 2829
2804 2830 2831
2829 2832 2830
2831 2830 2832
2831 2832 2833
2831 2833 2834
2804 2831 2835
2835 2836 2804
2836 2835 2837
2837 2835 2831
2836 2837 2838
2837 2839 2838
2831 2834 2840
2837 2831 2840
2840 2839 2837
2834 2839 2840
2827 2841 2829
2841 2842 2829
2843 2829 2842
2841 2827 2844
2844 2827 2828
2842 2845 2843
2843 2845 2846
2843 2847 2829
2847 2848 2829
2843 2846 2849
2847 2843 2849
2846 2850 2849
2848 2847 2851
2847 2849 2851
2850 2851 2849
2848 2851 2852
2851 2850 2852
2853 2841 2844
2853 2844 2854
2841 2853 2855
2856 2854 2844
2856 2857 2854
2856 2844 2828
2841 2855 2858
2858 2855 2859
2841 2858 2842
2858 2859 2860
2858 2860 2842
2860 2859 2861
2860 2861 2862
2860 2862 2863
2860 2863 2842
2862 2864 2863
2865 2857 2856
2865 2866 2857
2863 2867 2842
2864 2867 2863
2868 2856 2828
2865 2856 2868
2869 2866 2865
2869 2870 2866
2865 2868 2871
2871 2868 2828
2867 2872 2842
2842 2872 2873
2872 2874 2873
2874 2872 2875
2867 2875 2872
2864 2876 2867
2864 2877 2876
2876 2877 2878
2879 2867 2876
2867 2879 2875
2874 2875 2880
2874 2880 2881
2880 2882 2881
2875 2883 2880
2875 2879 2883
2883 2882 2880
2879 2876 2884
2876 2878 2884
2883 2879 2884
2885 2882 2883
2883 2884 2885
2885 2884 2878
2886 2882 2885
2885 2878 2886
2887 2888 2889
2888 2887 2890
2891 2890 2887
2888 2890 2892
2891 2893 2890
2893 2892 2890
2891 2894 2893
2893 2894 2895
2893 2895 2892
2895 2896 2892
2896 2897 2892
2898 2899 2900
2901 2898 2900
2901 2902 2898
2901 2903 2902
2902 2904 2898
2902 2903 2905
2902 2905 2904
2905 2903 2906
2905 2907 2904
2905 2906 2907
2908 2909 2910
2909 2911 2910
2910 2911 2912
2910 2912 2913
2911 2914 2912
2915 2914 2911
2909 2915 2911
2916 2915 2909
2916 2917 2915
2918 2917 2916
2917 2918 2919
2919 2918 2920
2920 2918 2916
2919 2920 2921
2922 2916 2909
2922 2920 2916
2921 2920 2923
2920 2922 2923
2924 2921 2923
2925 2924 2923
2909 2926 2922
2922 2926 2923
2925 2923 2926
2909 2927 2926
2926 2927 2928
2928 2925 2926
2927 2929 2928
2930 2925 2928
2925 2930 2931
2932 2925 2931
2932 2933 2925
2925 2933 2934
2935 2934 2933
2935 2936 2934
2932 2931 2937
2938 2937 2931
2932 2939 2933
2939 2935 2933
2936 2935 2940
2936 2940 2941
2938 2942 2937
2942 2938 2943
2942 2943 2944
2937 2945 2932
2939 2932 2945
2942 2946 2937
2942 2944 2946
2937 2946 2945
2944 2947 2946
2945 2946 2947
2944 2948 2947
2949 2941 2940
2949 2950 2941
2949 2951 2950
2949 2940 2952
2952 2951 2949
2940 2953 2952
2940 2935 2953
2935 2954 2953
2939 2954 2935
2939 2945 2955
2954 2939 2955
2953 2954 2956
2954 2955 2956
2952 2953 2957
2953 2956 2957
2958 2951 2952
2952 2957 2958
2959 2951 2958
2957 2959 2958
2960 2951 2959
2961 2960 2959
2957 2961 2959
2961 2962 2960
2963 2961 2957
2962 2961 2963
2963 2957 2956
2962 2963 2964
2963 2965 2964
2963 2966 2965
2963 2956 2966
2956 2955 2966
2966 2955 2967
2955 2945 2967
2967 2945 2947
2968 2966 2967
2969 2966 2968
2970 2967 2947
2968 2967 2970
2969 2968 2971
2971 2972 2969
2973 2972 2971
2971 2974 2973
2971 2968 2974
2970 2974 2968
2970 2947 2975
2948 2975 2947
2976 2970 2975
2976 2977 2970
2948 2978 2975
2978 2948 2979
2979 2980 2978
2978 2980 2981
2980 2982 2981
2978 2983 2975
2981 2983 2978
2984 2981 2982
2981 2984 2983
2984 2982 2985
2985 2986 2984
2986 2983 2984
2985 2987 2986
2975 2983 2988
2975 2988 2976
2986 2988 2983
2976 2989 2977
2989 2990 2977
2991 2976 2988
2986 2991 2988
2991 2989 2976
2992 2986 2987
2986 2992 2991
2992 2987 2993
2992 2993 2994
2991 2992 2995
2992 2994 2995
2989 2991 2996
2991 2995 2996
2997 2995 2994
2996 2995 2997
2997 2994 2998
2998 2999 2997
2989 3000 2990
2989 2996 3000
2996 2997 3001
2997 2999 3001
3000 2996 3001
2990 3000 3002
3000 3001 3002
3001 2999 3002
2990 3002 3003
3002 2999 3003
3004 3005 3006
3007 3005 3004
3007 3008 3005
3007 3009 3008
3007 3010 3009
3011 3009 3010
3007 3012 3010
3011 3010 3013
3012 3013 3010
3012 3014 3013
3014 3015 3013
3014 3016 3015
3016 3017 3015
3018 3019 3020
3018 3021 3019
3021 3022 3019
3018 3023 3021
3022 3021 3023
3018 3024 3023
3025 3022 3023
3026 3023 3024
3026 3025 3023
3027 3028 3029
3029 3028 3030
3029 3030 3031
3028 3032 3030
3028 3033 3032
3033 3034 3032
3033 3035 3034
3034 3035 3036
3036 3037 3034
3034 3037 3038
3034 3038 3039
3034 3039 3032
3038 3040 3039
3038 2870 3040
2870 2869 3040
3032 3039 3041
3040 3041 3039
3040 2869 3042
3043 3041 3040
3044 3042 2869
3044 2869 2865
3042 3044 2280
3044 2865 2871
2871 2280 3044
2871 2293 2280
3032 3041 3045
3045 3030 3032
3043 3046 3041
3046 3045 3041
3043 3047 3046
3048 2293 2871
2871 2828 3048
3049 3048 2828
3049 2828 3050
3049 3050 3051
3048 3052 2293
3052 3048 3049
2293 3052 2288
3047 3053 3046
3047 3054 3053
3055 2288 3052
3055 3056 2288
3057 3055 3052
3052 3049 3057
3058 3056 3055
3058 3055 3057
3058 3059 3056
3058 3060 3059
3061 3057 3049
3061 3058 3057
3058 3062 3060
3062 3058 3061
3062 3063 3060
3061 3049 3064
3049 3051 3064
3062 3061 3065
3064 3065 3061
3062 3066 3063
3065 3066 3062
3066 3067 3063
3068 3064 3051
3064 3068 3065
3068 3051 3069
3065 3070 3066
3070 3067 3066
3070 3065 3068
3069 3071 3068
3070 3068 3071
3071 3067 3070
3069 3072 3071
3072 3067 3071
3073 3074 3075
3073 3075 3076
3073 3076 3077
3077 3078 3073
3076 3079 3077
3076 3080 3079
3080 3081 3079
3077 3082 3078
3077 3079 3082
3079 3081 3082
3082 3083 3078
3082 3081 3084
3082 3084 3083
3085 3086 3087
3088 3086 3085
3088 3089 3086
3088 3090 3089
3090 3088 3091
3088 3092 3091
3088 3085 3092
3092 3085 3093
3094 3095 3096
3094 3097 3095
3098 3095 3097
3098 3099 3095
3098 3100 3099
3101 3102 3103
3101 3103 3104
3104 3105 3101
3106 3107 3108
3108 3109 3106
3108 3110 3109
3110 3108 3111
3110 3112 3109
3110 3111 3113
3113 3112 3110
3114 3115 3116
3117 3115 3114
3117 3114 3118
3119 3117 3118
3120 3119 3118
3114 3120 3118
3114 3121 3120
3122 3123 3124
3122 3124 3125
3125 3126 3122
3127 3126 3125
3127 3125 3124
3127 3124 3128
3129 3130 3131
3130 3129 3132
3133 3134 3135
3136 3133 3135
3136 3137 3133
3137 3136 3138
3137 3138 3139
3140 3139 3138
3140 3141 3139
3142 3143 3144
3145 3142 3144
3145 3146 3142
3146 3147 3142
3148 3149 3150
3151 3148 3150
3151 3150 3152
3153 3151 3152
3153 3154 3151
3154 3153 3155
3154 3155 3156
3156 3157 3154
3158 3154 3157
3158 3157 3159
3159 3160 3158
3157 3161 3159
3162 3161 3157
3161 3162 3163
3159 3164 3160
3164 3159 3161
3160 3164 3165
3164 3166 3165
3166 3167 3165
3168 3167 3166
3164 3169 3166
3169 3168 3166
3164 3161 3169
3169 3170 3168
3169 3171 3170
3169 3161 3171
3171 3161 3163
3171 3163 3172
3173 3172 3163
3174 3175 3176
3177 3174 3176
3177 3176 3178
3178 3176 3179
3180 3177 3178
3178 3179 3181
3180 3178 3182
3181 3182 3178
3182 3183 3180
3181 3184 3182
3184 3183 3182
3185 3186 3187
3185 3188 3186
3188 3185 3189
3190 3188 3189
3190 3189 3191
3191 3192 3190
3192 3193 3190
3192 3194 3193
3190 3193 3195
3193 3194 3196
3195 3193 3196
3196 3194 3197
3197 3194 3198
3195 3196 3199
3200 3195 3199
3199 3201 3200
3199 3196 3202
3196 3197 3202
3199 3202 3201
3203 3197 3198
3202 3197 3203
3201 3202 3203
3203 3198 3204
3205 3201 3203
3206 3203 3204
3203 3206 3205
3206 3204 3207
3208 3205 3206
3206 3207 3209
3209 3208 3206
3210 3211 3212
3210 3213 3211
3210 3214 3213
3213 3215 3211
3215 3216 3211
3217 3216 3215
3217 3215 3218
3215 3219 3218
3214 3220 3213
3213 3220 3215
3215 3220 3219
3214 3221 3220
3220 3221 3219
3222 3223 3224
3222 3225 3223
3224 3223 3226
3224 3226 3227
3225 3228 3223
3228 3226 3223
3225 3229 3228
3230 3228 3229
3230 3229 3231
3232 3230 3231
3227 3226 3233
3227 3233 3234
3228 3235 3226
3230 3235 3228
3232 3236 3230
3236 3232 3237
3238 3233 3226
3238 3226 3235
3239 3234 3233
3238 3239 3233
3240 3234 3239
3240 3239 3241
3242 3241 3239
3238 3242 3239
3242 3243 3241
3230 3244 3235
3244 3230 3236
3245 3238 3235
3245 3242 3238
3245 3235 3244
3243 3242 3246
3245 3246 3242
3243 3246 3247
3244 3248 3245
3244 3236 3248
3248 3246 3245
3249 3247 3246
3248 3249 3246
3249 3250 3247
3249 3251 3250
3248 3236 3252
3252 3249 3248
3236 3237 3252
3252 3237 3253
3249 3254 3251
3252 3254 3249
3254 3252 3253
3253 3251 3254
3255 163 194
165 163 3255
165 3255 3256
165 3256 3257
3256 3258 3257
3257 3258 3259
3259 3258 3260
3255 3261 3256
3261 3258 3256
3260 3258 3262
3260 3262 3263
3262 3264 3263
3262 3265 3264
3258 3265 3262
3265 3266 3264
3267 3258 3261
3265 3258 3267
3255 3268 3261
3261 3268 3267
3265 3269 3266
3266 3269 3270
3269 3265 3271
3271 3265 3267
3269 3271 3270
3267 3272 3271
3271 3272 3270
3273 3268 3255
3255 194 3273
3267 3268 3274
3267 3274 3272
3272 3275 3270
3275 3276 3270
3275 3277 3276
3272 3278 3275
3275 3278 3277
3272 3274 3278
202 3277 3278
202 3278 201
3268 3279 3274
3279 3278 3274
3273 3279 3268
201 3278 3279
194 3280 3273
3280 3279 3273
3280 201 3279
194 190 3280
191 201 3280
190 191 3280
3281 3282 3283
3282 3284 3283
3281 3283 3285
3286 3281 3285
3286 3287 3281
3287 3286 3288
3289 3286 3285
3289 3285 3283
3286 3290 3288
3289 3290 3286
3290 3291 3288
3290 3292 3291
3290 3289 3292
3289 144 3292
3293 144 3289
3289 3283 3293
176 144 3293
3294 3293 3283
3283 3284 3294
3295 176 3293
3295 3293 3294
176 3295 178
3296 3295 3294
3284 3296 3294
178 3295 3297
3296 3297 3295
3297 3296 3298
3299 178 3297
3298 3299 3297
3299 179 178
3300 3296 3284
3300 3298 3296
3299 3301 179
179 3301 3302
179 3302 3303
3303 3302 3304
3303 3304 3305
3302 3301 3306
3302 3306 3304
3307 3305 3304
3307 3308 3305
3308 3307 3309
3310 3307 3304
3307 3310 3309
3310 3304 3306
3310 3311 3309
3311 3310 3306
3311 3312 3309
3311 3313 3312
3311 3306 3314
3311 3314 3313
3301 3314 3306
3314 3315 3313
3301 3316 3314
3314 3316 3315
3299 3316 3301
3317 3315 3316
3318 3316 3299
3317 3316 3318
3298 3318 3299
3298 3317 3318
3319 3317 3298
3319 3298 3320
3300 3320 3298
3319 3320 3321
3300 3321 3320
3319 3321 3322
3300 3323 3321
3284 3323 3300
3322 3321 3324
3322 3324 3325
3284 3326 3323
3326 3284 3327
3327 3328 3326
3323 3326 3328
3327 3329 3328
3328 3329 3330
3321 3323 3331
3323 3328 3331
3321 3331 3324
3328 3330 3332
3331 3328 3332
3332 3330 3333
3331 3332 3334
3324 3331 3334
3334 3332 3333
3325 3324 3335
3324 3334 3335
3335 3334 3333
3325 3335 3336
3336 3335 3333
1045 1030 3337
1031 3337 1030
3338 3337 1031
3339 3338 1031
3340 3338 3339
3337 3338 3340
3337 3340 3341
1045 3337 3341
3341 3340 3342
1045 3341 3343
1046 1045 3343
1053 1046 3343
3341 3342 3344
3343 3341 3344
1053 3343 3345
3343 3344 3345
3342 3346 3344
3342 3347 3346
3346 3347 3348
3344 3346 3349
3344 3349 3345
3349 3346 3348
3350 1053 3345
3350 3345 3349
3350 3349 3348
3350 1054 1053
3351 3350 3348
3350 3351 1054
3352 3353 3354
3353 1733 3354
1732 1733 3353
3353 3352 3355
3356 3355 3352
3356 3357 3355
3358 3355 3357
3359 1732 3353
3353 3355 3359
3358 3360 3355
3359 3355 3360
3360 3358 3361
3359 3362 1732
1732 3362 3363
3364 3363 3362
3359 3360 3365
3362 3359 3365
3360 3361 3366
3365 3360 3366
3364 3362 3367
3362 3365 3367
3364 3367 3368
3368 3367 3365
3364 3368 3369
3370 3368 3365
3365 3366 3370
3369 3368 3371
3370 3371 3368
3369 3371 3372
3373 3372 3371
3374 3371 3370
3373 3371 3374
3374 3370 3366
3374 3375 3373
3376 3366 3361
3374 3366 3376
3376 3375 3374
3377 3376 3361
3377 3375 3376
3378 3379 3380
3378 3380 3381
3380 3379 3382
3380 3383 3381
3380 3382 3384
3384 3382 3385
3380 3386 3383
3386 3380 3384
3386 3387 3383
3387 3386 3388
3384 3385 3389
3385 3390 3389
3386 3384 3391
3391 3384 3389
3392 3388 3386
3391 3392 3386
3392 3393 3388
3392 3394 3393
3395 3394 3392
3396 3395 3392
3396 3390 3395
3391 3396 3392
3391 3389 3397
3389 3390 3397
3391 3397 3396
3397 3390 3396
3398 3399 3400
3398 3400 3401
3399 3402 3400
3399 3403 3402
3401 3400 3404
3404 3400 3402
3401 3404 3405
3406 3405 3404
3406 3407 3405
3408 3407 3406
3403 3409 3402
3403 3410 3409
3404 3402 3411
3406 3404 3411
3408 3406 3412
3412 3413 3408
3414 3409 3410
3415 3414 3410
3415 3416 3414
3417 3402 3409
3417 3409 3414
3417 3411 3402
3418 3414 3416
3417 3414 3418
3418 3416 3419
3406 3411 3420
3420 3412 3406
3421 3411 3417
3421 3417 3418
3421 3420 3411
3419 3422 3418
3421 3418 3422
3419 3423 3422
3420 3421 3424
3420 3424 3412
3424 3421 3422
3425 3422 3423
3424 3422 3425
3425 3423 3426
3425 3426 3427
3424 3428 3412
3428 3424 3425
3412 3428 3413
3428 3429 3413
3425 3427 3430
3428 3425 3430
3430 3429 3428
3429 3430 3427
3431 2189 2158
3431 2205 2189
2160 3431 2158
2205 3431 3432
2205 3432 2204
2160 3433 3431
2160 3434 3433
3433 3434 3435
3434 3436 3435
3436 3437 3435
3431 3433 3438
3431 3438 3432
3438 3433 3435
3432 3439 2204
2204 3439 2202
3438 3440 3432
3440 3439 3432
3440 3438 3435
3437 3441 3435
3437 3442 3441
3441 3442 3443
3435 3441 3444
3441 3443 3444
3444 3440 3435
3444 3443 3445
3446 2202 3439
3440 3446 3439
3447 3440 3444
3440 3447 3446
3444 3445 3448
3448 3447 3444
3445 3449 3448
3448 3449 3447
3447 3449 3446
3446 3450 2202
3446 3449 3450
3450 2203 2202
3450 3449 3451
3450 3451 2203
3452 3453 3454
3454 3453 3455
3452 3456 3453
3457 3456 3452
3457 3452 3458
3458 3459 3457
3460 3456 3457
3460 3453 3456
3457 3459 3461
3460 3457 3461
3461 3459 3462
3461 3462 3463
3461 3463 3460
3460 3463 2139
3464 3460 2139
3460 3464 3453
2171 3464 2139
3465 3453 3464
3453 3465 3455
3466 3464 2171
3466 3465 3464
2171 2173 3466
3467 3465 3466
3455 3465 3467
2173 3468 3466
3467 3466 3468
3468 3469 3467
3470 3468 2173
3469 3468 3470
3470 2173 2174
3471 3455 3467
3471 3467 3469
3470 2174 3472
2174 3473 3472
2174 3474 3473
3474 3475 3473
3474 3476 3475
3473 3477 3472
3473 3475 3477
3478 3475 3476
3478 3476 3479
3479 3480 3478
3481 3475 3478
3478 3480 3481
3481 3477 3475
3481 3480 3482
3482 3477 3481
3482 3480 3483
3482 3483 3484
3482 3485 3477
3482 3484 3485
3472 3477 3485
3485 3484 3486
3472 3485 3487
3485 3486 3487
3470 3472 3487
3488 3487 3486
3489 3470 3487
3488 3489 3487
3469 3470 3489
3469 3489 3488
3490 3469 3488
3490 3491 3469
3471 3469 3491
3490 3492 3491
3471 3491 3492
3490 3493 3492
3471 3492 3494
3455 3471 3494
3493 3495 3492
3493 3496 3495
3455 3494 3497
3497 3498 3455
3498 3497 3499
3494 3499 3497
3498 3499 3500
3499 3501 3500
3492 3502 3494
3494 3502 3499
3492 3495 3502
3499 3503 3501
3502 3503 3499
3503 3504 3501
3502 3505 3503
3495 3505 3502
3505 3504 3503
3496 3506 3495
3495 3506 3505
3506 3504 3505
3496 3507 3506
3507 3504 3506
3045 3508 3030
3031 3030 3508
3509 3031 3508
3510 3031 3509
3511 3510 3509
3508 3511 3509
3508 3512 3511
3045 3512 3508
3512 3513 3511
3045 3514 3512
3046 3514 3045
3053 3514 3046
3512 3515 3513
3514 3515 3512
3053 3516 3514
3514 3516 3515
3513 3515 3517
3513 3517 3518
3517 3519 3518
3515 3520 3517
3515 3516 3520
3520 3519 3517
3521 3516 3053
3521 3520 3516
3521 3519 3520
3521 3053 3054
3522 3519 3521
3521 3054 3522
