byte offset: 0
first index: 1008
index count: 14664
topology: trianglelist
format: DXGI_FORMAT_R16_UINT

283 284 285
286 284 287
286 288 284
284 288 289
290 288 286
291 289 288
291 292 289
293 292 291
294 292 293
294 293 295
296 295 293
296 293 297
298 296 297
298 297 299
300 298 299
300 299 301
301 302 300
301 299 303
301 303 304
305 301 304
306 301 305
306 305 307
307 308 306
307 309 308
310 308 309
310 309 311
311 312 310
311 313 312
312 313 314
301 306 315
301 315 302
302 315 316
302 316 317
317 316 318
317 318 319
318 320 319
318 321 320
316 315 322
323 321 318
316 322 324
325 324 322
326 324 325
323 318 327
327 328 323
329 318 316
329 316 324
329 327 318
326 330 324
329 324 330
330 326 331
327 332 328
332 327 329
330 331 333
333 331 334
329 330 335
332 329 335
330 336 335
330 333 336
337 336 333
333 334 338
337 333 338
339 338 334
339 334 340
341 337 338
341 338 339
339 342 341
340 343 339
339 343 342
340 344 343
345 342 343
346 343 344
345 343 346
346 344 347
345 346 348
347 348 346
345 348 349
349 348 350
347 351 348
352 348 351
352 351 353
353 354 352
355 356 357
358 359 360
361 362 363
364 365 366
367 368 369
370 371 372
373 374 336
375 374 337
375 337 376
376 377 375
376 378 377
378 379 377
378 380 379
379 380 381
379 381 382
382 381 383
384 385 386
387 384 386
387 386 388
389 387 388
386 390 388
389 388 391
391 388 390
391 390 392
393 389 391
391 392 394
393 391 395
391 394 395
396 393 395
396 395 397
397 395 394
398 396 397
397 394 399
399 394 400
399 400 401
399 401 402
398 397 403
403 397 399
404 398 403
399 402 405
403 399 405
405 402 406
404 403 407
407 403 405
407 408 404
405 406 409
407 405 409
409 406 410
407 411 408
409 411 407
409 410 412
409 412 411
412 410 413
414 408 411
414 415 408
416 415 414
417 411 412
412 413 417
417 414 411
418 417 413
414 417 418
418 413 419
418 419 420
416 414 421
414 418 421
416 421 420
421 418 420
422 423 424
422 425 423
422 426 425
426 427 425
426 428 427
428 429 427
428 430 429
431 429 430
431 430 432
432 433 431
432 434 433
434 435 433
434 436 435
437 435 436
438 439 440
438 440 441
442 438 441
442 441 443
444 442 443
440 445 441
445 443 441
440 446 445
447 446 440
445 448 443
443 448 449
444 443 450
443 449 450
451 444 450
452 450 449
451 450 453
452 453 450
454 451 453
455 453 452
454 453 456
455 456 453
456 457 454
458 456 455
456 459 457
458 459 456
460 457 459
461 459 458
460 459 462
461 462 459
463 460 462
464 462 461
463 462 464
464 461 465
466 463 464
465 467 464
466 464 467
465 468 467
466 467 469
469 467 468
470 471 472
470 472 473
474 470 473
473 472 475
475 472 476
477 475 476
477 478 475
478 479 475
479 473 475
478 480 479
474 473 481
481 473 479
482 474 481
483 479 480
479 483 481
482 481 484
481 483 484
485 482 484
483 480 486
480 487 486
485 484 488
489 485 488
483 490 484
490 483 486
484 490 488
487 491 486
490 486 491
492 491 487
489 488 493
494 489 493
490 495 488
491 495 490
488 495 493
491 492 496
491 496 495
496 492 497
496 497 498
494 493 499
499 500 494
501 493 495
496 501 495
499 493 501
496 498 502
496 502 501
499 503 500
504 500 503
505 499 501
502 505 501
505 503 499
498 506 502
502 506 505
498 507 506
504 503 508
508 509 504
510 503 505
506 510 505
508 503 510
511 506 507
506 511 510
511 507 512
513 511 512
510 511 513
513 512 514
513 514 515
508 516 509
516 517 509
518 508 510
510 513 518
516 508 518
513 515 519
518 513 519
519 515 520
516 521 517
521 522 517
523 516 518
518 519 523
521 516 523
519 520 524
524 523 519
524 520 525
521 526 522
526 527 522
528 521 523
524 528 523
528 526 521
524 525 529
529 528 524
530 529 525
530 525 531
530 531 532
529 533 528
533 526 528
533 529 530
526 534 527
534 526 533
534 535 527
536 534 533
533 530 536
534 537 535
537 534 536
538 535 537
530 532 539
539 532 540
541 536 530
541 530 539
541 537 536
541 539 540
538 537 542
541 542 537
540 542 541
538 542 540
543 544 545
543 546 544
547 544 546
543 548 546
543 549 548
550 549 543
550 551 549
550 552 551
550 553 552
548 554 546
547 546 554
548 555 554
547 554 556
556 554 555
547 556 557
556 555 558
556 559 557
558 559 556
560 561 562
560 563 561
564 561 563
564 565 561
563 566 564
563 567 566
567 568 566
567 569 568
566 568 570
564 566 571
571 566 570
572 564 571
573 572 571
572 574 564
570 575 571
573 571 575
570 576 575
577 575 576
574 572 578
573 578 572
577 579 575
577 580 579
581 579 580
582 575 579
581 582 579
582 573 575
582 581 583
582 583 584
573 582 584
585 584 583
574 578 586
587 574 586
587 586 588
588 589 587
588 590 589
591 590 588
591 588 592
592 588 586
592 593 591
592 586 594
578 594 586
592 595 593
595 592 594
596 593 595
596 597 593
598 597 596
598 599 597
600 599 598
600 598 601
602 600 601
602 601 603
602 603 604
604 603 605
605 603 601
604 605 606
605 601 607
607 606 605
607 601 598
607 608 606
607 598 609
609 608 607
609 598 596
609 610 608
609 611 610
609 596 612
609 612 611
612 596 595
612 613 611
612 595 614
612 614 613
595 594 614
594 613 614
594 615 613
578 615 594
615 578 616
616 617 615
616 578 573
616 618 617
619 617 618
616 573 620
618 616 620
573 584 620
618 620 621
618 621 622
619 618 623
618 622 623
623 624 619
620 584 625
620 625 626
585 625 584
627 626 625
628 623 622
623 628 624
628 622 629
630 624 628
631 628 629
630 628 631
631 629 632
631 633 630
631 632 634
631 635 633
631 634 635
635 636 633
635 634 637
635 638 636
635 637 638
639 636 638
639 638 637
639 640 636
641 640 639
639 637 642
641 639 642
641 643 640
641 642 644
641 645 643
646 641 644
641 647 645
646 647 641
647 648 645
646 649 647
647 649 648
646 650 649
651 648 649
651 649 650
652 653 654
652 655 653
652 656 655
657 658 659
659 658 660
659 660 661
661 660 662
661 662 663
664 663 662
664 665 663
666 667 668
666 669 667
670 667 669
670 669 671
670 671 672
673 674 675
673 676 674
676 673 677
676 677 678
679 678 677
679 680 678
679 681 680
679 682 681
683 681 682
683 682 684
685 683 684
685 684 686
685 686 687
688 689 690
690 691 688
690 692 691
693 691 692
693 692 694
695 693 694
695 694 696
696 697 695
696 698 697
698 699 697
698 700 699
701 699 700
701 702 699
703 702 701
703 704 702
705 704 703
705 703 706
707 705 706
708 709 710
708 710 711
708 711 712
713 712 711
713 714 712
715 714 713
715 713 716
716 717 715
716 718 717
719 717 718
719 720 717
721 720 719
721 719 722
721 722 723
724 725 726
724 726 727
728 724 727
728 727 729
730 728 729
730 729 731
730 731 732
730 732 733
732 734 733
732 735 734
735 736 734
735 737 736
736 737 738
739 740 741
739 741 742
743 739 742
743 742 744
743 744 745
743 745 746
746 745 747
746 747 748
749 748 747
749 747 750
751 749 750
752 753 754
754 755 752
754 756 755
757 755 756
757 756 758
757 758 759
757 759 760
760 759 761
760 761 762
762 761 763
762 763 764
764 763 765
764 765 766
766 765 767
766 767 768
768 767 769
768 769 770
770 769 771
770 771 772
773 772 771
773 771 774
773 774 775
773 775 776
776 775 777
776 777 778
778 777 779
778 779 780
781 780 779
781 782 780
782 781 783
784 785 786
784 787 785
788 787 784
788 789 787
790 789 788
790 791 789
792 791 790
787 789 793
787 793 794
787 794 795
787 795 796
797 793 789
797 789 791
791 798 797
792 799 791
791 799 798
800 799 792
800 798 799
800 792 801
800 802 798
801 803 800
803 802 800
801 804 803
803 805 802
806 803 804
803 806 805
807 808 809
807 809 810
811 810 809
811 812 810
812 811 813
812 813 814
815 814 813
815 816 814
816 815 817
816 817 818
818 817 819
818 819 820
820 819 821
820 821 822
822 821 823
824 825 826
827 824 826
827 826 828
826 829 828
828 830 827
829 831 828
828 831 830
829 832 831
830 831 833
833 834 830
832 835 831
835 833 831
832 836 835
835 837 833
833 837 834
836 838 835
837 835 838
834 837 839
837 838 839
836 840 838
836 841 840
842 840 841
843 842 841
843 844 842
840 845 838
840 842 845
844 846 842
844 847 846
842 848 845
842 846 848
846 849 848
838 845 850
839 838 850
839 850 851
852 850 845
847 853 846
846 853 849
847 854 853
852 855 850
851 850 855
856 855 852
849 853 857
857 853 854
857 854 858
849 857 859
860 857 858
861 859 857
860 861 857
861 862 859
863 861 860
863 862 861
856 864 855
865 864 856
866 855 864
851 855 866
865 867 864
868 867 865
866 864 869
869 864 867
868 870 867
871 870 868
866 872 851
869 872 866
869 867 873
873 867 870
869 874 872
873 874 869
873 875 874
876 875 873
873 870 876
876 877 875
871 878 870
876 870 878
879 877 876
876 878 879
879 880 877
881 878 871
881 879 878
881 871 882
883 881 882
883 882 884
883 884 885
886 880 879
881 886 879
883 886 881
886 887 880
888 887 886
883 888 886
888 889 887
888 890 889
888 891 890
883 891 888
892 890 891
883 885 893
893 885 892
892 891 893
883 893 891
894 895 896
894 897 895
898 895 897
898 899 895
899 898 900
899 900 901
901 900 902
901 902 903
903 902 904
903 904 905
904 906 905
904 907 906
908 906 907
908 907 909
910 908 909
910 909 911
910 911 912
913 914 915
914 916 915
914 917 916
918 915 916
918 919 915
920 919 918
920 918 921
917 914 922
917 922 923
924 923 922
924 922 925
921 926 920
921 927 926
926 927 928
926 928 929
929 928 930
931 932 933
931 934 932
934 935 932
934 936 935
937 935 936
937 936 938
938 939 937
938 940 939
941 939 940
941 940 942
943 941 942
943 942 944
943 944 945
946 947 948
946 948 949
949 948 950
949 950 951
952 951 950
952 950 953
954 952 953
954 953 955
946 949 956
957 954 955
957 955 958
959 957 958
959 960 957
961 960 959
299 946 956
299 962 946
962 963 946
962 964 963
962 299 297
297 964 962
297 965 964
297 293 965
293 966 965
293 967 966
293 291 967
968 966 967
969 967 291
291 288 969
968 967 970
969 970 967
970 971 968
969 288 972
290 972 288
970 973 971
973 974 971
970 969 975
969 972 975
970 975 973
290 976 972
975 972 976
290 977 976
978 976 977
973 979 974
980 974 979
973 975 981
975 976 981
973 981 979
978 982 976
981 976 982
983 982 978
980 979 984
985 980 984
979 981 986
981 982 986
979 986 984
983 987 982
986 982 987
988 987 983
985 984 989
989 990 985
991 984 986
986 987 991
991 989 984
988 992 987
991 987 992
993 992 988
989 994 990
995 990 994
989 991 996
991 992 996
989 996 994
993 997 992
996 992 997
998 997 993
998 999 997
1000 999 998
1000 1001 999
1001 1000 1002
1002 1003 1001
1003 999 1001
1002 1004 1003
1003 1005 999
1004 1005 1003
997 999 1005
1004 1006 1005
997 1005 1007
1007 1005 1006
996 997 1007
1007 1006 1008
996 1007 1008
996 1008 994
994 1008 1009
995 994 1009
1009 1008 1010
995 1009 1011
1009 1010 1011
995 1011 1012
1013 1011 1010
1014 1012 1011
1013 1014 1011
1014 1015 1012
1016 1014 1013
1017 1015 1014
1016 1017 1014
1017 1018 1015
1017 1016 1019
1018 1017 1019
1020 1021 1022
1020 1022 1023
1024 1020 1023
1024 1025 1020
1025 1024 1026
1025 1026 1027
1028 1027 1026
1028 1029 1027
1030 1029 1028
1030 1031 1029
1031 1030 1032
1031 1032 1033
1033 1032 1034
1033 1034 1035
1035 1034 1036
1037 1038 1039
1037 1040 1038
1040 1041 1038
1040 1042 1041
1043 1041 1042
1043 1042 1044
1044 1045 1043
1044 1046 1045
1047 1045 1046
1047 1046 1048
1047 1048 1049
1050 1051 1052
1050 1053 1051
1053 1050 1054
1053 1054 1055
1056 1055 1054
1056 1057 1055
1056 1058 1057
1056 1059 1058
1058 1059 1060
1061 1062 1063
1062 1061 1064
1062 1064 1065
1065 1064 1066
1065 1066 1067
1067 1066 1068
1067 1068 1069
1070 1069 1068
1070 1071 1069
1072 1071 1070
1072 1070 1073
1072 1073 1074
1075 1069 1071
1076 1071 1072
1076 1075 1071
1075 1077 1069
1078 1069 1077
1072 1074 1079
1072 1080 1076
1072 1079 1080
1081 1079 1074
1081 1074 1082
1083 1080 1079
1083 1079 1081
1084 1081 1082
1084 1082 1085
1086 1084 1085
1087 1083 1081
1087 1081 1084
1088 1075 1076
1076 1080 1089
1076 1089 1088
1090 1080 1083
1090 1089 1080
1083 1087 1091
1083 1091 1090
1088 1092 1075
1092 1077 1075
1088 1089 1093
1088 1093 1094
1092 1088 1094
1095 1093 1089
1095 1089 1090
1092 1094 1096
1090 1097 1095
1090 1091 1097
1098 1092 1096
1097 1091 1099
1087 1099 1091
1097 1099 1100
1092 1101 1077
1098 1101 1092
1101 1102 1077
1078 1077 1102
1103 1101 1098
1101 1103 1102
1103 1098 1104
1078 1102 1105
1103 1105 1102
1078 1105 1106
1107 1106 1105
1104 1108 1103
1103 1108 1105
1104 1109 1108
1107 1105 1110
1108 1110 1105
1109 1111 1108
1108 1111 1110
1109 1112 1111
1113 1111 1112
1107 1110 1114
1114 1110 1111
1114 1111 1113
1107 1114 1115
1114 1113 1116
1115 1114 1116
1117 1118 1119
1117 1120 1118
1117 1121 1120
1122 1120 1121
1122 1121 1123
1122 1123 1124
1122 1124 1125
1125 1124 1126
1125 1126 1127
1128 1127 1126
1128 1129 1127
1129 1128 1130
1129 1130 1131
1130 335 1131
1130 332 335
1132 1130 1128
1130 1133 332
1132 1133 1130
1134 332 1133
1134 328 332
1134 1135 328
1136 1135 1134
1133 1137 1134
1133 1132 1137
1136 1134 1138
1138 1139 1136
1138 1140 1139
1140 1141 1139
1140 1142 1141
1142 1143 1141
1142 1144 1143
1143 1144 1145
1146 1137 1132
1146 1132 1147
1147 1132 1128
1147 1148 1146
1147 1128 1149
1147 1150 1148
1150 1147 1149
1151 1148 1150
1150 1149 1152
1151 1150 1153
1153 1150 1152
1153 1154 1151
1153 1152 1155
1153 1156 1154
1155 1156 1153
1155 1157 1156
1156 1158 1154
1156 1157 1159
1156 1160 1158
1156 1159 1160
1160 1159 1161
1162 1158 1160
1160 1161 1163
1162 1160 1163
1163 1161 1164
1162 1163 1165
1163 1164 1165
1162 1165 1166
1165 1164 1167
1166 1165 1167
1168 1169 1170
1168 1170 1171
1172 1171 1170
1172 1170 1173
1168 1171 1174
1171 1172 1174
1168 1174 1175
1176 1168 1175
1174 1172 1177
1172 1178 1177
1179 1172 1173
1172 1179 1178
1179 1173 1180
1179 1181 1178
1182 1179 1180
1179 1182 1181
1182 1180 1183
1184 1181 1182
1183 1185 1182
1184 1182 1185
1183 1186 1185
1187 1184 1185
1188 1185 1186
1187 1185 1189
1188 1189 1185
1189 1190 1187
1188 1191 1189
1189 1191 1190
1188 1192 1191
1191 1193 1190
1192 1194 1191
1191 1194 1193
1192 1195 1194
1194 1196 1193
1197 1194 1195
1194 1198 1196
1197 1198 1194
1199 1196 1198
1197 1199 1198
1200 1201 1202
1200 1203 1201
1204 1203 1200
1204 1205 1203
1205 1204 1206
1205 1206 1207
1207 1206 1208
1207 1208 1209
1209 1208 1210
1211 1212 1213
1211 1214 1212
1212 1214 1215
1211 1216 1214
1217 1216 1211
1218 1215 1214
1216 1218 1214
1219 1216 1217
1219 1217 1220
1218 1221 1215
1215 1221 1222
1223 1222 1221
1218 1223 1221
1224 1219 1220
1224 1220 1225
1226 1224 1225
1226 1227 1224
1228 1227 1226
1229 1219 1224
1227 1229 1224
1230 1216 1219
1230 1219 1229
1216 1231 1218
1230 1231 1216
1228 1232 1227
1233 1232 1228
1227 1234 1229
1232 1234 1227
1232 1235 1234
1233 1236 1232
1236 1235 1232
1236 1237 1235
1236 1233 1238
1236 1239 1237
1236 1238 1240
1236 1240 1239
1240 1238 1241
1239 1240 1241
1230 1229 1242
1243 1242 1229
1244 1230 1242
1244 1231 1230
1243 1245 1242
1246 1245 1243
1244 1242 1247
1245 1247 1242
1246 1248 1245
1249 1248 1246
1245 1250 1247
1250 1245 1248
1247 1251 1244
1247 1252 1251
1252 1247 1250
1253 1244 1251
1252 1250 1254
1253 1255 1244
1244 1255 1231
1255 1253 1256
1257 1254 1250
1250 1248 1257
1257 1258 1254
1257 1259 1258
1231 1255 1260
1255 1256 1260
1231 1260 1218
1218 1260 1223
1256 1223 1260
1256 1261 1223
1262 1223 1261
1223 1262 1222
1262 1261 1263
1264 1222 1262
1265 1262 1263
1264 1262 1265
1265 1263 1266
1267 1264 1265
1268 1265 1266
1267 1265 1268
1268 1266 1269
1270 1267 1268
1271 1268 1269
1270 1268 1271
1271 1269 1272
1273 1270 1271
1273 1271 1272
1273 1272 1274
1275 1273 1274
1276 1277 1278
1276 1278 1279
1280 1281 1282
1280 1282 1283
1284 1285 1286
1284 1287 1285
1288 1287 1284
1287 1289 1285
1288 1290 1287
1291 1290 1288
1287 1292 1289
1290 1292 1287
1291 1293 1290
1294 1293 1291
1294 1295 1293
1290 1296 1292
1293 1297 1290
1298 1289 1292
1298 1292 1296
1298 1299 1289
1299 1298 1300
1298 1296 1301
1301 1300 1298
1299 1300 1302
1301 1303 1300
1300 1303 1304
1300 1305 1302
1295 1306 1293
1293 1306 1297
1295 1307 1306
1300 1304 1308
1300 1308 1305
1309 1308 1304
1310 1297 1306
1307 1310 1306
1307 1311 1310
1310 1312 1297
1313 1310 1311
1305 1308 1314
1309 1314 1308
1305 1314 1315
1316 1314 1309
1317 1312 1310
1313 1317 1310
1317 1318 1312
1319 1317 1313
1315 1314 1320
1316 1320 1314
1315 1320 1321
1322 1320 1316
1321 1320 1322
1323 1318 1317
1319 1323 1317
1323 1324 1318
1325 1323 1319
1326 1324 1323
1325 1326 1323
1326 1327 1324
1328 1326 1325
1327 1326 1329
1328 1329 1326
1327 1329 1330
1328 1331 1329
1331 1330 1329
1328 1332 1331
1331 1333 1330
1334 1331 1332
1334 1333 1331
1334 1335 1333
1335 1334 1336
1337 1338 1339
1337 1339 1340
1341 1342 1343
1341 1343 1344
1344 1343 1345
1344 1345 1346
1347 1346 1345
1347 1348 1346
1347 1349 1348
1347 1350 1349
1350 1351 1349
1350 1352 1351
1352 1353 1351
1352 1354 1353
1354 1355 1353
1354 1356 1355
1355 1356 1357
1355 1357 1358
1358 1357 1359
1360 1361 1362
1361 1363 1362
1361 1364 1363
1365 1363 1364
1365 1364 1366
1367 1365 1366
1367 1366 1368
1369 1367 1368
1369 1368 1370
1369 1370 1371
1369 1371 1372
1372 1371 1373
1372 1373 1374
1374 1373 1375
1374 1375 1376
1375 1377 1376
1375 1378 1377
1379 1377 1378
1379 1380 1377
1380 1379 1381
1380 1381 1382
1382 1381 1383
1382 1383 1384
1385 1382 1384
1386 1382 1385
1386 1380 1382
1377 1380 1387
1388 1377 1387
1388 1389 1377
1387 1390 1388
1387 1391 1390
1392 1389 1388
1392 1393 1389
1392 1394 1393
1395 1390 1391
1395 1391 1396
1390 1395 1397
1388 1390 1398
1390 1397 1398
1388 1398 1392
1398 1397 1399
1392 1400 1394
1401 1394 1400
1402 1392 1398
1398 1399 1402
1402 1400 1392
1401 1400 1403
1403 1400 1402
1404 1402 1399
1403 1402 1404
1404 1399 1405
1406 1404 1405
1406 1403 1404
1406 1405 1407
1401 1403 1408
1406 1408 1403
1401 1408 1409
1410 1406 1407
1410 1408 1406
1410 1407 1411
1410 1411 1412
1409 1408 1413
1410 1413 1408
1412 1413 1410
1409 1413 1414
1414 1413 1412
1415 1416 1417
1417 1416 1418
1417 1418 1419
1420 1419 1418
1420 1418 1421
1420 1421 1422
1420 1422 1423
1423 1422 1424
1423 1424 1425
1425 1424 1426
1425 1426 1427
1428 1427 1426
1428 1429 1427
1429 1428 1430
1429 1430 1431
1431 1430 1432
1431 1432 1433
1433 1432 1434
1433 1434 1435
1434 1436 1435
1437 1438 1439
1437 1440 1438
1440 1441 1438
1440 1442 1441
1442 1440 1443
1442 1443 1444
1445 1441 1442
1445 1442 1444
1445 1446 1441
1445 1444 1447
1448 1446 1445
1448 1445 1447
1448 1449 1446
1448 1447 1450
1451 1449 1448
1451 1448 1450
1451 1450 1452
1451 1453 1449
1454 1451 1452
1455 1453 1451
1454 1455 1451
1455 1456 1453
1457 1455 1454
1457 1456 1455
1457 1458 1456
1457 1454 1459
1460 1458 1457
1461 1457 1459
1460 1457 1461
1461 1459 1462
1460 1461 1463
1461 1462 1463
1464 1465 1466
1464 1466 1467
1468 1467 1466
1468 1466 1469
1469 1470 1468
1469 1471 1470
1472 1470 1471
1473 1464 1467
1474 1464 1473
1474 1475 1464
1473 1467 1476
1476 1467 1468
1476 1468 1477
1477 1468 1470
1477 1470 1478
1478 1470 1479
1472 1479 1470
1472 1480 1479
1478 1479 1481
1480 1481 1479
1472 1482 1480
1480 1483 1481
1484 1480 1482
1485 1483 1480
1484 1486 1480
1485 1480 1486
1487 1486 1484
1485 1486 1487
1488 1489 1490
1491 1488 1490
1491 1490 1492
1491 1492 1493
1491 1493 1494
1494 1493 1495
1494 1495 1496
1497 1493 1492
1495 1493 1497
1497 1492 1498
1498 1492 1490
1498 1490 1499
1499 1490 1500
1495 1497 1501
1496 1495 1502
1502 1495 1501
1496 1502 1503
1502 1501 1504
1505 1503 1502
1504 1505 1502
1505 1506 1503
1504 1507 1505
1508 1506 1505
1507 1508 1505
1508 1509 1506
1507 1510 1508
1511 1509 1508
1511 1508 1510
1511 1512 1509
1511 1510 1513
1514 1512 1511
1514 1511 1513
1515 1516 1517
1515 1518 1516
1519 1518 1515
1519 1515 1520
1518 1521 1522
1518 1523 1521
1523 1524 1521
1523 1525 1524
1525 1523 1526
1525 1527 1524
1525 1526 1528
1525 1529 1527
1529 1525 1528
1529 1530 1527
1529 1528 1531
1529 1532 1530
1532 1529 1531
1532 1533 1530
1532 1531 1534
1532 1535 1533
1534 1535 1532
1535 1536 1533
1534 1537 1535
1535 1538 1536
1538 1535 1537
1538 1537 1539
1540 1536 1538
1541 1538 1539
1540 1538 1541
1541 1539 1542
1543 1540 1541
1542 1543 1541
1543 1544 1540
1542 1545 1543
1546 1544 1543
1545 1546 1543
1546 1547 1544
1545 1548 1546
1549 1547 1546
1549 1546 1548
1549 1550 1547
1549 1548 1551
1549 1552 1550
1552 1549 1551
1553 1554 1555
1553 1556 1554
1557 1556 1553
1557 1553 1558
1556 1557 1559
1556 1559 1560
1561 1559 1557
1562 1557 1558
1561 1557 1562
1562 1558 1563
1562 1564 1561
1565 1562 1563
1562 1565 1564
1565 1563 1566
1565 1566 1567
1565 1568 1564
1565 1567 1569
1565 1569 1568
1570 1569 1567
1568 1569 1571
1570 1571 1569
1568 1571 1572
1573 1571 1570
1572 1571 1573
1572 1573 1574
1573 1570 1575
1576 1574 1573
1577 1573 1575
1576 1573 1577
1577 1575 1578
1576 1577 1579
1577 1578 1579
1580 1581 1582
1580 1582 1583
1584 1580 1583
1584 1583 1585
1586 1584 1585
1586 1585 1587
1586 1587 1588
1586 1588 1589
1590 1589 1588
1590 1591 1589
1590 1592 1591
1590 1593 1592
1594 1592 1593
1594 1595 1592
1594 1596 1595
1594 1597 1596
1598 1596 1597
1599 1600 1601
1599 1601 1602
1603 1604 1605
1605 1604 1606
1605 1606 1607
1606 1608 1607
1606 1609 1608
1609 1610 1608
1609 1611 1610
1611 1612 1610
1611 1613 1612
1613 1614 1612
1613 1615 1614
1616 1617 1618
1618 1617 1619
1618 1619 1620
1619 1621 1620
1619 1622 1621
1623 1621 1622
1623 1622 1624
1623 1624 1625
1623 1625 1626
1626 1625 1627
1626 1627 1628
1628 1627 1629
1628 1629 1630
1630 1629 1631
1630 1631 1632
1632 1631 1633
1632 1633 1634
1635 1634 1633
1635 1636 1634
1637 1638 1639
1640 1637 1639
1640 1641 1637
1640 1639 1642
1640 1642 1643
1643 1642 1644
1643 1644 1645
1645 1644 1646
1645 1646 1647
1648 1647 1646
1648 1649 1647
1649 1648 1650
1649 1650 1651
1652 1651 1650
1652 1653 1651
1654 1653 1652
1654 1655 1653
1656 1655 1654
1657 1658 1659
1657 1659 1660
1660 1659 1661
1662 1657 1660
1662 1660 1663
1664 1662 1663
1664 1663 1665
1666 1664 1665
1666 1665 1667
1668 1666 1667
1668 1667 1669
1668 1669 1670
1671 1672 1673
1671 1673 1674
1675 1674 1673
1675 1676 1674
1671 1674 1677
1674 1676 1678
1674 1678 1679
1679 1678 1680
1679 1680 1681
1682 1677 1674
1682 1683 1677
1682 1684 1683
1685 1684 1682
1685 1686 1684
1687 1686 1685
1687 1688 1686
1688 1687 1689
1688 1689 1690
1691 1681 1680
1691 1692 1681
1693 1692 1691
1693 1691 1694
1695 1693 1694
1695 1694 1696
1697 1690 1689
1697 1698 1690
1699 1695 1696
1699 1696 1700
1699 1700 1701
1699 1701 1702
1702 1701 1703
1702 1703 1704
1704 1703 1705
1697 1706 1698
1697 1707 1706
1708 1706 1707
1708 1709 1706
1710 1709 1708
1710 1711 1709
1711 1710 1712
1711 1712 1713
1713 1712 1714
1715 1716 1717
1718 1716 1715
1718 1719 1716
1720 1719 1718
1720 1721 1719
1722 1721 1720
1722 1723 1721
1723 1722 1724
1723 1724 1725
1724 1726 1725
1724 1727 1726
1727 1728 1726
1727 1729 1728
1730 1728 1729
1730 1731 1728
1732 1731 1730
1732 1733 1731
1734 1733 1732
1734 1735 1733
1736 1737 1738
1736 1738 1739
1739 1738 1740
1741 1736 1739
1739 1740 1742
1741 1739 1743
1743 1739 1742
1743 1742 1744
1745 1741 1743
1743 1744 1746
1745 1743 1747
1743 1746 1747
1748 1745 1747
1747 1746 1749
1748 1747 1750
1747 1749 1750
1750 1749 1751
1750 1752 1748
1750 1751 1753
1750 1753 1752
1753 1751 1754
1752 1753 1755
1753 1754 1755
1752 1755 1756
1755 1754 1757
1755 1758 1756
1755 1757 1759
1755 1759 1758
1759 1757 1760
1759 1761 1758
1759 1760 1762
1759 1762 1761
1762 1760 1763
1761 1762 1764
1762 1763 1764
1761 1764 1765
1766 1764 1763
1765 1764 1766
1766 1763 1767
1765 1766 1768
1766 1767 1769
1768 1766 1769
1770 1771 1772
1770 1773 1771
1774 1773 1770
1774 1770 1775
1774 1775 1776
1777 1774 1776
1778 1771 1773
1778 1779 1771
1780 1773 1774
1780 1778 1773
1774 1777 1781
1774 1781 1780
1779 1778 1782
1779 1782 1783
1784 1778 1780
1784 1780 1781
1784 1782 1778
1781 1777 1785
1785 1777 1786
1787 1785 1786
1784 1781 1788
1785 1789 1781
1788 1790 1784
1790 1782 1784
1788 1791 1790
1792 1783 1782
1790 1792 1782
1792 1793 1783
1794 1793 1792
1794 1792 1790
1794 1795 1793
1796 1790 1791
1794 1790 1796
1796 1791 1797
1798 1795 1794
1798 1794 1796
1798 1799 1795
1800 1796 1797
1798 1796 1800
1800 1797 1801
1802 1799 1798
1802 1798 1800
1802 1803 1799
1801 1804 1800
1802 1800 1804
1801 1805 1804
1806 1803 1802
1806 1802 1804
1806 1807 1803
1808 1807 1806
1809 1804 1805
1806 1804 1809
1809 1805 1810
1808 1806 1811
1811 1806 1809
1812 1808 1811
1810 1813 1809
1811 1809 1813
1810 1814 1813
1814 1815 1813
1811 1813 1815
1814 1816 1815
1817 1815 1816
1812 1811 1818
1812 1818 1817
1811 1815 1818
1818 1815 1817
1787 1819 1820
1787 1820 1821
1822 1787 1821
1822 1821 1823
1787 1822 1785
1822 1823 1824
1822 1825 1785
1785 1825 1789
1826 1789 1825
1826 1827 1789
1828 1827 1826
1822 1824 1829
1822 1829 1825
1829 1826 1825
1829 1824 1830
1829 1830 1831
1829 1831 1826
1831 1830 1832
1831 1832 1833
1826 1831 1833
1834 1833 1832
1828 1826 1835
1826 1833 1835
1836 1828 1835
1836 1835 1837
1837 1835 1833
1837 1838 1836
1834 1839 1833
1837 1833 1839
1840 1839 1834
1841 1837 1839
1840 1841 1839
1837 1842 1838
1841 1842 1837
1840 1843 1841
1843 1842 1841
1840 1844 1843
1845 1843 1844
1846 1838 1842
1843 1846 1842
1845 1846 1843
1846 1847 1838
1845 1847 1846
1848 1849 1850
1848 1850 1851
1852 1853 1854
1852 1854 1855
1855 1856 1852
1855 1854 1857
1855 1858 1856
1858 1859 1856
1858 1860 1859
1855 1857 1861
1861 1858 1855
1861 1857 1862
1861 1862 1863
1863 1862 1864
1863 1864 1865
1865 1864 1866
1865 1866 1867
1868 1867 1866
1861 1863 1869
1870 1869 1863
1870 1863 1865
1871 1870 1865
1871 1865 1867
1861 1869 1872
1861 1872 1858
1867 1873 1871
1867 1874 1873
1868 1874 1867
1874 1875 1873
1868 1876 1874
1874 1876 1875
1868 1877 1876
1878 1875 1876
1879 1876 1877
1878 1876 1880
1879 1880 1876
1881 1878 1880
1879 1882 1880
1881 1880 1882
1879 1883 1882
1881 1882 1884
1884 1882 1883
1858 1872 1885
1858 1885 1860
1886 1860 1885
1886 1887 1860
1888 1886 1885
1889 1885 1872
1888 1885 1889
1889 1872 1890
1891 1889 1890
1892 1888 1889
1891 1893 1889
1892 1889 1893
1893 1891 1894
1895 1892 1893
1893 1894 1895
1895 1896 1892
1895 1894 1897
1898 1896 1895
1895 1897 1898
1898 1899 1896
1900 1898 1897
1901 1899 1898
1900 1902 1898
1901 1898 1902
1903 1902 1900
1901 1902 1903
1904 1905 1906
1904 1907 1905
1904 1908 1907
1904 1909 1908
1907 1908 1910
1905 1907 1911
1907 1910 1911
1905 1911 1912
1910 1913 1911
1912 1911 1913
1910 1914 1913
1912 1913 1915
1916 1913 1914
1915 1913 1916
1916 1914 1917
1915 1916 1918
1917 1919 1916
1918 1916 1919
1917 1920 1919
1918 1919 1921
1920 1922 1919
1921 1919 1922
1920 1923 1922
1921 1922 1924
1922 1923 1925
1926 1924 1922
1922 1925 1926
1926 1927 1924
1928 1926 1925
1927 1926 1929
1928 1929 1926
1927 1929 1930
1931 1929 1928
1930 1929 1932
1931 1932 1929
1930 1932 1933
1932 1931 1934
1934 1933 1932
1935 1936 1937
1935 1937 1938
1939 1935 1938
1939 1940 1935
1941 1940 1939
1939 1938 1942
1939 1943 1941
1942 1944 1939
1939 1944 1943
1942 1945 1944
1946 1943 1944
1947 1944 1945
1946 1944 1947
1947 1945 1948
1949 1946 1947
1950 1947 1948
1949 1947 1950
1950 1948 1951
1950 1952 1949
1951 1953 1950
1950 1953 1952
1951 1954 1953
1955 1952 1953
1954 1956 1953
1955 1953 1956
1954 1957 1956
1958 1955 1956
1957 1958 1956
1958 1959 1955
1957 1960 1958
1961 1959 1958
1960 1961 1958
1961 1962 1959
1960 1963 1961
1964 1962 1961
1964 1961 1963
1965 1966 1967
1965 1967 1968
1969 1970 1971
1969 1971 1972
1973 1974 1975
1973 1975 1976
1977 1978 1979
1977 1979 1980
1980 1979 1981
1980 1981 1982
1982 1981 1983
1982 1983 1984
1984 1983 1985
1984 1985 1986
1986 1985 1987
1986 1987 1988
1988 1987 1989
1988 1989 1990
1991 1990 1989
1991 1989 1992
1993 1991 1992
1993 1992 1994
1995 1993 1994
1995 1996 1993
1997 1996 1995
1998 1999 2000
1998 2000 2001
2000 2002 2001
2000 2003 2002
2003 2004 2002
2003 2005 2004
2005 2006 2004
2005 2007 2006
2007 2008 2006
2007 2009 2008
2010 2008 2009
2010 2009 2011
2012 2010 2011
2012 2013 2010
2014 2013 2012
2015 2016 2017
2015 2018 2016
2019 2016 2018
2019 2020 2016
2020 2021 2016
2020 2022 2021
2023 2024 2025
2023 2026 2024
2027 2026 2023
2027 2023 2028
2028 2029 2027
2028 2030 2029
2031 2029 2030
2031 2032 2029
2033 2032 2031
2033 2034 2032
2033 2035 2034
2033 2036 2035
2037 2035 2036
2038 2039 2040
2038 2040 2041
2042 2043 2044
2042 2044 2045
2046 2047 2044
2044 2048 2046
2046 2048 2049
2046 2050 2047
2046 2049 2051
2050 2046 2051
2050 2051 2052
2052 2051 2053
2052 2053 2054
2055 2056 2057
2055 2057 2058
2059 2060 2061
2059 2061 2062
2063 2059 2062
2064 2062 2061
2061 2065 2064
2061 2066 2065
2066 2067 2065
2063 2062 2068
2064 2069 2062
2068 2062 2069
2065 2070 2064
2069 2064 2070
2065 2071 2070
2067 2071 2065
2069 2070 2072
2073 2069 2072
2073 2074 2069
2068 2069 2074
2075 2074 2073
2063 2068 2076
2063 2076 2077
2078 2068 2074
2075 2078 2074
2078 2076 2068
2075 2079 2078
2079 2076 2078
2075 2080 2079
2077 2076 2081
2079 2081 2076
2077 2081 2082
2080 2083 2079
2083 2081 2079
2080 2084 2083
2085 2082 2081
2083 2085 2081
2085 2086 2082
2084 2087 2083
2085 2083 2087
2084 2088 2087
2089 2087 2088
2086 2085 2090
2085 2087 2090
2086 2090 2091
2092 2091 2090
2089 2093 2087
2090 2087 2093
2094 2093 2089
2092 2095 2094
2092 2090 2095
2095 2093 2094
2090 2093 2095
2096 2097 2098
2096 2098 2099
2100 2099 2098
2100 2101 2099
2102 2101 2100
2102 2100 2103
2104 2102 2103
2104 2103 2105
2106 2104 2105
2106 2105 2107
2108 2106 2107
2108 2107 2109
2109 2110 2108
2109 2111 2110
2111 2112 2110
2111 2113 2112
2114 2112 2113
2115 2116 2117
2116 2115 2118
2116 2118 2119
2119 2118 2120
2119 2120 2121
2121 2120 2122
2121 2122 2123
2123 2122 2124
2123 2124 2125
2125 2124 2126
2125 2126 2127
2127 2126 2128
2127 2128 2129
2129 2128 2130
2129 2130 2131
2132 2131 2130
2132 2133 2131
2134 2133 2132
2135 2136 2137
2135 2138 2136
2138 2139 2136
2138 2140 2139
2140 2141 2139
2140 2142 2141
2142 2143 2141
2142 2144 2143
2145 2143 2144
2145 2144 2146
2147 2145 2146
2147 2146 2148
2147 2148 2149
2150 2151 2152
2150 2153 2151
2153 2154 2151
2153 2155 2154
2155 2156 2154
2155 2157 2156
2157 2158 2156
2157 2159 2158
2160 2154 2156
2160 2156 2158
2160 2161 2154
2161 2151 2154
2161 2162 2151
2163 2151 2162
2160 2158 2164
2159 2165 2158
2165 2164 2158
2159 2166 2165
2165 2167 2164
2166 2168 2165
2167 2165 2168
2167 2168 2169
2166 2170 2168
2168 2171 2169
2170 2172 2168
2168 2172 2171
2170 2173 2172
2174 2171 2172
2175 2172 2173
2174 2172 2176
2175 2176 2172
2177 2174 2176
2175 2177 2176
2178 2179 2180
2178 2181 2179
2182 2181 2178
2182 2183 2181
2184 2183 2182
2184 2185 2183
2186 2185 2184
2186 2187 2185
2188 2187 2186
2188 2189 2187
2190 2189 2188
2190 2188 2191
2190 2191 2192
2193 2194 2195
2193 2195 2196
2197 2193 2196
2197 2196 2198
2199 2197 2198
2199 2198 2200
2200 2201 2199
2200 2202 2201
2203 2201 2202
2203 2202 2204
2205 2203 2204
2205 2204 2206
2206 2207 2205
2206 2208 2207
2209 2207 2208
2209 2208 2210
2209 2210 2211
2209 2211 2212
2212 2211 2213
2214 2215 2216
2214 2216 2217
2214 2217 2218
2214 2218 2219
2220 2214 2219
2220 2219 2221
2221 2219 2222
2221 2222 2223
2222 2224 2223
2217 2225 2218
2217 2226 2225
2227 2222 2219
2227 2219 2218
2222 2228 2224
2229 2224 2228
2222 2230 2228
2222 2227 2230
2229 2228 2231
2231 2228 2230
2225 2226 2232
2232 2226 2233
2232 2233 2234
2225 2232 2235
2235 2236 2225
2235 2237 2236
2238 2218 2225
2238 2225 2236
2239 2227 2218
2239 2218 2238
2239 2240 2227
2240 2230 2227
2239 2238 2241
2240 2242 2230
2241 2238 2243
2243 2238 2236
2241 2243 2244
2245 2236 2237
2243 2236 2245
2245 2237 2246
2242 2247 2230
2242 2248 2247
2231 2230 2247
2249 2244 2243
2245 2249 2243
2249 2250 2244
2251 2250 2249
2246 2252 2245
2245 2252 2249
2246 2253 2252
2254 2247 2248
2231 2247 2254
2254 2248 2255
2254 2255 2256
2251 2249 2257
2252 2257 2249
2257 2258 2251
2253 2259 2252
2252 2259 2257
2253 2260 2259
2261 2259 2260
2261 2262 2259
2257 2259 2262
2263 2262 2261
2263 2258 2264
2257 2264 2258
2257 2262 2264
2264 2262 2263
2254 2256 2265
2265 2256 2266
2267 2254 2265
2231 2254 2267
2229 2231 2267
2229 2267 2268
2268 2267 2269
2267 2265 2269
2268 2269 2270
2265 2266 2271
2269 2265 2271
2270 2269 2272
2269 2271 2272
2270 2272 2273
2274 2273 2272
2274 2272 2275
2271 2275 2272
2274 2275 2276
2277 2271 2266
2271 2277 2275
2276 2275 2277
2277 2266 2278
2277 2278 2276
2279 2280 2281
2279 2281 2282
2283 2284 2285
2283 2286 2284
2287 2286 2283
2287 2288 2286
2289 2288 2287
2289 2287 2290
2291 2289 2290
2291 2290 2292
2293 2291 2292
2293 2292 2294
2295 2293 2294
2295 2294 2296
2297 2295 2296
2297 2296 2298
2299 2297 2298
2299 2298 2300
2299 2300 2301
2299 2301 2302
2303 2302 2301
2303 2301 2304
2303 2304 2305
2306 2307 2308
2306 2309 2307
2309 2306 2310
2309 2310 2311
2311 2310 2312
2311 2312 2313
2314 2313 2312
2314 2315 2313
2316 2315 2314
2316 2317 2315
2317 2316 2318
2317 2318 2319
2319 2318 2320
2319 2320 2321
2322 2321 2320
2322 2320 2323
2322 2323 2324
2325 2326 2327
2325 2327 2328
2328 2327 2329
2328 2329 2330
2331 2332 2333
2331 2333 2334
2335 2336 2337
2335 2338 2336
2339 2338 2335
2339 2340 2338
2341 2340 2339
2341 2342 2340
2343 2342 2341
2343 2344 2342
2342 2344 2345
2342 2345 2340
2346 2340 2345
2346 2338 2340
2338 2346 2347
2338 2347 2336
2336 2347 2348
2336 2348 2349
2349 2348 2350
2349 2350 2351
2336 2349 2352
2352 2349 2351
2336 2352 2353
2352 2351 2354
2355 2356 2357
2358 2356 2355
2358 2359 2356
2358 2360 2359
2358 2361 2360
2361 2362 2360
2361 2363 2362
2364 2362 2363
2364 2363 2365
2366 2364 2365
2366 2367 2364
2368 2367 2366
2368 2369 2367
2370 2369 2368
2370 2371 2369
2372 2371 2370
2372 2373 2371
2374 2373 2372
2374 2375 2373
2375 2374 2376
2375 2376 2377
2375 2377 2378
2377 2379 2378
2377 2380 2379
2381 2379 2380
2381 2380 2382
2383 2381 2382
2384 2385 2386
2384 2387 2385
2384 2388 2387
2388 2389 2387
2388 2390 2389
2391 2389 2390
2391 2390 2392
2392 2393 2391
2392 2394 2393
2394 2395 2393
2394 2396 2395
2396 2397 2395
2396 2398 2397
2399 2397 2398
2399 2398 2400
2401 2399 2400
2401 2400 2402
2402 2403 2401
2402 2404 2403
2405 2403 2404
2405 2404 2406
2406 2404 2407
2407 2408 2406
2407 2409 2408
2410 2408 2409
2410 2409 2411
2411 2412 2410
2413 2414 2415
2416 2414 2413
2416 2417 2414
2417 2416 2418
2417 2418 2419
2419 2418 2420
2419 2420 2421
2421 2420 2422
2421 2422 2423
2424 2423 2422
2424 2425 2423
2425 2424 2426
2425 2426 2427
2427 2426 2428
2427 2428 2429
2429 2428 627
2429 627 2430
627 625 2430
2430 625 2431
2431 625 585
2431 585 2432
2431 2432 2433
2434 2430 2431
2431 2433 2434
2434 2435 2430
2434 2433 2436
2437 2435 2434
2434 2436 2437
2437 2438 2435
2437 2439 2438
2437 2436 2440
2437 2441 2439
2437 2440 2441
2441 2442 2439
2443 2441 2440
2441 2443 2442
2443 2440 2444
2445 2442 2443
2446 2443 2444
2445 2443 2446
2446 2444 2447
2446 2448 2445
2449 2446 2447
2446 2450 2448
2449 2450 2446
2451 2448 2450
2451 2450 2449
2452 2453 2454
2455 2452 2454
2455 2454 2456
2456 2454 2457
2458 2456 2457
2458 2459 2456
2460 2459 2458
2461 2460 2458
2458 2457 2462
2462 2457 2463
2464 2462 2463
2461 2458 2465
2465 2458 2462
2465 2466 2461
2464 2467 2462
2465 2462 2467
2465 2468 2466
2467 2468 2465
2468 2469 2466
2470 2467 2464
2467 2470 2468
2470 2464 2471
2470 2471 2472
2468 2473 2469
2470 2473 2468
2473 2474 2469
2470 2472 2475
2470 2475 2473
2476 2475 2472
2473 2477 2474
2475 2477 2473
2477 2478 2474
2476 2479 2475
2475 2479 2477
2479 2476 2480
2477 2481 2478
2479 2481 2477
2479 2480 2482
2479 2482 2481
2478 2481 2483
2483 2481 2482
2478 2483 2484
2485 2482 2480
2483 2482 2485
2485 2480 2486
2487 2485 2486
2488 2484 2483
2485 2488 2483
2488 2489 2484
2487 2490 2485
2485 2490 2488
2491 2490 2487
2492 2489 2488
2490 2492 2488
2492 2493 2489
2493 2492 2494
2491 2495 2490
2490 2495 2492
2494 2492 2495
2491 2494 2495
2496 2497 2498
2496 2499 2497
2499 1086 2497
2500 2499 2496
2499 2501 1086
2501 1084 1086
2500 2502 2499
2502 2501 2499
1084 2501 2503
2502 2503 2501
1084 2503 1087
1087 2503 1099
2502 1099 2503
2504 2502 2500
2502 2504 1099
2504 2500 2505
1100 1099 2504
2506 2504 2505
1100 2504 2506
2507 2508 2509
2507 2510 2508
2510 2511 2508
2512 2510 2507
2512 2507 2513
2512 2513 2514
2510 2515 2511
2515 2516 2511
2517 2515 2510
2517 2510 2512
2515 2518 2516
2517 2518 2515
2518 2519 2516
2518 2520 2519
2521 2520 2518
2517 2521 2518
2521 2522 2520
2512 2514 2523
2523 2514 2524
2512 2525 2517
2521 2517 2525
2512 2523 2525
2522 2521 2526
2521 2525 2526
2522 2526 2527
2523 2524 2528
2525 2523 2528
2528 2524 2529
2527 2526 2530
2527 2530 2531
2526 2525 2532
2525 2528 2532
2526 2532 2530
2531 2530 2533
2532 2533 2530
2531 2533 2534
2528 2529 2535
2532 2528 2535
2534 2533 2536
2534 2536 2537
2532 2538 2533
2532 2535 2538
2538 2536 2533
2529 2539 2535
2529 2540 2539
2535 2541 2538
2538 2541 2536
2535 2539 2541
2537 2536 2542
2537 2542 2543
2536 2541 2544
2539 2544 2541
2536 2544 2542
2540 2545 2539
2539 2545 2544
2540 2546 2545
2547 2543 2542
2547 2548 2543
2549 2542 2544
2545 2549 2544
2549 2547 2542
2546 2550 2545
2545 2550 2549
2546 2551 2550
2552 2548 2547
2552 2553 2548
2553 2552 2554
2555 2547 2549
2555 2552 2547
2555 2549 2550
2552 2555 2554
2556 2550 2551
2555 2550 2556
2555 2556 2554
2556 2551 2557
2556 2557 2554
2558 2559 2560
2558 2561 2559
2562 2561 2558
2563 2559 2561
2563 2564 2559
2565 2563 2561
2562 2566 2561
2565 2561 2566
2566 2562 2567
2566 2568 2565
2566 2567 2569
2566 2569 2568
2569 2567 2570
2569 2571 2568
2569 2570 2572
2569 2572 2571
2572 2570 2573
2572 2574 2571
2572 2573 2575
2572 2575 2574
2575 2573 2576
2575 2577 2574
2575 2576 2578
2575 2578 2577
2578 2576 2579
2578 2580 2577
2578 2579 2581
2578 2581 2580
2582 2581 2579
2583 2580 2581
2582 2583 2581
2583 2584 2580
2585 2583 2582
2586 2584 2583
2585 2586 2583
2586 2587 2584
2588 2586 2585
2587 2586 2588
2589 2590 2591
2589 2591 2592
2592 2593 2589
2592 2594 2593
2592 2595 2594
2591 2596 2592
2592 2596 2595
2591 2597 2596
2596 2598 2595
2596 2597 2599
2596 2600 2598
2596 2599 2600
2600 2601 2598
2600 2599 2602
2600 2603 2601
2600 2602 2603
2603 2604 2601
2603 2602 2605
2603 2606 2604
2603 2605 2606
2606 2607 2604
2605 2607 2606
2608 2609 2610
2608 2611 2609
2611 2608 2612
2611 2612 2613
2611 2613 2614
2609 2611 2615
2611 2614 2615
2609 2615 2616
2615 2614 2617
2615 2618 2616
2615 2617 2619
2615 2619 2618
2619 2617 2620
2619 2621 2618
2619 2620 2622
2619 2622 2621
2622 2620 2623
2622 2624 2621
2622 2623 2625
2622 2625 2624
2625 2623 2626
2625 2627 2624
2625 2626 2628
2625 2628 2627
2628 2626 2629
2627 2628 2629
2630 2631 2632
2630 2632 2633
2633 2634 2630
2633 2635 2634
2636 2634 2635
2636 2635 2637
2638 2636 2637
2638 2637 2639
2640 2638 2639
2640 2641 2638
2642 2641 2640
2642 2643 2641
2644 2643 2642
2644 2642 2645
2644 2645 2646
2647 2648 2649
2647 2649 2650
2651 2650 2649
2651 2652 2650
2653 2652 2651
2653 2651 2654
2655 2653 2654
2655 2654 2656
2656 2657 2655
2656 2658 2657
2659 2657 2658
2659 2660 2657
2660 2659 2661
2660 2661 2662
2662 2661 2663
2664 2665 2666
2664 2667 2665
2667 2664 2668
2667 2668 2669
2665 2667 2670
2669 2670 2667
2669 2671 2670
2665 2670 2672
2670 2671 2673
2672 2670 2674
2670 2673 2674
2672 2674 2675
2674 2673 2676
2675 2674 2677
2674 2676 2677
2675 2677 2678
2677 2676 2679
2678 2677 2680
2677 2679 2680
2678 2680 2681
2682 2680 2679
2681 2680 2682
2681 2682 2683
2682 2679 2684
2685 2683 2682
2686 2682 2684
2685 2682 2686
2686 2684 2687
2685 2686 2688
2686 2687 2688
2689 2690 2691
2689 2692 2690
2692 2689 2693
2692 2693 2694
2695 2694 2693
2695 2696 2694
2697 2696 2695
2697 2698 2696
2699 2698 2697
2699 2697 2700
2700 2701 2699
2700 2702 2701
2701 2702 2703
2701 2703 2704
2704 2703 2705
2706 2707 2708
2706 2709 2707
2710 2707 2709
2710 2709 2711
2712 2710 2711
2712 2713 2710
2714 2713 2712
2714 2715 2713
2716 2715 2714
2716 2717 2715
2716 2718 2717
2716 2719 2718
2719 2720 2718
2719 2721 2720
2720 2721 2722
2723 2724 2725
2723 2726 2724
2726 2727 2724
2726 2728 2727
2723 2729 2726
2728 2726 2729
2728 2729 2730
2723 2731 2729
2729 2732 2730
2731 2733 2729
2729 2733 2732
2731 2734 2733
2733 2735 2732
2734 2736 2733
2733 2736 2735
2734 2737 2736
2736 2738 2735
2737 2739 2736
2736 2739 2738
2737 2740 2739
2738 2739 2741
2740 2741 2739
2740 2742 2741
2738 2741 2743
2741 2742 2744
2743 2741 2745
2741 2744 2745
2743 2745 2746
2745 2744 2747
2746 2745 2747
2748 2749 2750
2748 2750 2751
2751 2752 2748
2751 2753 2752
2752 2753 2754
2752 2754 2755
2756 2755 2754
2756 2754 2757
2757 2758 2756
2757 2759 2758
2760 2758 2759
2760 2761 2758
2762 2761 2760
2762 2763 2761
2764 2763 2762
2764 2765 2763
2766 2765 2764
2766 2764 2767
2766 2767 2768
2769 2770 2771
2769 2772 2770
2769 2773 2772
2774 2772 2773
2774 2773 2775
2776 2774 2775
2776 2775 2777
2777 2778 2776
2777 2779 2778
2780 2778 2779
2780 2779 2781
2781 2782 2780
2781 2783 2782
2784 2782 2783
2784 2783 2785
2786 2784 2785
2786 2785 2787
2788 2786 2787
2788 2789 2786
2790 2791 2792
2790 2793 2791
2793 2790 2794
2793 2794 2795
2791 2793 2796
2795 2796 2793
2791 2796 2797
2795 2798 2796
2797 2796 2799
2799 2796 2798
2799 2798 2800
2797 2799 2801
2799 2800 2802
2801 2799 2803
2799 2802 2803
2801 2803 2804
2805 2803 2802
2804 2803 2805
2805 2802 2806
2804 2805 2807
2808 2805 2806
2807 2805 2808
2808 2806 2809
2807 2808 2810
2808 2809 2811
2810 2808 2812
2808 2811 2812
2810 2812 2813
2814 2812 2811
2813 2812 2814
2814 2811 2815
2813 2814 2816
2817 2814 2815
2816 2814 2817
2817 2815 2818
2816 2817 2819
2817 2818 2820
2819 2817 2820
2821 2822 2823
2821 2824 2822
2824 2821 2825
2824 2825 2826
2825 2827 2826
2825 2828 2827
2828 2829 2827
2828 2830 2829
2831 2829 2830
2831 2832 2829
2833 2832 2831
2833 2834 2832
2835 2834 2833
2835 2833 2836
2836 2837 2835
2836 2838 2837
2837 2838 2839
2837 2839 2840
2840 2839 2841
2842 2843 2844
2842 2845 2843
2846 2843 2845
2846 2847 2843
2848 2847 2846
2848 2849 2847
2850 2849 2848
2850 2851 2849
2852 2851 2850
2852 2853 2851
2854 2853 2852
2854 2855 2853
2856 2855 2854
2856 2857 2855
2856 2858 2857
2856 2859 2858
2859 2860 2858
2859 2861 2860
2860 2861 2862
2863 2864 2865
2863 2866 2864
2866 2867 2864
2866 2868 2867
2863 2869 2866
2868 2866 2869
2863 2870 2869
2868 2869 2871
2870 2872 2869
2871 2869 2872
2870 2873 2872
2871 2872 2874
2873 2875 2872
2874 2872 2875
2873 2876 2875
2874 2875 2877
2878 2875 2876
2877 2875 2878
2877 2878 2879
2878 2876 2880
2878 2881 2879
2880 2882 2878
2878 2882 2881
2880 2883 2882
2882 2884 2881
2883 2885 2882
2882 2885 2884
2883 2886 2885
2885 2886 2887
2885 2888 2884
2885 2887 2889
2885 2889 2888
2889 2887 2890
2888 2889 2891
2889 2890 2891
2888 2891 2892
2891 2890 2893
2892 2891 2893
2894 2895 2896
2894 2896 2897
2898 2894 2897
2898 2897 2899
2899 2900 2898
2899 2901 2900
2902 2903 2904
2902 2904 2905
2902 2905 2906
2902 2906 2907
2908 2902 2907
2908 2909 2902
2910 2906 2905
2910 2905 2911
2912 2910 2911
2905 2904 2913
2905 2913 2911
2912 2911 2914
2915 2912 2914
2916 2914 2911
2916 2911 2913
2915 2914 2917
2916 2917 2914
2918 2915 2917
2918 2917 2919
2916 2920 2917
2920 2919 2917
2919 2921 2918
2921 2922 2918
2920 2923 2919
2919 2923 2924
2919 2924 2925
2919 2925 2921
2926 2925 2924
2927 2925 2926
2927 2921 2925
2927 2926 2928
2927 2928 2929
2930 2922 2921
2930 2931 2922
2932 2931 2930
2930 2933 2932
2930 2921 2934
2927 2934 2921
2930 2934 2935
2934 2936 2935
2927 2929 2937
2934 2927 2937
2937 2929 2938
2934 2939 2936
2934 2937 2939
2939 2940 2936
2937 2938 2941
2941 2939 2937
2941 2938 2942
2939 2943 2940
2941 2943 2939
2943 2944 2940
2941 2942 2945
2943 2941 2945
2945 2942 2946
2943 2947 2944
2943 2945 2947
2948 2944 2947
2945 2948 2947
2948 2949 2944
2950 2949 2948
2945 2946 2951
2945 2951 2948
2951 2946 2952
2950 2948 2953
2953 2948 2951
2950 2953 2954
2952 2954 2955
2951 2952 2955
2953 2951 2955
2953 2955 2954
2956 2957 2958
2956 2958 2959
2960 2956 2959
2958 2961 2959
2958 2962 2961
2962 2963 2961
2962 2964 2963
2965 2963 2964
2965 2964 2966
2967 2961 2963
2967 2963 2965
2959 2961 2968
2968 2961 2967
2960 2959 2969
2959 2968 2969
2969 2970 2960
2960 2970 2971
2969 2972 2970
2968 2972 2969
2966 2973 2965
2966 2974 2973
2967 2965 2975
2973 2975 2965
2968 2976 2972
2972 2976 2977
2968 2967 2978
2978 2976 2968
2978 2967 2975
2977 2976 2979
2978 2979 2976
2977 2979 2980
2981 2980 2979
2981 2979 2978
2981 2982 2980
2983 2982 2981
2978 2975 2984
2981 2978 2984
2983 2981 2985
2984 2985 2981
2986 2984 2975
2973 2986 2975
2983 2985 2987
2983 2987 2988
2984 2989 2985
2986 2989 2984
2990 2985 2989
2990 2987 2985
2986 2990 2989
2988 2987 2991
2988 2991 2992
2993 2987 2990
2993 2991 2987
2986 2994 2990
2994 2993 2990
2995 2986 2973
2995 2994 2986
2992 2991 2996
2992 2996 2997
2996 2998 2997
2999 2996 2991
2999 2991 2993
2996 3000 2998
2999 3000 2996
3000 3001 2998
2994 3002 2993
3002 2994 2995
2995 2973 3003
2974 3003 2973
2974 3004 3003
3002 2995 3005
3006 2995 3003
3002 3005 3007
3008 2993 3002
3002 3007 3008
3009 3008 3007
3008 2999 2993
3004 3010 3003
3006 3003 3010
3004 3011 3010
3012 3006 3010
3013 3010 3011
3009 3014 3008
3014 2999 3008
3015 3014 3009
3012 3010 3016
3013 3016 3010
3016 3017 3012
3018 3016 3013
3016 3019 3017
3018 3019 3016
3019 3020 3017
3021 3019 3018
3019 3022 3020
3021 3022 3019
3022 3021 3023
3024 3020 3022
3022 3023 3025
3024 3022 3025
3026 3025 3023
3027 3024 3025
3026 3027 3025
3027 3028 3024
3029 3027 3026
3029 3028 3027
3029 3026 3030
3029 3031 3028
3029 3030 3032
3032 3031 3029
3033 3034 3035
3033 3035 3036
3037 3033 3036
3035 3038 3036
3035 3039 3038
3038 3039 3040
3038 3040 3041
3038 3041 3042
3038 3042 3043
3036 3038 3043
3044 3043 3042
3037 3036 3045
3036 3043 3045
3046 3037 3045
3046 3045 3043
3046 3047 3037
3047 3046 3048
3046 3049 3048
3044 3050 3043
3046 3043 3050
3051 3050 3044
3046 3052 3049
3052 3053 3049
3046 3050 3054
3051 3054 3050
3046 3054 3052
3052 3055 3053
3054 3055 3052
3051 3055 3054
3051 3056 3055
3055 3057 3053
3058 3055 3056
3055 3058 3057
3058 3056 3059
3060 3057 3058
3059 3060 3058
3060 3061 3057
3062 3061 3060
3059 3063 3060
3062 3060 3063
3062 3064 3061
3062 3063 3065
3062 3066 3064
3062 3065 3067
3065 3068 3067
3062 3069 3066
3069 3062 3067
3069 3070 3066
3069 3071 3070
3071 3072 3070
3069 3067 3073
3073 3071 3069
3068 3074 3067
3074 3073 3067
3071 3075 3072
3075 3076 3072
3073 3077 3071
3077 3075 3071
3075 3078 3076
3078 3079 3076
3068 3080 3074
3081 3080 3068
3081 3082 3080
3074 3080 3082
3081 3083 3082
3084 3083 3081
3074 3082 3085
3074 3086 3073
3085 3086 3074
3086 3077 3073
3085 3087 3086
3087 3088 3086
3086 3088 3077
3087 3089 3088
3088 3090 3077
3077 3090 3075
3090 3078 3075
3089 3091 3088
3088 3091 3090
3089 3092 3091
3093 3091 3092
3093 3094 3091
3090 3091 3094
3095 3094 3093
3090 3096 3078
3090 3094 3096
3095 3097 3094
3096 3094 3097
3098 3097 3095
3099 3078 3096
3078 3099 3079
3098 3079 3099
3098 3100 3097
3096 3097 3100
3098 3099 3100
3099 3096 3100
3101 3102 3103
3101 3103 3104
3105 3106 3103
3105 3107 3106
3108 3107 3105
3108 3109 3107
3110 3107 3109
3110 3109 3111
3109 3108 3112
3113 3111 3109
3109 3112 3113
3113 3114 3111
3112 3115 3113
3112 3116 3115
3117 3114 3113
3117 3113 3115
3117 3118 3114
3115 3116 3119
3120 3119 3116
3121 3117 3115
3115 3119 3121
3120 3122 3119
3123 3122 3120
3123 3124 3122
3122 3124 3125
3122 3125 3126
3126 3125 3127
3128 3119 3122
3128 3122 3126
3126 3127 3129
3128 3126 3129
3129 3127 3130
3129 3130 3131
3132 3131 3130
3133 3121 3119
3133 3119 3128
3128 3129 3134
3131 3134 3129
3132 3135 3131
3136 3135 3132
3128 3137 3133
3128 3134 3137
3131 3138 3134
3135 3138 3131
3136 3139 3135
3140 3139 3136
3134 3141 3137
3134 3138 3141
3135 3142 3138
3139 3142 3135
3140 3143 3139
3144 3143 3140
3145 3141 3138
3145 3138 3142
3144 3146 3143
3147 3146 3144
3143 3146 3148
3147 3148 3146
3139 3143 3149
3143 3148 3149
3147 3150 3148
3149 3148 3150
3147 3151 3150
3152 3150 3151
3149 3150 3152
3152 3151 3153
3139 3149 3154
3139 3154 3142
3154 3149 3152
3155 3152 3153
3154 3152 3155
3155 3142 3154
3155 3145 3142
3155 3153 3156
3145 3155 3156
3145 3156 3157
3141 3145 3157
3141 3157 3158
3158 3137 3141
3158 3159 3137
3137 3159 3160
3137 3160 3133
3160 3161 3133
3161 3121 3133
3161 3162 3121
3121 3162 3117
3163 3117 3162
3163 3118 3117
3164 3163 3162
3164 3162 3165
3166 3118 3163
3167 3118 3166
3168 3167 3166
3165 3169 3164
3165 3170 3169
3171 3163 3164
3166 3163 3171
3171 3164 3172
3173 3172 3164
3173 3164 3169
3174 3173 3169
3175 3169 3170
3174 3169 3175
3175 3170 3176
3177 3174 3175
3176 3177 3175
3177 3178 3174
3178 3177 3179
3176 3180 3177
3180 3179 3177
3178 3179 3181
3180 3182 3179
3179 3183 3181
3184 3179 3182
3179 3185 3183
3184 3185 3179
3186 3183 3185
3184 3186 3185
3186 3187 3183
3184 3188 3186
3189 3187 3186
3189 3186 3188
3190 3191 3192
3190 3192 3193
3190 3193 3194
3194 3193 3195
3194 3195 3196
3197 3194 3196
3197 3196 3198
3199 3190 3194
3199 3194 3197
3200 3199 3197
3201 3197 3198
3200 3197 3201
3201 3198 3202
3190 3199 3203
3200 3203 3199
3190 3203 3204
3200 3205 3203
3206 3201 3202
3200 3201 3206
3206 3202 3207
3208 3206 3207
3208 3200 3206
3205 3200 3209
3208 3209 3200
3205 3209 3210
3211 3209 3208
3211 3208 3212
3213 3211 3212
3213 3212 3214
3214 3215 3213
3214 3216 3215
3217 3210 3209
3210 3217 3218
3219 3217 3209
3217 3220 3218
3219 3221 3217
3217 3221 3220
3219 3222 3221
3223 3220 3221
3222 3224 3221
3223 3221 3224
3222 3225 3224
3226 3223 3224
3225 3226 3224
3226 3227 3223
3225 3228 3226
3227 3226 3229
3228 3229 3226
3227 3229 3230
3228 3231 3229
3229 3232 3230
3229 3231 3232
3233 3234 3235
3233 3236 3234
3236 3237 3234
3238 3236 3233
3236 3239 3237
3239 3240 3237
3238 3241 3236
3241 3239 3236
3238 3242 3241
3238 3243 3242
3244 3241 3242
3244 3245 3241
3241 3245 3239
3242 3246 3244
3242 3247 3246
3247 3242 3243
3247 3248 3246
3239 3245 3249
3249 3245 3250
3239 3251 3240
3239 3249 3251
3251 3249 3252
3251 3252 3253
3240 3251 3253
3240 3253 3254
3247 3243 3255
3256 3255 3243
3256 3257 3255
3258 3248 3247
3258 3247 3255
3258 3259 3248
3260 3259 3258
3261 3255 3257
3258 3255 3261
3261 3257 3262
3260 3258 3263
3263 3258 3261
3264 3260 3263
3265 3261 3262
3263 3261 3265
3265 3262 3266
3264 3263 3267
3267 3263 3265
3268 3264 3267
3269 3265 3266
3267 3265 3269
3269 3266 3270
3270 3271 3269
3267 3269 3271
3270 3272 3271
3268 3267 3273
3267 3271 3273
3274 3268 3273
3272 3275 3271
3275 3273 3271
3272 3276 3275
3274 3273 3277
3275 3277 3273
3278 3274 3277
3278 3277 3279
3279 3277 3275
3278 3279 3280
3281 3275 3276
3279 3275 3281
3280 3279 3281
3281 3276 3282
3280 3281 3282
3283 3284 3285
3284 3286 3285
3286 3287 3285
3286 3288 3287
3288 3286 3289
3290 3287 3288
3290 3288 3291
3288 3289 3291
3292 3290 3291
3292 3291 3293
3289 3293 3291
3292 3293 3294
3292 3294 3295
3286 3296 3289
3297 3296 3286
3297 3298 3296
3294 3293 3299
3289 3299 3293
3295 3294 3300
3295 3300 3301
3300 3302 3301
3300 3303 3302
3304 3302 3303
3305 3300 3294
3305 3303 3300
3304 3303 3306
3305 3306 3303
3304 3306 3307
3307 3306 3305
3307 3305 3308
3305 3294 3309
3309 3308 3305
3294 3299 3309
3309 3310 3308
3311 3309 3299
3310 3309 3311
3310 3311 3312
3311 3299 3289
3313 3312 3311
3311 3289 3314
3313 3311 3314
3296 3314 3289
3313 3314 3315
3313 3315 3316
3296 3317 3314
3317 3315 3314
3296 3298 3317
3316 3315 3318
3317 3318 3315
3316 3318 3319
3298 3320 3317
3318 3317 3320
3298 3321 3320
3322 3320 3321
3319 3318 3252
3318 3320 3252
3319 3252 3323
3252 3324 3323
3322 3253 3320
3320 3253 3252
3322 3254 3253
3322 3325 3254
3252 3326 3324
3249 3326 3252
3327 3324 3326
3249 3328 3326
3249 3250 3328
3327 3326 3329
3328 3329 3326
3330 3327 3329
3328 3250 3331
3250 3332 3331
3331 3332 3333
3328 3331 3334
3328 3334 3329
3331 3333 3335
3335 3334 3331
3336 3335 3333
3337 3329 3334
3335 3337 3334
3330 3329 3338
3337 3338 3329
3336 3339 3335
3339 3337 3335
3330 3338 3340
3330 3340 3341
3342 3338 3337
3339 3342 3337
3342 3340 3338
3336 3343 3339
3342 3339 3343
3336 3344 3343
3345 3343 3344
3342 3343 3346
3340 3342 3346
3346 3343 3345
3341 3340 3347
3340 3346 3347
3347 3346 3345
3341 3347 3348
3347 3345 3349
3348 3347 3349
3348 3349 3350
3351 3349 3345
3349 3352 3350
3351 3353 3349
3349 3353 3352
3354 3353 3351
3354 3352 3353
3355 3356 3357
3355 3358 3356
3355 3359 3358
3359 3360 3358
3359 3361 3360
3362 3360 3361
3362 3363 3360
3364 3363 3362
3364 3365 3363
3366 3365 3364
3366 3364 3367
3368 3366 3367
3369 3364 3362
3369 3367 3364
3361 3370 3362
3369 3362 3370
3371 3361 3359
3361 3371 3370
3371 3359 3372
3359 3373 3372
3373 3374 3372
3375 3370 3371
3375 3371 3372
3375 3376 3370
3376 3369 3370
3375 3372 3377
3376 3378 3369
3374 3379 3372
3377 3372 3379
3380 3379 3374
3377 3379 3381
3379 3380 3381
3382 3369 3378
3369 3382 3367
3382 3378 3383
3382 3384 3367
3368 3367 3384
3383 3385 3382
3382 3385 3384
3383 3386 3385
3387 3385 3386
3387 3388 3385
3388 3384 3385
3389 3388 3387
3368 3384 3390
3388 3390 3384
3389 3390 3388
3368 3390 3391
3391 3390 3389
3392 3393 3394
3394 3393 3395
3396 3394 3395
3396 3395 3397
3398 3394 3396
3398 3399 3394
3399 3398 3400
3399 3400 3401
3401 3400 3402
3401 3402 3403
3403 3402 3404
3403 3404 3405
3404 3406 3405
3404 3407 3406
3406 3407 3408
3409 3410 3411
3409 3412 3410
3413 3410 3412
3413 3412 2904
3409 3414 3412
2904 3412 3414
3409 3168 3414
2904 3414 2913
3415 3414 3168
3415 2913 3414
3415 3168 3166
3415 3416 2913
2916 2913 3416
3417 2916 3416
3415 3417 3416
3417 2920 2916
3418 3415 3166
3415 3418 3417
3418 3166 3171
3419 2920 3417
3418 3419 3417
3419 3420 2920
3171 3421 3418
3418 3421 3419
3171 3422 3421
3423 3420 3419
3421 3423 3419
3423 3424 3420
3425 3424 3423
3422 3426 3421
3421 3426 3423
3422 3427 3426
3425 3423 3428
3426 3428 3423
3428 3429 3425
3427 3430 3426
3426 3430 3428
3427 3431 3430
3430 3431 3432
3428 3433 3429
3430 3433 3428
3433 3434 3429
3430 3432 3435
3430 3435 3433
3435 3432 3436
3433 3437 3434
3435 3437 3433
3438 3434 3437
3435 3436 3439
3435 3439 3437
3439 3436 3440
3438 3437 3441
3441 3437 3439
3439 3440 3442
3441 3439 3442
3443 3442 3440
3443 3444 3442
3444 3441 3442
3445 3444 3443
3446 3438 3441
3444 3446 3441
3445 3446 3444
3446 3447 3438
3445 3447 3446
3448 3449 3450
3448 3450 3451
3452 3451 3450
3452 3453 3451
3454 3455 3456
3454 3457 3455
3458 3457 3454
3458 3459 3457
3460 3459 3458
3461 3455 3457
3461 3457 3459
3461 3462 3455
3463 3455 3462
3463 3462 3464
3464 3465 3463
3461 3459 3466
3460 3467 3459
3466 3459 3467
3467 3460 3468
3466 3467 3469
3467 3468 3470
3469 3467 3470
3470 3468 3471
3469 3470 3472
3470 3471 3473
3472 3470 3473
3472 3473 3474
3475 3473 3471
3476 3474 3473
3475 3476 3473
3476 3477 3474
3476 3478 3477
3475 3479 3476
3476 3479 3478
3475 3480 3479
3481 3478 3479
3479 3480 3481
3482 3483 3484
3482 3484 3485
3486 3485 3484
3486 3487 3485
3488 3489 3490
3490 3489 3491
3490 3491 3492
3493 3492 3491
3493 3494 3492
3495 3494 3493
3493 3491 3496
3495 3493 3497
3497 3493 3496
3498 3495 3497
3498 3497 3499
3500 3498 3499
3500 3501 3498
3501 3500 3502
3501 3502 3503
3503 3502 3504
3504 3502 3505
3505 3502 3500
3505 3506 3504
3505 3507 3506
3505 3500 3508
3505 3508 3507
3499 3508 3500
3508 3509 3507
3499 3510 3508
3508 3510 3509
3510 3499 3497
3510 3511 3509
3510 3497 3512
3510 3512 3511
3497 3496 3512
3496 3511 3512
3496 3513 3511
3513 3496 3514
3513 3514 3515
3516 3517 3518
3517 3516 3519
3517 3519 3520
3520 3519 3521
3520 3521 3522
3521 3519 3523
3519 3524 3523
3523 3524 3525
3521 3523 3526
3521 3526 3527
3528 3522 3521
3521 3527 3528
3528 3529 3522
3528 3527 3530
3529 3528 3530
3531 3532 3533
3534 3533 3532
3534 3535 3533
3536 3535 3534
3536 3537 3535
3537 3536 3538
3537 3539 3535
3537 3538 3540
3540 3538 3541
3539 3537 3542
3539 3542 3543
3537 3544 3542
3537 3540 3544
3545 3539 3543
3545 3546 3539
3546 3545 3547
3546 3547 3548
3549 3548 3547
3549 3550 3548
3549 3551 3550
3552 3544 3540
3552 3540 3553
3540 3541 3553
3553 3554 3552
3541 3555 3553
3553 3555 3554
3541 3556 3555
3555 3556 3557
3558 3554 3555
3555 3557 3558
3558 3559 3554
3560 3558 3557
3559 3558 3561
3560 3561 3558
3559 3561 3562
3563 3561 3560
3562 3561 3563
3564 3565 3566
3564 3566 3567
3568 3567 3566
3568 3569 3567
3570 3569 3568
3570 3571 3569
3572 3571 3570
3572 3573 3571
3574 3573 3572
3575 3571 3573
3574 3576 3573
3577 3576 3574
3575 3573 3578
3579 3573 3576
3579 3578 3573
3577 3580 3576
3580 3579 3576
3581 3575 3578
3575 3581 3582
3581 3578 3583
3578 3584 3583
3578 3579 3584
3585 3584 3579
3580 3585 3579
3585 3586 3584
3587 3586 3585
3577 3588 3580
3577 3589 3588
3580 3590 3585
3587 3585 3590
3580 3588 3590
3591 3587 3590
3591 3590 3588
3591 3592 3587
3593 3592 3591
3589 3594 3588
3591 3588 3594
3593 3591 3594
3589 3595 3594
3593 3594 3595
3596 3597 3598
3598 3599 3596
3598 3600 3599
3600 3601 3599
3600 3602 3601
3603 3601 3602
3603 3602 3604
3604 3605 3603
3604 3606 3605
3607 3605 3606
3607 3606 3608
3609 3607 3608
3609 3608 3610
3611 3609 3610
3611 3610 3612
3613 3611 3612
3613 3612 3614
3613 3614 3615
3613 3615 3616
3616 3615 3617
3618 3619 3620
3618 3620 3621
3621 3622 3618
3623 3621 3620
3621 3624 3622
3623 3625 3621
3624 3621 3625
3626 3625 3623
3624 3625 3627
3625 3626 3628
3628 3626 3629
3628 3629 3630
3631 3628 3630
3627 3625 3632
3625 3628 3632
3627 3632 3633
3632 3634 3633
3631 3635 3628
3632 3628 3635
3636 3635 3631
3632 3637 3634
3632 3635 3637
3638 3634 3637
3638 3637 3639
3635 3639 3637
3640 3638 3639
3636 3641 3635
3635 3641 3639
3640 3639 3642
3641 3642 3639
3642 3643 3640
3636 3644 3641
3641 3644 3642
3636 3645 3644
3642 3646 3643
3644 3646 3642
3646 3647 3643
3645 3648 3644
3644 3648 3646
3645 3649 3648
3646 3648 3650
3650 3648 3649
3646 3650 3647
3650 3649 3651
3650 3651 3652
3647 3650 3653
3650 3652 3653
3647 3653 3654
3653 3652 3655
3654 3653 3655
3656 3657 3658
3656 3659 3657
3660 3659 3656
3660 3661 3659
3662 3661 3660
3662 3663 3661
3663 3662 3664
3663 3664 3665
3666 3665 3664
3666 3667 3665
3668 3667 3666
3668 3666 3669
3670 3668 3669
3670 3669 3671
3672 3670 3671
3672 3671 3673
3672 3673 3674
3672 3674 3675
3676 3675 3674
3676 3674 3677
3676 3677 3678
3679 3680 3681
3682 3680 3679
3682 3679 3683
3684 3682 3683
3684 3683 3685
3685 3686 3684
3685 3687 3686
3686 3687 3688
3686 3688 3689
3689 3688 3690
3689 3690 3691
3691 3690 3692
3691 3692 3693
3694 3693 3692
3694 3692 3695
3696 3694 3695
3696 3695 3697
3696 3697 3698
3699 3700 3701
3699 3702 3700
3702 3703 3700
3702 3704 3703
3704 3705 3703
3704 3706 3705
3705 3706 3707
3705 3707 3708
3707 3709 3708
3707 3710 3709
3709 3710 3711
3712 3709 3711
3708 3709 3713
3713 3709 3712
3708 3713 3714
3712 3711 3715
3715 3711 3716
3715 3716 3717
3717 3716 3718
3717 3718 3719
3718 3720 3719
3721 3715 3717
3721 3712 3715
3721 3722 3712
3723 3712 3722
3723 3724 3712
3713 3712 3724
3725 3724 3723
3725 3726 3724
3713 3724 3726
3726 3725 3727
3713 3726 3728
3714 3713 3728
3714 3728 3729
3726 3727 3730
3728 3726 3730
3731 3729 3728
3728 3730 3731
3731 3732 3729
3727 3733 3730
3733 3731 3730
3727 3734 3733
3735 3732 3731
3733 3735 3731
3735 3736 3732
3735 3737 3736
3734 3738 3733
3738 3735 3733
3734 3739 3738
3740 3738 3739
3740 3737 3741
3735 3741 3737
3740 3741 3738
3738 3741 3735
3742 3743 3744
3742 3745 3743
3742 3746 3745
3742 3747 3746
3748 3746 3747
3748 3747 3749
3749 3750 3748
3749 3751 3750
3750 3752 3748
3753 3750 3751
3750 3754 3752
3752 3754 3755
3753 3756 3750
3757 3756 3753
3750 3758 3754
3750 3756 3758
3757 3759 3756
3760 3759 3757
3761 3758 3756
3761 3756 3759
3754 3758 3762
3761 3762 3758
3754 3762 3763
3763 3755 3754
3755 3763 3764
3755 3764 3765
3765 3764 3766
3765 3766 3767
3766 3768 3767
3766 3769 3768
3768 3769 3770
3768 3770 3771
3761 3772 3762
3773 3772 3761
3759 3773 3761
3773 3774 3772
3759 3775 3773
3760 3775 3759
3776 3775 3760
3777 3774 3773
3775 3777 3773
3777 3778 3774
3776 3779 3775
3775 3779 3777
3780 3778 3777
3780 3777 3779
3780 3781 3778
3782 3781 3780
3783 3779 3776
3780 3779 3783
3780 3783 3782
3783 3776 3784
3783 3784 3782
3785 3786 3787
3785 3788 3786
3788 3789 3786
3785 3790 3788
3785 3791 3790
3788 3790 3792
3788 3793 3789
3788 3792 3793
3794 3789 3793
3793 3792 3795
3794 3793 3796
3793 3795 3796
3796 3797 3794
3796 3795 3798
3796 3799 3797
3796 3798 3799
3799 3800 3797
3798 3801 3799
3799 3801 3800
3798 3802 3801
3800 3801 3803
3803 3801 3802
3800 3803 3804
3803 3802 3805
3804 3803 3806
3805 3806 3803
3804 3806 3807
3805 3808 3806
3807 3806 3809
3808 3809 3806
3807 3809 3810
3808 3811 3809
3810 3809 3812
3812 3809 3811
3810 3812 3813
3812 3811 3814
3813 3812 3815
3812 3814 3815
3816 3817 3818
3816 3819 3817
3819 3820 3817
3819 3821 3820
3822 3819 3816
3819 3822 3823
3823 3822 3824
3823 3824 3825
3825 3824 3826
3825 3826 3827
3827 3826 3828
3827 3828 3829
3830 3829 3828
3830 3828 3831
3832 3830 3831
3832 3831 3833
3832 3833 3834
3835 3836 3837
3835 3838 3836
3839 3836 3838
3839 3838 3840
3841 3839 3840
3841 3840 3842
3843 3841 3842
3843 3844 3841
3845 3844 3843
3845 3846 3844
3847 3846 3845
3847 3845 3848
3847 3848 3849
3847 3849 3850
3850 3849 3851
3852 3853 3854
3852 3855 3853
3856 3855 3852
3856 3852 3857
3858 3856 3857
3858 3857 3859
3859 3860 3858
3859 3861 3860
3862 3860 3861
3862 3863 3860
3863 3862 3864
3863 3864 3865
3866 3865 3864
3866 3864 3867
3866 3867 3868
3869 3870 3871
3871 3872 3869
3873 3869 3872
3871 3874 3872
3875 3873 3872
3874 3876 3872
3875 3872 3876
3874 3877 3876
3878 3875 3876
3877 3879 3876
3878 3876 3879
3877 3880 3879
3881 3878 3879
3880 3882 3879
3881 3879 3883
3879 3882 3883
3884 3881 3883
3885 3883 3882
3884 3883 3886
3886 3883 3885
3886 3887 3884
3888 3886 3885
3886 3889 3887
3888 3889 3886
3889 3890 3887
3891 3889 3888
3889 3892 3890
3891 3892 3889
3893 3890 3892
3894 3892 3891
3893 3892 3895
3895 3892 3894
3896 3893 3895
3897 3895 3894
3896 3895 3898
3898 3895 3897
3899 3896 3898
3897 3900 3898
3899 3898 3901
3898 3900 3901
3901 3902 3899
3903 3901 3900
3901 3904 3902
3903 3904 3901
3905 3904 3903
3906 3902 3904
3907 3904 3905
3906 3904 3907
3908 3907 3905
3906 3907 3909
3908 3909 3907
3906 3909 3910
3911 3909 3908
3910 3909 3911
3912 3913 3914
3912 3914 3915
3916 3917 3918
3918 3917 3919
3918 3919 3920
3919 3921 3920
3921 3919 3922
3920 3921 3923
3921 3924 3923
3925 3921 3922
3921 3926 3924
3925 3926 3921
3926 3927 3924
3925 3928 3926
3926 3928 3927
3925 3929 3928
3928 3930 3927
3929 3931 3928
3928 3931 3930
3929 3932 3931
3930 3931 3933
3932 3933 3931
3932 3934 3933
3930 3933 3935
3935 3933 3936
3937 3933 3934
3933 3937 3936
3935 3936 3938
3936 3937 3939
3936 3940 3938
3936 3939 3941
3936 3942 3940
3936 3941 3942
3942 3943 3940
3942 3941 3944
3942 3945 3943
3942 3944 3945
3945 3946 3943
3947 3945 3944
3945 3948 3946
3947 3948 3945
3949 3946 3948
3950 3948 3947
3949 3948 3951
3950 3951 3948
3952 3949 3951
3952 3951 3950
3952 3953 3949
3952 3950 3954
3955 3953 3952
3952 3954 3955
3956 3957 3958
3956 3958 3959
3960 3957 3956
3956 3959 3961
3961 3959 3962
3960 3956 3963
3961 3963 3956
3964 3960 3963
3961 3962 3965
3965 3962 3966
3965 3966 3967
3964 3963 3968
3968 3969 3964
3961 3970 3963
3965 3970 3961
3968 3963 3970
3967 3971 3965
3965 3971 3970
3967 3972 3971
3968 3970 3973
3971 3974 3970
3972 3975 3971
3971 3975 3974
3972 3976 3975
3975 3977 3974
3978 3968 3973
3968 3978 3969
3978 3973 3979
3976 3980 3975
3975 3980 3977
3976 3981 3980
3980 3982 3977
3983 3969 3978
3979 3983 3978
3979 3984 3983
3983 3985 3969
3986 3983 3984
3981 3987 3980
3980 3987 3982
3981 3988 3987
3989 3982 3987
3990 3985 3983
3986 3990 3983
3990 3991 3985
3992 3990 3986
3988 3993 3987
3989 3987 3993
3988 3994 3993
3993 3995 3989
3996 3991 3990
3992 3996 3990
3996 3997 3991
3998 3996 3992
3994 3999 3993
3993 3999 3995
3994 4000 3999
4001 3997 3996
3998 4001 3996
4001 4002 3997
4001 3998 4003
4004 3995 3999
4004 3999 4000
4004 4000 4005
4004 4006 3995
4007 4004 4005
4002 4001 4008
4001 4003 4008
4002 4008 4009
4008 4003 4010
4009 4008 4010
4011 4006 4004
4007 4011 4004
4011 4012 4006
4011 4007 4013
4012 4011 4013
4014 1257 1248
1249 4014 1248
4014 4015 1257
1257 4015 1259
4016 1259 4015
4016 4015 4017
4014 4017 4015
4018 4016 4017
1249 4019 4014
4014 4019 4017
1249 4020 4019
4021 4019 4020
4021 4017 4019
4018 4017 4022
4021 4022 4017
4022 4023 4018
4021 4023 4022
834 839 4024
834 4024 4025
851 4024 839
4026 4025 4024
851 4026 4024
4026 4027 4025
851 4028 4026
4028 4027 4026
872 4028 851
4028 4029 4027
4030 4028 872
4030 4029 4028
4030 872 4031
4030 4032 4029
4031 4033 4030
4033 4032 4030
4031 4034 4033
4033 4035 4032
4036 4033 4034
4036 4035 4033
4036 4034 4037
4036 4038 4035
4039 4036 4037
4040 4038 4036
4039 4040 4036
4040 4041 4038
4042 4040 4039
4043 4041 4040
4042 4043 4040
4043 4044 4041
4045 4043 4042
4044 4043 4045
4046 4047 4048
4049 4046 4048
4046 4049 4050
4046 4051 4047
4051 4052 4047
4051 4053 4052
4054 4053 4051
4046 4050 4055
4051 4046 4055
4055 4050 4056
4054 4051 4057
4051 4055 4057
4057 4058 4054
4057 4059 4058
4055 4059 4057
4060 4058 4059
4055 4056 4061
4055 4061 4059
4061 4056 4062
4060 4059 4063
4063 4059 4061
4063 4064 4060
4061 4062 4065
4063 4061 4065
4065 4062 4066
4065 4066 4067
4067 4063 4065
4067 4066 4068
4063 4069 4064
4067 4069 4063
4067 4068 4070
4070 4069 4067
4070 4068 4071
4072 4064 4069
4070 4072 4069
4072 4073 4064
4070 4071 4074
4074 4072 4070
4075 4073 4072
4074 4075 4072
4075 4076 4073
4075 4077 4076
4071 4078 4074
4071 4079 4078
4074 4080 4075
4075 4080 4077
4074 4078 4080
4081 4077 4080
4081 4080 4078
4081 4082 4077
4081 4083 4082
4084 4078 4079
4081 4078 4084
4083 4081 4084
4084 4079 4085
4084 4085 4083
4086 4087 4088
4088 4089 4086
4090 4086 4089
4086 4091 4087
4090 4091 4086
4092 4087 4091
4090 4093 4091
4092 4091 4094
4094 4091 4093
4094 4093 4095
4094 4096 4092
4095 4097 4094
4094 4097 4096
4095 4098 4097
4096 4097 4099
4098 4099 4097
4096 4099 4100
4100 4099 4101
4098 4102 4099
4101 4099 4102
4100 4101 4103
4101 4102 4104
4105 4101 4104
4106 4103 4101
4105 4107 4101
4106 4101 4107
4107 4105 4108
4109 4106 4107
4107 4108 4109
4109 4110 4106
4109 4108 4111
4112 4110 4109
4109 4111 4112
4112 4113 4110
4113 4112 4114
4113 4114 4115
4112 4116 4114
4112 4111 4116
4114 4116 4117
4114 4117 4115
4116 4111 4118
4119 4115 4117
4120 4118 4111
4119 4121 4115
4122 4121 4119
4121 4123 4115
4122 4124 4121
4111 4125 4120
4111 4126 4125
4125 4127 4120
4128 4125 4126
4129 4127 4125
4121 4130 4123
4124 4130 4121
4124 4131 4130
4132 4130 4131
4130 4133 4123
4128 4134 4125
4129 4125 4134
4134 4128 4135
4134 4136 4129
4132 4137 4130
4130 4137 4133
4138 4137 4132
4134 4135 4139
4134 4139 4136
4140 4139 4135
4141 4136 4139
4133 4137 4142
4138 4142 4137
4133 4142 4143
4144 4142 4138
4145 4143 4142
4140 4146 4139
4141 4139 4146
4146 4140 4147
4148 4141 4146
4144 4149 4142
4145 4142 4149
4150 4149 4144
4149 4151 4145
4146 4147 4152
4148 4146 4152
4152 4147 4153
4154 4148 4152
4150 4155 4149
4149 4155 4151
4155 4150 4156
4155 4157 4151
4152 4153 4158
4154 4152 4158
4158 4153 4159
4158 4160 4154
4155 4156 4161
4155 4161 4157
4162 4161 4156
4157 4161 4162
4158 4159 4163
4158 4163 4160
4164 4163 4159
4165 4160 4163
4164 4165 4163
4165 4166 4160
4167 4165 4164
4168 4166 4165
4167 4168 4165
4168 4169 4166
4170 4168 4167
4170 4169 4168
4171 4172 4173
4174 4171 4173
4174 4175 4171
4171 4176 4172
4171 4175 4177
4178 4176 4171
4171 4177 4178
4178 4179 4176
4180 4178 4177
4181 4179 4178
4180 4181 4178
4181 4182 4179
4181 4183 4182
4184 4181 4180
4181 4184 4183
4184 4180 4185
4184 4186 4183
4187 4184 4185
4184 4187 4186
4187 4185 4188
4187 4189 4186
4190 4187 4188
4187 4190 4189
4190 4188 4191
4190 4192 4189
4190 4191 4193
4190 4194 4192
4190 4193 4194
4195 4192 4194
4196 4194 4193
4195 4194 4197
4196 4197 4194
4195 4197 4198
4198 4197 4196
4199 4200 4201
4202 4200 4199
4202 4199 4203
4202 4203 4204
4203 4205 4204
4199 4205 4203
4199 4206 4205
4199 4207 4206
4199 4208 4207
4199 4201 4208
4209 4207 4208
4210 4208 4201
4209 4208 4210
4210 4201 4211
4212 4209 4210
4213 4210 4211
4212 4210 4214
4213 4214 4210
4214 4215 4212
4214 4213 4216
4214 4217 4215
4214 4216 4217
4217 4218 4215
4219 4217 4216
4217 4219 4218
4219 4216 4220
4221 4218 4219
4222 4219 4220
4221 4219 4222
4222 4220 4223
4222 4224 4221
4223 4225 4222
4222 4225 4224
4223 4226 4225
4225 4227 4224
4226 4228 4225
4225 4228 4227
4229 4227 4228
4230 4229 4228
4226 2071 4228
4230 4228 4231
2071 4231 4228
4232 4230 4231
4231 4233 4232
2071 4234 4231
4231 4234 4233
2067 4234 2071
2067 4233 4234
4235 4236 4237
4235 4237 4238
4235 4238 4239
4239 4238 4240
4241 4236 4235
4241 4235 4239
4239 4240 4242
4242 4240 4243
4244 4236 4241
4236 4244 4245
4246 4245 4244
4241 4239 4247
4244 4241 4247
4247 4239 4242
4246 4244 4248
4244 4247 4248
4249 4246 4248
4242 4243 4250
4250 4243 4251
4247 4242 4252
4248 4247 4252
4252 4242 4250
4249 4248 4253
4248 4252 4253
4250 4251 4254
4254 4251 4255
4254 4255 4256
4252 4250 4257
4253 4252 4257
4257 4250 4254
4249 4253 4258
4253 4257 4258
4249 4258 4259
4260 4254 4256
4257 4254 4260
4258 4257 4260
4260 4256 4261
4260 4261 4262
4263 4259 4258
4258 4260 4263
4260 4262 4263
4263 4264 4259
4263 4262 4265
4263 4265 4264
4266 4267 4268
4266 4268 4269
4266 4270 4267
4270 4271 4267
4266 4269 4272
4272 4269 4273
4274 4266 4272
4274 4270 4266
4270 4275 4271
4275 4276 4271
4277 4272 4273
4274 4272 4277
4274 4278 4270
4278 4275 4270
4275 4279 4276
4279 4280 4276
4281 4277 4273
4273 4282 4281
4283 4281 4282
4284 4274 4277
4284 4277 4281
4283 4284 4281
4284 4278 4274
4285 4284 4283
4278 4286 4275
4286 4279 4275
4284 4287 4278
4285 4287 4284
4287 4286 4278
4285 4288 4287
4287 4288 4286
4285 4289 4288
4286 4290 4279
4288 4290 4286
4291 4288 4289
4288 4291 4290
4291 4289 4292
4290 4293 4279
4279 4293 4280
4293 4294 4280
4293 4295 4294
4290 4296 4293
4296 4295 4293
4291 4296 4290
4296 4297 4295
4296 4298 4297
4299 4291 4292
4291 4299 4296
4296 4299 4298
4299 4292 4300
4299 4301 4298
4299 4300 4301
3000 4302 3001
4303 3001 4302
4304 4302 3000
2999 4304 3000
3014 4304 2999
4303 4302 4305
4305 4306 4303
4304 3014 4307
3015 4307 3014
4308 4307 3015
4304 4309 4302
4304 4307 4309
4305 4302 4309
4310 4309 4307
4308 4310 4307
4305 4309 4310
4305 4311 4306
4310 4311 4305
4306 4311 4312
4308 4313 4310
4310 4313 4311
4311 4313 4312
4308 4314 4313
4313 4314 4312
4315 4316 4317
4316 4318 4317
4315 4319 4316
4320 4319 4315
4320 4321 4319
4322 4321 4320
4316 4323 4318
4324 4318 4323
4324 4325 4318
4325 4324 4326
4326 4324 4327
4327 4324 4323
4326 4327 4328
4326 4328 4329
4328 4330 4329
4328 4331 4330
4328 4327 4331
4331 4332 4330
4331 4327 4333
4332 4331 4333
4327 4323 4333
4332 4333 4334
4335 4334 4333
4336 4333 4323
4335 4333 4336
4336 4323 4316
4337 4335 4336
4338 4336 4316
4337 4336 4338
4338 4316 4319
4339 4337 4338
4340 4338 4319
4339 4338 4340
4340 4319 4321
4341 4339 4340
4342 4340 4321
4341 4340 4342
4342 4321 4343
4322 4343 4321
4344 4341 4342
4344 4342 4343
4344 4345 4341
4346 4345 4344
4347 4343 4322
4344 4343 4347
4344 4347 4346
4347 4322 4348
4347 4348 4346
4349 4350 4351
4349 4352 4350
4349 4351 4353
4353 4351 4354
4355 4353 4354
4355 4349 4353
4355 4356 4349
4349 4357 4352
4356 4357 4349
4356 4358 4357
4357 4358 4359
4357 4360 4352
4357 4359 4361
4357 4361 4360
4362 4361 4359
4363 4360 4361
4362 4363 4361
4363 4364 4360
4365 4363 4362
4366 4364 4363
4365 4366 4363
4366 4367 4364
4368 4366 4365
4369 4367 4366
4368 4369 4366
4369 4370 4367
4371 4370 4369
4368 4372 4369
4371 4369 4372
4372 4368 4373
4372 4374 4371
4372 4373 4374
4375 4376 4377
4378 4376 4375
4378 4375 4379
4380 4379 4375
4380 4375 4381
4375 4377 4382
4381 4375 4382
4382 4377 4383
4381 4382 4384
4382 4383 4385
4384 4382 4385
4384 4385 4386
4385 4383 4387
4386 4385 4388
4385 4387 4388
4386 4388 4389
4390 4388 4387
4389 4388 4390
4389 4390 4391
4390 4387 4392
4393 4391 4390
4394 4390 4392
4393 4390 4394
4394 4392 4395
4396 4393 4394
4397 4394 4395
4396 4394 4397
4397 4395 4398
4396 4397 4399
4397 4398 4399
