byte offset: 0
first index: 51270
index count: 1578
topology: trianglelist
format: DXGI_FORMAT_R16_UINT

13775 13776 13777
13775 13777 13778
13779 13780 13776
13779 13776 13775
13781 13782 13783
13784 13783 13785
13784 13785 13786
13787 13788 13786
13787 13786 13785
13789 13790 13788
13789 13788 13787
13791 13792 13790
13791 13790 13789
13792 13791 13793
13792 13793 13794
13793 13795 13796
13793 13796 13794
13795 13797 13798
13795 13798 13796
13797 13799 13800
13797 13800 13798
13799 13801 13802
13799 13802 13800
13803 13804 13805
13806 13807 13808
13808 13809 13810
13808 13810 13806
13780 13779 13782
13780 13782 13781
13811 13812 13813
13811 13813 13814
13815 13816 13812
13815 13812 13811
13817 13818 13819
13817 13819 13820
13821 13822 13818
13821 13818 13817
13823 13824 13822
13823 13822 13821
13825 13826 13824
13825 13824 13823
13827 13828 13826
13827 13826 13825
13829 13793 13791
13829 13791 13830
13795 13793 13829
13795 13829 13831
13797 13795 13831
13797 13831 13832
13799 13797 13832
13799 13832 13833
13801 13799 13833
13801 13833 13834
13834 13835 13805
13834 13805 13801
13808 13836 13837
13808 13837 13838
13809 13808 13838
13809 13838 13839
13820 13819 13816
13820 13816 13815
13840 13841 13842
13840 13842 13843
13844 13840 13843
13844 13843 13845
13846 13847 13848
13846 13848 13849
13849 13848 13850
13849 13850 13851
13851 13850 13852
13851 13852 13853
13853 13852 13854
13853 13854 13855
13855 13854 13856
13855 13856 13857
13858 13857 13856
13858 13856 13859
13859 13860 13861
13859 13861 13858
13860 13862 13863
13860 13863 13861
13862 13864 13865
13862 13865 13863
13864 13866 13867
13864 13867 13865
13866 13868 13869
13866 13869 13867
13868 13870 13871
13868 13871 13869
13870 13872 13873
13870 13873 13871
13873 13872 13874
13873 13874 13875
13846 13844 13845
13846 13845 13847
13814 13876 13877
13814 13877 13811
13811 13877 13878
13811 13878 13815
13820 13879 13880
13820 13880 13817
13817 13880 13881
13817 13881 13821
13821 13881 13882
13821 13882 13823
13823 13882 13883
13823 13883 13825
13825 13883 13884
13825 13884 13827
13884 13885 13886
13884 13886 13827
13885 13887 13888
13885 13888 13886
13887 13889 13890
13887 13890 13888
13889 13891 13892
13889 13892 13890
13891 13893 13894
13891 13894 13892
13893 13895 13896
13893 13896 13894
13895 13897 13898
13895 13898 13896
13897 13899 13900
13897 13900 13898
13899 13901 13902
13899 13902 13900
13815 13878 13879
13815 13879 13820
13841 13840 13877
13841 13877 13876
13844 13878 13877
13844 13877 13840
13849 13880 13879
13849 13879 13846
13851 13881 13880
13851 13880 13849
13853 13882 13881
13853 13881 13851
13855 13883 13882
13855 13882 13853
13857 13884 13883
13857 13883 13855
13858 13885 13884
13858 13884 13857
13887 13885 13858
13887 13858 13861
13889 13887 13861
13889 13861 13863
13891 13889 13863
13891 13863 13865
13893 13891 13865
13893 13865 13867
13895 13893 13867
13895 13867 13869
13897 13895 13869
13897 13869 13871
13899 13897 13871
13899 13871 13873
13901 13899 13873
13901 13873 13875
13846 13879 13878
13846 13878 13844
13903 13904 13905
13903 13905 13906
13903 13907 13908
13903 13908 13904
13909 13910 13911
13909 13911 13912
13910 13913 13914
13910 13914 13911
13913 13915 13916
13913 13916 13914
13915 13917 13918
13915 13918 13916
13917 13919 13920
13917 13920 13918
13921 13922 13920
13921 13920 13919
13923 13924 13922
13923 13922 13921
13923 13925 13926
13923 13926 13924
13927 13928 13926
13927 13926 13925
13927 13929 13930
13927 13930 13928
13929 13931 13932
13929 13932 13930
13931 13933 13934
13931 13934 13932
13935 13936 13934
13935 13934 13933
13937 13938 13936
13937 13936 13935
13907 13909 13912
13907 13912 13908
13808 13807 13939
13778 13813 13812
13778 13812 13775
13775 13812 13816
13775 13816 13779
13782 13819 13818
13782 13818 13940
13940 13818 13822
13940 13822 13941
13785 13941 13942
13785 13942 13787
13787 13942 13943
13787 13943 13789
13789 13943 13830
13789 13830 13791
13886 13944 13828
13886 13828 13827
13945 13944 13886
13945 13886 13888
13946 13945 13888
13946 13888 13890
13947 13946 13890
13947 13890 13892
13948 13947 13892
13948 13892 13894
13949 13948 13894
13949 13894 13896
13896 13898 13837
13896 13837 13949
13838 13837 13898
13838 13898 13900
13839 13838 13900
13839 13900 13902
13779 13816 13819
13779 13819 13782
13803 13805 13939
13939 13805 13835
13939 13835 13836
13801 13805 13804
13801 13804 13802
13781 13783 13784
13941 13785 13783
13941 13783 13940
13836 13835 13949
13836 13949 13837
13835 13834 13948
13835 13948 13949
13834 13833 13947
13834 13947 13948
13833 13832 13946
13833 13946 13947
13832 13831 13945
13832 13945 13946
13831 13829 13944
13831 13944 13945
13944 13829 13830
13944 13830 13828
13828 13830 13943
13828 13943 13826
13826 13943 13942
13826 13942 13824
13824 13942 13941
13824 13941 13822
13808 13939 13836
13803 13939 13807
13783 13782 13940
13950 13951 13952
13950 13952 13953
13954 13950 13953
13954 13953 13955
13956 13957 13958
13959 13960 13961
13959 13961 13957
13962 13961 13960
13962 13960 13963
13964 13962 13963
13964 13963 13965
13966 13964 13965
13966 13965 13967
13967 13968 13969
13967 13969 13966
13969 13968 13970
13969 13970 13971
13971 13970 13972
13971 13972 13973
13973 13972 13974
13973 13974 13975
13975 13974 13976
13975 13976 13977
13978 13979 13980
13981 13982 13983
13982 13981 13984
13982 13984 13985
13955 13956 13958
13955 13958 13954
13986 13987 13988
13986 13988 13989
13990 13986 13989
13990 13989 13991
13992 13993 13994
13992 13994 13995
13996 13992 13995
13996 13995 13997
13998 13996 13997
13998 13997 13999
14000 13998 13999
14000 13999 14001
14002 14000 14001
14002 14001 14003
14004 14005 13966
14004 13966 13969
13971 14006 14004
13971 14004 13969
13973 14007 14006
13973 14006 13971
13975 14008 14007
13975 14007 13973
13977 14009 14008
13977 14008 13975
14009 13977 13979
14009 13979 14010
13982 14011 14012
13982 14012 14013
13985 14014 14011
13985 14011 13982
13993 13990 13991
13993 13991 13994
14015 14016 14017
14015 14017 14018
14019 14020 14016
14019 14016 14015
14021 14022 14023
14021 14023 14024
14022 14025 14026
14022 14026 14023
14025 14027 14028
14025 14028 14026
14027 14029 14030
14027 14030 14028
14029 14031 14032
14029 14032 14030
14033 14034 14032
14033 14032 14031
14034 14033 14035
14034 14035 14036
14036 14035 14037
14036 14037 14038
14038 14037 14039
14038 14039 14040
14040 14039 14041
14040 14041 14042
14042 14041 14043
14042 14043 14044
14044 14043 14045
14044 14045 14046
14046 14045 14047
14046 14047 14048
14047 14049 14050
14047 14050 14048
14021 14024 14020
14021 14020 14019
13987 13986 14051
13987 14051 14052
13986 13990 14053
13986 14053 14051
13993 13992 14054
13993 14054 14055
13992 13996 14056
13992 14056 14054
13996 13998 14057
13996 14057 14056
13998 14000 14058
13998 14058 14057
14000 14002 14059
14000 14059 14058
14059 14002 14060
14059 14060 14061
14061 14060 14062
14061 14062 14063
14063 14062 14064
14063 14064 14065
14065 14064 14066
14065 14066 14067
14067 14066 14068
14067 14068 14069
14069 14068 14070
14069 14070 14071
14071 14070 14072
14071 14072 14073
14073 14072 14074
14073 14074 14075
14075 14074 14076
14075 14076 14077
13990 13993 14055
13990 14055 14053
14018 14052 14051
14018 14051 14015
14019 14015 14051
14019 14051 14053
14022 14021 14055
14022 14055 14054
14025 14022 14054
14025 14054 14056
14027 14025 14056
14027 14056 14057
14029 14027 14057
14029 14057 14058
14031 14029 14058
14031 14058 14059
14059 14061 14033
14059 14033 14031
14063 14035 14033
14063 14033 14061
14065 14037 14035
14065 14035 14063
14067 14039 14037
14067 14037 14065
14069 14041 14039
14069 14039 14067
14071 14043 14041
14071 14041 14069
14073 14045 14043
14073 14043 14071
14075 14047 14045
14075 14045 14073
14077 14049 14047
14077 14047 14075
14021 14019 14053
14021 14053 14055
14078 14079 14080
14078 14080 14081
14078 14081 14082
14078 14082 14083
14084 14085 14086
14084 14086 14087
14087 14086 14088
14087 14088 14089
14089 14088 14090
14089 14090 14091
14091 14090 14092
14091 14092 14093
14093 14092 14094
14093 14094 14095
14096 14095 14094
14096 14094 14097
14098 14096 14097
14098 14097 14099
14098 14099 14100
14098 14100 14101
14102 14101 14100
14102 14100 14103
14102 14103 14104
14102 14104 14105
14105 14104 14106
14105 14106 14107
14107 14106 14108
14107 14108 14109
14110 14109 14108
14110 14108 14111
14112 14110 14111
14112 14111 14113
14083 14082 14085
14083 14085 14084
13982 14114 13983
13951 13950 13989
13951 13989 13988
13950 13954 13991
13950 13991 13989
13958 14115 13995
13958 13995 13994
14115 14116 13997
14115 13997 13995
13961 13962 14117
13961 14117 14116
13962 13964 14118
13962 14118 14117
13964 13966 14005
13964 14005 14118
14060 14002 14003
14060 14003 14119
14120 14062 14060
14120 14060 14119
14121 14064 14062
14121 14062 14120
14122 14066 14064
14122 14064 14121
14123 14068 14066
14123 14066 14122
14124 14070 14068
14124 14068 14123
14070 14124 14012
14070 14012 14072
14011 14074 14072
14011 14072 14012
14014 14076 14074
14014 14074 14011
13954 13958 13994
13954 13994 13991
13978 14114 13979
14114 14013 14010
14114 14010 13979
13977 13976 13980
13977 13980 13979
13956 13959 13957
14116 14115 13957
14116 13957 13961
14013 14012 14124
14013 14124 14010
14010 14124 14123
14010 14123 14009
14009 14123 14122
14009 14122 14008
14008 14122 14121
14008 14121 14007
14007 14121 14120
14007 14120 14006
14006 14120 14119
14006 14119 14004
14119 14003 14005
14119 14005 14004
14003 14001 14118
14003 14118 14005
14001 13999 14117
14001 14117 14118
13999 13997 14116
13999 14116 14117
13982 14013 14114
13978 13983 14114
13957 14115 13958
