byte offset: 0
first index: 0
index count: 1560
topology: trianglelist
format: DXGI_FORMAT_R16_UINT

0 1 2
0 2 3
4 5 6
4 6 2
7 8 9
1 10 11
1 11 12
13 14 4
13 4 15
16 17 18
16 18 19
20 7 21
20 21 22
23 24 25
23 25 26
6 27 3
6 3 2
10 1 0
10 0 28
16 15 2
28 0 8
28 8 29
9 21 7
30 31 32
30 32 33
4 14 5
27 34 9
27 9 3
35 9 34
35 34 36
2 17 16
37 38 39
40 38 41
40 41 42
43 44 45
43 45 46
47 48 42
47 42 41
49 50 51
50 52 53
53 52 54
53 54 55
42 48 56
42 56 57
42 57 55
42 55 40
48 45 58
48 58 56
55 54 40
40 54 59
40 59 38
37 41 38
60 61 53
60 53 62
62 53 55
62 55 63
57 56 64
57 64 65
63 55 57
63 57 65
56 58 66
56 66 64
67 68 69
67 69 70
71 72 73
71 73 37
74 68 67
74 67 75
76 77 78
76 78 79
80 81 47
80 47 41
37 73 80
37 80 41
81 82 46
81 46 47
77 74 75
77 75 78
72 71 83
72 83 69
84 85 86
84 86 87
88 89 90
88 90 91
92 93 89
92 89 88
94 84 87
94 87 95
96 91 84
96 84 94
97 98 99
97 99 100
101 102 98
101 98 97
99 98 80
98 102 81
103 74 104
105 72 69
105 69 106
103 68 74
107 108 109
107 109 110
93 92 109
93 109 111
103 112 113
103 113 106
106 113 114
106 114 105
100 99 115
100 115 116
72 105 115
72 115 73
73 115 99
73 99 80
108 107 117
108 117 118
112 103 104
112 104 119
120 92 88
120 88 121
108 122 111
108 111 109
92 120 110
92 110 109
121 88 91
121 91 96
123 124 87
123 87 86
104 77 76
104 76 125
91 90 85
91 85 84
118 126 122
118 122 108
116 115 105
116 105 114
68 106 69
95 87 124
95 124 127
102 101 128
102 128 129
81 102 82
119 104 125
119 125 130
118 117 131
118 131 132
126 118 132
126 132 133
39 134 71
39 71 37
39 38 135
39 135 136
83 71 137
36 138 35
35 23 26
138 139 32
138 32 35
134 39 136
53 61 140
35 32 23
23 32 31
23 31 24
11 18 17
11 17 12
2 1 12
15 16 19
15 19 13
15 4 2
22 21 26
22 26 25
21 9 35
21 35 26
71 134 137
29 8 7
29 7 20
8 0 3
8 3 9
69 83 70
50 53 141
50 141 51
53 140 141
62 142 60
2 12 17
80 98 81
143 102 129
74 77 104
68 103 106
59 135 38
45 48 47
45 47 46
58 45 44
58 44 144
58 144 145
58 145 66
82 143 43
82 43 46
102 143 82
32 139 33
117 119 130
117 130 131
107 112 119
107 119 117
110 113 112
110 112 107
120 114 113
120 113 110
121 116 114
121 114 120
96 100 116
96 116 121
100 96 94
100 94 97
95 101 97
95 97 94
101 95 127
101 127 128
146 147 148
146 148 149
150 151 152
153 154 155
156 157 158
156 158 159
147 160 161
147 161 148
162 163 146
162 146 149
164 156 159
164 159 165
166 165 159
147 167 160
152 163 168
169 168 170
169 170 171
172 173 150
172 150 174
175 176 151
159 158 167
159 167 166
176 175 177
173 172 177
173 177 175
173 175 151
160 158 157
160 157 161
167 158 160
147 146 167
165 155 154
165 154 164
166 155 165
150 173 151
150 152 169
169 171 174
169 174 150
152 168 169
166 153 155
163 162 170
163 170 168
152 167 146
152 146 163
153 178 154
179 180 181
179 181 182
183 181 184
183 184 185
186 187 188
189 190 182
189 182 191
183 192 193
183 193 194
195 196 197
195 197 198
199 200 201
199 201 186
202 203 204
202 204 205
184 181 180
184 180 206
179 182 190
179 190 207
195 181 194
188 179 207
188 207 208
187 186 201
209 210 211
209 211 212
183 185 192
206 180 187
206 187 213
214 215 213
214 213 187
181 195 198
216 217 218
219 218 220
219 220 221
222 223 224
222 224 225
221 226 227
221 227 219
228 229 230
230 231 232
233 232 231
233 231 234
221 235 236
221 236 226
221 220 234
221 234 235
226 236 237
226 237 222
234 220 233
220 238 233
220 218 238
216 218 219
231 239 240
231 240 241
234 231 241
234 241 242
235 243 244
235 244 236
235 234 242
235 242 243
236 244 245
236 245 237
246 247 248
246 248 249
250 216 251
250 251 252
253 254 248
253 248 247
255 256 257
255 257 258
227 259 260
227 260 219
216 219 260
216 260 251
259 227 225
259 225 261
258 257 254
258 254 253
262 250 252
262 252 246
263 264 265
263 265 266
267 268 269
267 269 270
270 271 272
270 272 267
264 263 273
264 273 274
275 273 263
275 263 268
276 277 278
276 278 279
280 276 279
280 279 281
278 260 279
279 259 281
282 283 253
284 285 246
284 246 252
282 253 247
286 287 288
286 288 289
286 272 271
286 271 290
282 285 291
282 291 292
293 291 285
293 285 284
294 278 277
294 277 295
294 284 252
294 252 251
251 260 278
251 278 294
296 288 287
296 287 297
283 282 292
283 292 298
267 272 299
267 299 300
290 301 287
290 287 286
289 299 272
289 272 286
268 267 300
268 300 275
302 265 264
302 264 303
283 304 255
283 255 258
268 263 266
268 266 269
301 305 297
301 297 287
284 294 295
284 295 293
247 246 285
274 306 303
274 303 264
281 307 308
281 308 280
259 261 281
298 309 304
298 304 283
297 310 311
297 311 296
305 312 310
305 310 297
250 313 217
250 217 216
314 218 217
314 217 315
262 316 250
215 214 317
214 205 204
317 214 211
317 211 318
313 315 217
231 319 239
214 204 211
204 203 212
204 212 211
189 191 198
189 198 197
181 191 182
194 193 196
194 196 195
194 181 183
205 201 200
205 200 202
214 187 201
214 201 205
250 316 313
186 188 208
186 208 199
188 180 179
188 187 180
246 249 262
230 229 320
230 320 231
231 320 319
241 240 321
181 198 191
260 259 279
322 307 281
253 283 258
247 285 282
238 218 314
222 225 227
222 227 226
223 222 237
223 237 323
237 245 324
237 324 323
261 225 224
261 224 322
281 261 322
211 210 318
296 311 309
296 309 298
298 292 288
298 288 296
289 288 292
289 292 291
291 293 299
291 299 289
300 299 293
300 293 295
275 300 295
275 295 277
277 276 273
277 273 275
274 273 276
274 276 280
280 308 306
280 306 274
325 326 327
325 327 328
329 330 331
332 333 334
335 336 337
335 337 338
326 325 339
326 339 340
327 341 342
327 342 328
336 335 343
336 343 344
345 336 344
326 340 346
330 347 341
348 347 349
348 349 350
329 351 352
329 352 353
354 331 355
346 337 336
346 336 345
355 356 354
356 352 351
356 351 354
351 331 354
340 339 338
340 338 337
346 340 337
326 346 327
344 343 334
344 334 333
345 344 333
329 331 351
329 349 330
353 350 349
353 349 329
330 349 347
345 333 332
348 342 341
348 341 347
330 341 327
330 327 346
332 334 357
